0 0.003906 0.621991 0.007324 0.023611
0 0.008423 0.541435 0.016357 0.023611
0 0.018188 0.477315 0.016846 0.023148
0 0.101929 0.484259 0.016846 0.025926
0 0.102905 0.555093 0.013916 0.025000
0 0.087891 0.652315 0.013672 0.021296
0 0.094116 0.712500 0.013916 0.018519
0 0.071167 0.788426 0.019287 0.025000
0 0.140137 0.758102 0.016602 0.025463
0 0.159180 0.685648 0.012695 0.024074
0 0.163574 0.597685 0.013184 0.021296
0 0.160767 0.530093 0.013916 0.023148
0 0.166992 0.438194 0.014160 0.024537
0 0.191772 0.303935 0.012451 0.023611
0 0.129028 0.321065 0.014893 0.029167
0 0.125244 0.265278 0.014160 0.025000
0 0.196167 0.248148 0.010986 0.023148
0 0.207397 0.174537 0.011963 0.025926
0 0.140503 0.192361 0.015869 0.029167
0 0.139893 0.113194 0.012695 0.031019
0 0.057739 0.173148 0.015381 0.030556
0 0.046143 0.115972 0.014160 0.030093
0 0.046265 0.262269 0.012451 0.021759
0 0.028320 0.402315 0.007324 0.022222
0 0.116943 0.405324 0.010742 0.021759
0 0.290039 0.402315 0.013672 0.025000
0 0.278809 0.551620 0.015137 0.028241
0 0.300415 0.332639 0.011963 0.028241
0 0.304199 0.255787 0.010742 0.023611
0 0.308716 0.193750 0.011963 0.029167
0 0.213989 0.110185 0.009521 0.020370
0 0.197266 0.089815 0.008301 0.018519
0 0.137817 0.052546 0.010498 0.026389
0 0.204956 0.028704 0.010010 0.022222
0 0.011597 0.020833 0.015381 0.032407
0 0.013184 0.081019 0.015137 0.025000
0 0.076660 0.890972 0.017090 0.024537
0 0.124634 0.946759 0.018311 0.027778
0 0.070068 0.985417 0.014648 0.025463
0 0.116943 0.844676 0.013184 0.026389
0 0.154175 0.853472 0.010010 0.019907
0 0.270874 0.707407 0.012939 0.026852
0 0.266968 0.799769 0.013916 0.027315
0 0.258789 0.874074 0.010742 0.019444
0 0.332153 0.929630 0.012451 0.024074
0 0.330444 0.851852 0.011475 0.022222
0 0.343018 0.752778 0.009277 0.018519
0 0.341797 0.678472 0.012695 0.026389
0 0.348755 0.594907 0.011963 0.024074
0 0.356689 0.514583 0.011230 0.023611
0 0.353394 0.371759 0.012939 0.024074
0 0.352661 0.450000 0.010010 0.022222
0 0.295166 0.475000 0.008789 0.020370
0 0.363892 0.304398 0.011475 0.023611
0 0.361572 0.216667 0.012695 0.028704
0 0.375244 0.158102 0.011719 0.026389
0 0.301514 0.120139 0.011230 0.029167
0 0.320190 0.009954 0.010986 0.018981
0 0.317139 0.057407 0.008301 0.025926
0 0.424561 0.895833 0.010742 0.021296
0 0.438599 0.900231 0.010986 0.021759
0 0.440063 0.798380 0.008545 0.025463
0 0.441895 0.728241 0.011719 0.022222
0 0.447998 0.646296 0.011719 0.026852
0 0.446289 0.563657 0.012207 0.028241
0 0.444458 0.401620 0.010498 0.025463
0 0.455078 0.331019 0.010742 0.027778
0 0.453979 0.266435 0.010498 0.022685
0 0.457275 0.176389 0.009277 0.034259
0 0.460083 0.043056 0.010986 0.034259
0 0.509277 0.164815 0.011230 0.023148
0 0.516357 0.215509 0.011719 0.028241
0 0.522339 0.087731 0.010498 0.026389
0 0.513916 0.364120 0.010742 0.022685
0 0.510742 0.434954 0.010742 0.024537
0 0.510742 0.516435 0.011230 0.026389
0 0.509644 0.594213 0.010010 0.021759
0 0.500122 0.694444 0.010010 0.023148
0 0.510986 0.764583 0.010742 0.023611
0 0.511841 0.849306 0.012939 0.026389
0 0.517456 0.931019 0.010010 0.023148
0 0.703125 0.973380 0.013184 0.025463
0 0.636597 0.929398 0.014893 0.026389
0 0.696777 0.898843 0.012207 0.024537
0 0.632446 0.830787 0.012451 0.025463
0 0.685059 0.799537 0.010254 0.020370
0 0.699341 0.716435 0.013428 0.023611
0 0.628052 0.755093 0.012451 0.022222
0 0.630127 0.678935 0.012207 0.024537
0 0.631470 0.583565 0.013428 0.024537
0 0.692993 0.561111 0.011963 0.025926
0 0.710815 0.631481 0.015381 0.023148
0 0.624878 0.504861 0.011963 0.025463
0 0.633179 0.421296 0.010010 0.021296
0 0.635498 0.349074 0.011719 0.023148
0 0.637573 0.283333 0.011475 0.023148
0 0.640503 0.204167 0.011963 0.025926
0 0.635620 0.129861 0.010010 0.020833
0 0.633545 0.055787 0.012695 0.034722
0 0.690674 0.031250 0.011230 0.033796
0 0.692261 0.159259 0.011963 0.029630
0 0.700806 0.237500 0.008057 0.025926
0 0.691650 0.306250 0.012207 0.029167
0 0.698486 0.399769 0.012207 0.027315
0 0.696289 0.463194 0.011719 0.025463
0 0.809814 0.976157 0.014648 0.024537
0 0.817749 0.900463 0.013916 0.025926
0 0.814941 0.805324 0.016602 0.023611
0 0.803101 0.713889 0.014404 0.023148
0 0.818970 0.632407 0.015869 0.020370
0 0.806396 0.550231 0.014648 0.024537
0 0.801636 0.479398 0.012451 0.025463
0 0.807495 0.382176 0.016357 0.025463
0 0.796509 0.318750 0.010498 0.020833
0 0.796509 0.225926 0.014404 0.034259
0 0.797363 0.169444 0.017578 0.029630
0 0.799194 0.096759 0.013428 0.025926
0 0.795410 0.028704 0.009277 0.030556
0 0.853760 0.057639 0.013184 0.029167
0 0.852051 0.133333 0.010742 0.024074
0 0.855225 0.199537 0.012695 0.026852
0 0.868286 0.267593 0.012939 0.025926
0 0.860718 0.357407 0.011963 0.020370
0 0.862549 0.419676 0.013184 0.023611
0 0.876099 0.595833 0.015381 0.022222
0 0.867798 0.509722 0.010498 0.024074
0 0.876465 0.671528 0.015625 0.026389
0 0.879395 0.766898 0.014648 0.020833
0 0.894775 0.945139 0.014648 0.026389
0 0.995605 0.735185 0.008301 0.025000
0 0.995239 0.637963 0.009033 0.028704
0 0.991577 0.542593 0.016357 0.028704
0 0.984253 0.394213 0.020264 0.026389
0 0.983887 0.309028 0.020508 0.034722
0 0.980835 0.172454 0.019775 0.027315
0 0.975708 0.107870 0.011963 0.022222
0 0.951660 0.038426 0.009277 0.027778
0 0.521729 0.035648 0.010254 0.021296
0 0.384155 0.085880 0.010986 0.031019
0 0.380615 0.013657 0.010254 0.026389