0 0.065918 0.099074 0.020020 0.037037
0 0.025024 0.179167 0.029053 0.045370
0 0.236938 0.166204 0.020752 0.038889
0 0.208984 0.278704 0.016113 0.030556
0 0.178223 0.379861 0.018066 0.035648
0 0.147339 0.527083 0.023193 0.031019
0 0.121338 0.642130 0.024414 0.034259
0 0.244507 0.627083 0.017334 0.028241
0 0.225586 0.783102 0.020020 0.037500
0 0.088257 0.736806 0.011963 0.022685
0 0.063599 0.850000 0.023682 0.027778
0 0.029541 0.984954 0.026367 0.026389
0 0.159668 0.984259 0.024414 0.028704
0 0.360229 0.899769 0.013916 0.037500
0 0.402344 0.649537 0.018555 0.037037
0 0.433228 0.545139 0.016846 0.032870
0 0.282227 0.509491 0.018066 0.031944
0 0.296265 0.384491 0.018311 0.035648
0 0.453613 0.412037 0.014160 0.029630
0 0.331543 0.260417 0.017578 0.043981
0 0.474731 0.289120 0.013428 0.033796
0 0.361816 0.175463 0.014160 0.031481
0 0.391357 0.069444 0.015137 0.038889
0 0.516602 0.081713 0.012207 0.031944
0 0.512939 0.186806 0.019531 0.041204
0 0.641357 0.086574 0.015137 0.036111
0 0.625244 0.197685 0.015625 0.032407
0 0.591919 0.315278 0.016357 0.036111
0 0.830078 0.086343 0.011230 0.031944
0 0.795044 0.213426 0.013916 0.034259
0 0.952393 0.094907 0.029297 0.035185
0 0.924927 0.214120 0.028564 0.035648
0 0.898071 0.280787 0.020264 0.030093
0 0.922119 0.361574 0.014648 0.024074
0 0.878174 0.446065 0.019531 0.029167
0 0.750732 0.428704 0.020508 0.037037
0 0.841064 0.541898 0.016113 0.027315
0 0.828857 0.662269 0.016113 0.030093
0 0.815186 0.804167 0.020996 0.037037
0 0.966064 0.859722 0.026855 0.037963
0 0.989746 0.744907 0.016113 0.029630
0 0.781738 0.907407 0.025391 0.037963
0 0.666382 0.922222 0.018799 0.043519
0 0.683105 0.762500 0.021484 0.039815
0 0.502075 0.801389 0.018311 0.041667
0 0.539673 0.667130 0.016846 0.030556
0 0.555664 0.557176 0.018066 0.034722
0 0.584717 0.449537 0.016113 0.031481