0 0.016357 0.431019 0.011230 0.027778
0 0.096680 0.518519 0.011230 0.025926
0 0.200806 0.488889 0.008545 0.025926
0 0.218628 0.459722 0.009521 0.024074
0 0.244507 0.420370 0.007080 0.018519
0 0.251465 0.421991 0.007324 0.019907
0 0.325317 0.491204 0.010010 0.026852
0 0.345581 0.444676 0.006104 0.028241
0 0.357178 0.511343 0.008789 0.025463
0 0.418945 0.521296 0.014648 0.039815
0 0.419189 0.468981 0.008301 0.027778
0 0.375488 0.380324 0.005371 0.016204
0 0.523682 0.517361 0.007812 0.021759
0 0.513306 0.599306 0.012939 0.024537
0 0.557739 0.589583 0.011963 0.032870
0 0.598999 0.573843 0.016357 0.043056
0 0.613770 0.447454 0.014160 0.032870
0 0.720215 0.429861 0.008789 0.027315
0 0.716309 0.395370 0.008789 0.024074
0 0.720337 0.470833 0.010986 0.033333
0 0.730591 0.530787 0.007080 0.020833
0 0.738403 0.567130 0.016357 0.034259
0 0.718018 0.369444 0.006836 0.014815
0 0.725464 0.632176 0.014893 0.037500
0 0.781982 0.629167 0.014648 0.034259
0 0.834595 0.617130 0.020752 0.037037
0 0.806396 0.505324 0.007812 0.031944
0 0.823364 0.563194 0.010010 0.021759
0 0.802002 0.435648 0.012695 0.027778
0 0.843506 0.278009 0.008301 0.022685
0 0.704224 0.282407 0.006592 0.014815
0 0.703491 0.306944 0.004150 0.013889
0 0.988403 0.685880 0.014893 0.034722
0 0.957520 0.606481 0.011719 0.026852
0 0.934082 0.548843 0.010254 0.027315
0 0.931885 0.508565 0.013672 0.031944
0 0.449341 0.330324 0.007568 0.016204
0 0.299194 0.321759 0.004639 0.014815
0 0.540894 0.377083 0.011475 0.023611