0 0.023560 0.075926 0.020752 0.041667
0 0.015503 0.213194 0.024658 0.040278
0 0.199951 0.106944 0.008301 0.026852
0 0.209595 0.006481 0.014893 0.012037
0 0.336182 0.073148 0.014648 0.037037
0 0.317261 0.191435 0.015381 0.038426
0 0.192627 0.221528 0.022949 0.034722
0 0.296387 0.284491 0.019043 0.048611
0 0.175903 0.343287 0.020752 0.035648
0 0.271606 0.418519 0.019775 0.037963
0 0.155762 0.458102 0.023438 0.041204
0 0.269531 0.548148 0.018555 0.036111
0 0.139160 0.612037 0.025391 0.037037
0 0.246460 0.678704 0.014404 0.033333
0 0.124634 0.735417 0.026123 0.040278
0 0.240479 0.837037 0.019531 0.038889
0 0.099365 0.842593 0.019043 0.035185
0 0.086914 0.963194 0.024902 0.037500
0 0.484497 0.994907 0.010498 0.010185
0 0.385620 0.906481 0.016846 0.036111
0 0.495850 0.874306 0.017090 0.027315
0 0.392090 0.785648 0.014160 0.032407
0 0.517456 0.758796 0.022217 0.040741
0 0.539307 0.614815 0.019043 0.034259
0 0.403687 0.644676 0.020752 0.043981
0 0.424683 0.531713 0.019775 0.035648
0 0.545532 0.503241 0.018311 0.033333
0 0.430542 0.390972 0.013916 0.034722
0 0.564819 0.382870 0.018799 0.032407
0 0.558594 0.249074 0.017090 0.038889
0 0.441650 0.263194 0.019043 0.037500
0 0.723999 0.307639 0.021240 0.036574
0 0.718384 0.421759 0.010986 0.031481
0 0.849731 0.281944 0.016846 0.035185
0 0.823364 0.384954 0.016357 0.032870
0 0.994141 0.264352 0.011719 0.049074
0 0.989136 0.403935 0.021729 0.041204
0 0.822998 0.506713 0.019043 0.035648
0 0.987427 0.532176 0.015381 0.036574
0 0.972656 0.649537 0.022461 0.039815
0 0.822632 0.648611 0.024170 0.042593
0 0.690186 0.656250 0.024414 0.043056
0 0.797974 0.759028 0.024658 0.036574
0 0.973145 0.775000 0.022461 0.037037
0 0.689819 0.819444 0.023193 0.040741
0 0.662964 0.921296 0.023682 0.041667
0 0.787720 0.893056 0.027100 0.043519
0 0.954346 0.931944 0.028320 0.041667
0 0.461670 0.046065 0.017090 0.037500
0 0.469116 0.148148 0.021240 0.047222
0 0.580566 0.123611 0.017578 0.034259
0 0.585083 0.015278 0.015869 0.029630
0 0.737793 0.163426 0.014160 0.026852
0 0.745117 0.083102 0.013184 0.037500
0 0.871948 0.038889 0.024170 0.041667
0 0.853149 0.112963 0.017334 0.043519
0 0.883301 0.186343 0.018066 0.031944
0 0.699951 0.541435 0.008301 0.014352