0 0.044189 0.219444 0.009766 0.013889
0 0.052734 0.169213 0.009766 0.018056
0 0.166504 0.155556 0.011230 0.018519
0 0.140747 0.062037 0.008545 0.018519
0 0.031006 0.336343 0.009766 0.017130
0 0.140625 0.037731 0.009277 0.018981
0 0.085449 0.335185 0.008301 0.015741
0 0.194092 0.071759 0.006348 0.013889
0 0.160278 0.232176 0.007568 0.019907
0 0.147705 0.269676 0.006836 0.019907
0 0.129517 0.402546 0.008057 0.016204
0 0.240479 0.067593 0.008301 0.013889
0 0.226074 0.136111 0.008789 0.014815
0 0.221313 0.256019 0.007080 0.018519
0 0.209839 0.356019 0.008545 0.016667
0 0.207031 0.397685 0.009766 0.018519
0 0.258301 0.427778 0.009766 0.017593
0 0.261108 0.370370 0.009033 0.014815
0 0.266357 0.326852 0.007812 0.019444
0 0.269287 0.246759 0.008301 0.019444
0 0.281006 0.168056 0.008301 0.016667
0 0.276855 0.114815 0.008789 0.018519
0 0.284302 0.059722 0.009521 0.016667
0 0.291016 0.029167 0.008301 0.018519
0 0.342651 0.128009 0.008057 0.014352
0 0.336182 0.232407 0.007324 0.020370
0 0.328735 0.336111 0.009033 0.016667
0 0.327148 0.370833 0.009277 0.020370
0 0.380249 0.411111 0.007080 0.017593
0 0.384155 0.225231 0.008545 0.020833
0 0.382690 0.181019 0.004639 0.017593
0 0.386475 0.116204 0.006836 0.017593
0 0.390625 0.034259 0.008301 0.022222
0 0.454224 0.034954 0.007080 0.022685
0 0.452515 0.072917 0.007080 0.018056
0 0.449951 0.219444 0.007324 0.015741
0 0.446655 0.286806 0.006592 0.019907
0 0.444946 0.342824 0.008545 0.016204
0 0.450317 0.385880 0.006104 0.020833
0 0.452637 0.436343 0.007324 0.019907
0 0.051880 0.591898 0.010010 0.014352
0 0.071655 0.471296 0.011475 0.016667
0 0.110474 0.612037 0.011475 0.019444
0 0.115479 0.512731 0.010254 0.018056
0 0.125366 0.450926 0.011475 0.018519
0 0.034790 0.648611 0.014893 0.015741
0 0.086304 0.746065 0.012939 0.018056
0 0.078491 0.799537 0.012451 0.016667
0 0.170898 0.782176 0.013184 0.017130
0 0.181641 0.668519 0.011719 0.017593
0 0.179199 0.718981 0.011719 0.014815
0 0.192261 0.549537 0.011475 0.015741
0 0.191162 0.599537 0.007812 0.016667
0 0.192993 0.490046 0.011475 0.013426
0 0.207031 0.447917 0.009277 0.017130
0 0.254150 0.475231 0.010254 0.017130
0 0.249756 0.520602 0.005859 0.017130
0 0.239258 0.629167 0.012207 0.018519
0 0.225098 0.760648 0.012207 0.017593
0 0.310669 0.834491 0.009033 0.021759
0 0.308472 0.747222 0.010498 0.024074
0 0.320435 0.697454 0.008545 0.018981
0 0.311035 0.650463 0.005371 0.016667
0 0.318604 0.578472 0.010254 0.020833
0 0.324829 0.476389 0.009033 0.017593
0 0.378174 0.508565 0.008789 0.019907
0 0.374390 0.619676 0.010010 0.019907
0 0.373047 0.790509 0.010254 0.018056
0 0.450806 0.766204 0.008545 0.019444
0 0.451538 0.700463 0.006592 0.016667
0 0.446777 0.647454 0.008301 0.018056
0 0.445923 0.590509 0.007568 0.019907
0 0.451782 0.487269 0.007080 0.018981
0 0.507690 0.731713 0.009033 0.017130
0 0.507080 0.800694 0.008789 0.018056
0 0.500977 0.558333 0.008301 0.018519
0 0.502808 0.678009 0.009521 0.018056
0 0.499512 0.470139 0.008301 0.014352
0 0.496948 0.361111 0.007568 0.021296
0 0.593018 0.849074 0.008789 0.017593
0 0.594360 0.779861 0.009033 0.020833
0 0.590454 0.718287 0.009033 0.018981
0 0.586426 0.656713 0.007812 0.018056
0 0.582764 0.599074 0.007812 0.018519
0 0.573853 0.496991 0.009521 0.019907
0 0.576782 0.447685 0.006592 0.016667
0 0.572876 0.404167 0.006592 0.017593
0 0.567871 0.357870 0.006836 0.016667
0 0.618408 0.381944 0.006836 0.017593
0 0.620239 0.431481 0.006592 0.016667
0 0.624634 0.464815 0.005615 0.014815
0 0.619995 0.506481 0.008057 0.018519
0 0.634033 0.630787 0.008301 0.018056
0 0.652344 0.745833 0.011719 0.022222
0 0.643066 0.810185 0.009277 0.017593
0 0.730835 0.787731 0.010010 0.019907
0 0.729858 0.710185 0.010986 0.022222
0 0.717529 0.670370 0.008789 0.015741
0 0.713745 0.601157 0.008545 0.019907
0 0.704468 0.561574 0.010498 0.019444
0 0.698120 0.503704 0.009033 0.015741
0 0.690674 0.409259 0.006348 0.016667
0 0.731079 0.383565 0.009521 0.018056
0 0.758911 0.578472 0.009521 0.018056
0 0.763794 0.637269 0.010498 0.018056
0 0.774780 0.696528 0.012451 0.028241
0 0.779663 0.749769 0.006592 0.015278
0 0.788330 0.807639 0.007812 0.017130
0 0.822754 0.452778 0.011719 0.019444
0 0.870361 0.791667 0.010742 0.016667
0 0.929443 0.821759 0.014648 0.018519
0 0.865234 0.734491 0.013184 0.018056
0 0.852661 0.667361 0.011475 0.018056
0 0.834717 0.553241 0.010254 0.018519
0 0.850830 0.379861 0.008301 0.018056
0 0.865112 0.418287 0.008545 0.018981
0 0.874878 0.519444 0.011963 0.022222
0 0.899170 0.642361 0.012695 0.018056
0 0.916992 0.739583 0.009766 0.018981
0 0.871826 0.476157 0.007812 0.017130
0 0.926880 0.433102 0.009521 0.017130
0 0.949463 0.528009 0.007812 0.013426
0 0.962524 0.575694 0.009033 0.020833
0 0.966919 0.628935 0.010010 0.018056
0 0.903564 0.123611 0.008301 0.017593
0 0.842285 0.013194 0.006348 0.019907
0 0.854858 0.041667 0.007568 0.019444
0 0.856567 0.069907 0.006104 0.011111
0 0.874634 0.149306 0.006104 0.015278
0 0.807495 0.141898 0.007568 0.018056
0 0.898682 0.259491 0.010254 0.015278
0 0.952637 0.308102 0.011230 0.019907
0 0.927734 0.199306 0.007812 0.015278
0 0.910278 0.337037 0.007080 0.013889
0 0.829834 0.251852 0.008301 0.018519
0 0.835571 0.289583 0.008057 0.019907
0 0.803345 0.317361 0.009033 0.015278
0 0.727783 0.332639 0.008789 0.017130
0 0.723145 0.280093 0.006348 0.019444
0 0.710938 0.249074 0.007324 0.016667
0 0.713623 0.204630 0.006836 0.018519
0 0.701050 0.102315 0.005615 0.019444
0 0.690918 0.034259 0.006348 0.018519
0 0.659180 0.093287 0.006836 0.013426
0 0.678589 0.231944 0.007080 0.019444
0 0.676270 0.276389 0.005859 0.018519
0 0.685669 0.313657 0.007568 0.019907
0 0.622314 0.329167 0.005371 0.014815
0 0.611084 0.292361 0.005371 0.016204
0 0.608154 0.241898 0.005371 0.017130
0 0.561646 0.228935 0.007080 0.015278
0 0.561646 0.185417 0.004150 0.015278
0 0.566406 0.118981 0.005859 0.015741
0 0.593872 0.128009 0.007568 0.015278
0 0.598755 0.090046 0.007568 0.017130
0 0.769897 0.125231 0.007568 0.018056
0 0.776733 0.160417 0.007080 0.018056
0 0.792358 0.234722 0.008545 0.015741
0 0.759155 0.010648 0.007080 0.020370
0 0.662598 0.046065 0.007812 0.019907
0 0.663940 0.132407 0.006104 0.018519
0 0.602539 0.199306 0.006348 0.019907
0 0.597656 0.054861 0.006836 0.017130
0 0.561157 0.071759 0.006592 0.015741
0 0.561279 0.044907 0.005859 0.016667
0 0.558350 0.012037 0.005371 0.020370
0 0.564697 0.153472 0.007324 0.017130
0 0.766113 0.090741 0.006348 0.016667
0 0.796387 0.075000 0.006348 0.015741
0 0.974731 0.070139 0.010010 0.018056
0 0.492676 0.174769 0.007812 0.018981
0 0.491577 0.018519 0.006104 0.018519
0 0.499268 0.281250 0.006348 0.015278
0 0.573364 0.317130 0.006104 0.016667
0 0.378906 0.356019 0.009277 0.016667
0 0.492554 0.117361 0.005615 0.020833
0 0.715210 0.168750 0.006592 0.018981
0 0.844604 0.326389 0.008545 0.018519
0 0.846558 0.617130 0.008057 0.015741
0 0.743652 0.476157 0.007324 0.016204
0 0.326538 0.426620 0.009033 0.018056
0 0.445557 0.256250 0.006836 0.017130
0 0.453369 0.113889 0.005371 0.014815
0 0.593994 0.165972 0.007324 0.015278
0 0.160645 0.858565 0.010254 0.014352
0 0.881592 0.853241 0.009277 0.020370
0 0.064331 0.854861 0.013916 0.019907
0 0.799072 0.875463 0.012207 0.020370
0 0.362061 0.873843 0.007324 0.021759
0 0.224609 0.888889 0.010742 0.020370
0 0.658203 0.877083 0.008789 0.018056
0 0.509155 0.860417 0.006592 0.023611
0 0.448242 0.896528 0.009766 0.018056
0 0.943848 0.887731 0.014160 0.018981
0 0.984131 0.707407 0.009766 0.015741
0 0.302124 0.902778 0.010986 0.020370
0 0.890259 0.924306 0.012451 0.021759
0 0.742310 0.913194 0.010010 0.019907
0 0.022461 0.766435 0.010254 0.017130
0 0.604126 0.920833 0.008057 0.017593
0 0.799561 0.936574 0.012695 0.022222
0 0.989014 0.496991 0.010742 0.018056
0 0.513184 0.936806 0.010254 0.019907
0 0.372070 0.942593 0.010254 0.019444
0 0.661743 0.944444 0.008057 0.017593
0 0.058228 0.951620 0.018799 0.019907
0 0.219238 0.947454 0.008301 0.018056
0 0.663940 0.155556 0.005615 0.015741
0 0.016724 0.384722 0.012451 0.012963
0 0.297241 0.973843 0.012451 0.017130
0 0.453369 0.968056 0.010254 0.021296
0 0.995850 0.760648 0.008301 0.018519
0 0.608276 0.979630 0.009033 0.017593
0 0.902344 0.687269 0.013184 0.020833
0 0.148071 0.989583 0.012939 0.020833
0 0.753662 0.969213 0.008301 0.025463
0 0.928345 0.393519 0.006592 0.014815
0 0.902100 0.991898 0.012207 0.016204