0 0.254761 0.055324 0.007080 0.023611
0 0.391602 0.067593 0.015137 0.037037
0 0.360352 0.176157 0.013672 0.032870
0 0.236328 0.165741 0.021484 0.037963
0 0.330322 0.260185 0.018555 0.047222
0 0.209717 0.277778 0.020996 0.040741
0 0.065308 0.099769 0.019287 0.037500
0 0.023926 0.178472 0.027344 0.048611
0 0.177002 0.379398 0.019531 0.043056
0 0.295776 0.384259 0.018311 0.036111
0 0.453979 0.408333 0.015869 0.034259
0 0.433350 0.545833 0.018066 0.035185
0 0.282715 0.510648 0.021973 0.037963
0 0.147217 0.525463 0.027832 0.032407
0 0.403687 0.650000 0.020264 0.038889
0 0.244873 0.628704 0.015625 0.030556
0 0.121704 0.642361 0.030029 0.043981
0 0.225342 0.784259 0.023438 0.040741
0 0.378784 0.782176 0.012939 0.034722
0 0.088379 0.736806 0.016602 0.034722
0 0.061646 0.846759 0.032471 0.035185
0 0.502563 0.801852 0.020264 0.045370
0 0.683716 0.764815 0.023193 0.040741
0 0.814331 0.803472 0.023193 0.038426
0 0.538940 0.668750 0.016357 0.031944
0 0.555786 0.561574 0.019775 0.037037
0 0.704346 0.649537 0.006836 0.014815
0 0.829224 0.660417 0.015381 0.035648
0 0.841553 0.540741 0.015625 0.033333
0 0.750366 0.430324 0.022705 0.041204
0 0.584961 0.449769 0.019043 0.040278
0 0.475952 0.288889 0.020752 0.036111
0 0.591553 0.314815 0.020508 0.043519
0 0.778564 0.294907 0.015625 0.027778
0 0.793823 0.211574 0.013428 0.034259
0 0.622803 0.193750 0.016602 0.034722
0 0.513062 0.185648 0.023682 0.044444
0 0.516479 0.082639 0.014404 0.031019
0 0.639648 0.086574 0.020020 0.041667
0 0.830688 0.086806 0.011963 0.031019
0 0.734619 0.541204 0.008789 0.030556
0 0.996948 0.616667 0.006104 0.026852
0 0.781616 0.907407 0.027588 0.039815
0 0.665894 0.920370 0.020752 0.043519
0 0.627319 0.994444 0.014404 0.011111
0 0.952148 0.982639 0.028809 0.034722
0 0.966187 0.859954 0.026611 0.038426
0 0.990723 0.747454 0.018555 0.034722
0 0.875977 0.447685 0.020996 0.039815
0 0.922974 0.362500 0.016846 0.023148
0 0.897339 0.282176 0.021729 0.043981
0 0.920776 0.212037 0.027588 0.038889
0 0.951050 0.095602 0.030518 0.046759
0 0.836060 0.002546 0.013428 0.004167
0 0.359375 0.899769 0.017090 0.036574
0 0.157715 0.984722 0.026855 0.030556
0 0.029541 0.985185 0.033691 0.029630