0 0.079712 0.004167 0.019775 0.007407
0 0.063721 0.111806 0.012207 0.019907
0 0.017578 0.210417 0.024902 0.043056
0 0.333740 0.018519 0.024414 0.036111
0 0.494141 0.016204 0.018555 0.031481
0 0.447266 0.098611 0.018555 0.035185
0 0.288452 0.103009 0.016357 0.043056
0 0.406128 0.158333 0.020752 0.044444
0 0.244507 0.186574 0.019775 0.039815
0 0.352173 0.257870 0.019775 0.040741
0 0.495483 0.371296 0.015381 0.037963
0 0.191406 0.299769 0.023926 0.036574
0 0.317749 0.363194 0.016846 0.034722
0 0.149658 0.396065 0.028320 0.042130
0 0.265625 0.457176 0.016113 0.037500
0 0.453247 0.489352 0.015869 0.040741
0 0.407593 0.568287 0.020752 0.039352
0 0.101562 0.465972 0.019531 0.025463
0 0.060303 0.555093 0.027344 0.036111
0 0.220703 0.584259 0.020996 0.036111
0 0.010620 0.668519 0.020752 0.039815
0 0.126099 0.741898 0.029541 0.035648
0 0.365967 0.681944 0.015137 0.037963
0 0.478394 0.770139 0.022217 0.043056
0 0.327393 0.779167 0.017578 0.036111
0 0.433838 0.853704 0.010254 0.031481
0 0.078857 0.847685 0.027344 0.043519
0 0.283569 0.862037 0.019775 0.037037
0 0.385132 0.966204 0.025146 0.051852
0 0.239014 0.973611 0.020020 0.042593
0 0.695312 0.754398 0.010742 0.015278
0 0.810181 0.838889 0.020752 0.037037
0 0.844360 0.729167 0.017334 0.035185
0 0.654907 0.845139 0.021729 0.048611
0 0.613403 0.983333 0.019287 0.033333
0 0.775024 0.967824 0.022217 0.043981
0 0.535278 0.666204 0.018311 0.025926
0 0.742432 0.664815 0.009766 0.031481
0 0.777710 0.570370 0.021729 0.040741
0 0.568726 0.574769 0.021729 0.031019
0 0.613403 0.488194 0.015869 0.035648
0 0.825806 0.456250 0.015869 0.029167
0 0.642578 0.365509 0.024414 0.044907
0 0.854126 0.385880 0.010986 0.030093
0 0.692871 0.272454 0.021484 0.033796
0 0.536865 0.271759 0.018066 0.040741
0 0.590088 0.195139 0.024414 0.042130
0 0.728882 0.178935 0.018311 0.039352
0 0.609497 0.103472 0.015869 0.042130
0 0.771851 0.098843 0.017334 0.035648
0 0.674438 0.013426 0.021240 0.025926
0 0.811523 0.012037 0.024414 0.023148
0 0.988037 0.082870 0.021484 0.051852
0 0.934570 0.196528 0.024902 0.044907
0 0.909668 0.286343 0.017090 0.031019
0 0.978027 0.461111 0.029785 0.041667
0 0.944824 0.518287 0.027344 0.032870
0 0.950562 0.607176 0.022217 0.036574
0 0.895874 0.662269 0.020752 0.031019
0 0.988892 0.906713 0.022217 0.042130