0 0.024170 0.077083 0.017578 0.046759
0 0.015503 0.216667 0.021240 0.040741
0 0.211304 0.008102 0.010986 0.015278
0 0.198853 0.108565 0.007080 0.029167
0 0.336426 0.075231 0.014648 0.040278
0 0.318237 0.192593 0.015381 0.040741
0 0.192749 0.223380 0.024170 0.039352
0 0.295898 0.284722 0.018555 0.049074
0 0.175903 0.345370 0.023682 0.036111
0 0.272827 0.420139 0.016846 0.040278
0 0.153931 0.459259 0.019287 0.036111
0 0.269775 0.548148 0.020508 0.039815
0 0.137695 0.614352 0.025879 0.036111
0 0.246338 0.679861 0.016602 0.031944
0 0.124634 0.737731 0.026611 0.040278
0 0.239746 0.840509 0.020996 0.036574
0 0.102295 0.844213 0.016602 0.030093
0 0.085449 0.964352 0.027832 0.040741
0 0.385010 0.908102 0.019531 0.039352
0 0.495239 0.876157 0.018799 0.029167
0 0.515991 0.758565 0.020752 0.043981
0 0.394043 0.787037 0.015137 0.028704
0 0.403564 0.646991 0.019043 0.037500
0 0.540649 0.617593 0.018311 0.032407
0 0.546021 0.504167 0.018311 0.035185
0 0.424438 0.533102 0.021729 0.035648
0 0.431030 0.394444 0.015869 0.038889
0 0.563843 0.385648 0.017334 0.037963
0 0.559204 0.251620 0.019287 0.038426
0 0.441895 0.264815 0.019043 0.036111
0 0.483398 0.997222 0.005859 0.005556
0 0.469238 0.151852 0.020020 0.046296
0 0.462891 0.049537 0.014648 0.030556
0 0.586182 0.016204 0.017090 0.031481
0 0.581177 0.123611 0.020752 0.038889
0 0.747070 0.086111 0.012207 0.032407
0 0.738770 0.170602 0.013184 0.031944
0 0.870972 0.043056 0.024658 0.044444
0 0.854248 0.117130 0.019043 0.037963
0 0.884155 0.188194 0.018311 0.033796
0 0.848999 0.281713 0.020264 0.039352
0 0.725220 0.309259 0.019775 0.041667
0 0.823486 0.387269 0.020020 0.036574
0 0.718628 0.424769 0.010010 0.024537
0 0.822021 0.507407 0.019043 0.037963
0 0.701904 0.544444 0.009766 0.015741
0 0.689819 0.658102 0.023682 0.041204
0 0.823242 0.650231 0.022461 0.041204
0 0.800049 0.764120 0.024902 0.037500
0 0.690186 0.819676 0.020020 0.039352
0 0.789429 0.895139 0.023682 0.040278
0 0.662354 0.923148 0.019531 0.040741
0 0.955322 0.932870 0.031250 0.037963
0 0.971558 0.778009 0.027588 0.039352
0 0.972900 0.654630 0.029297 0.041667
0 0.987061 0.536343 0.017578 0.033796
0 0.989380 0.406481 0.021240 0.043519
0 0.994507 0.266667 0.010986 0.046296