0 0.282959 0.092593 0.008301 0.020370
0 0.335571 0.212731 0.008057 0.019907
0 0.330444 0.291667 0.009033 0.021296
0 0.323608 0.422685 0.009521 0.023148
0 0.249023 0.437269 0.010254 0.018981
0 0.208008 0.403009 0.009277 0.015278
0 0.209473 0.365046 0.010254 0.016204
0 0.218750 0.270139 0.009766 0.013426
0 0.146362 0.319213 0.009033 0.022685
0 0.126831 0.424306 0.011475 0.018056
0 0.119507 0.464583 0.009521 0.016204
0 0.109009 0.507639 0.010498 0.020833
0 0.105957 0.581250 0.014648 0.017130
0 0.250122 0.538194 0.009033 0.019907
0 0.201660 0.455787 0.009766 0.022685
0 0.031494 0.293287 0.008789 0.017130
0 0.339233 0.099537 0.008545 0.015741
0 0.337769 0.126157 0.007568 0.020833
0 0.272827 0.214352 0.008057 0.018519
0 0.261841 0.328935 0.010498 0.021759
0 0.230957 0.115972 0.007324 0.018056
0 0.230225 0.149306 0.009766 0.021759
0 0.314697 0.599074 0.011230 0.018519
0 0.326172 0.493750 0.007812 0.018056
0 0.380981 0.577778 0.008545 0.024074
0 0.372070 0.518519 0.006836 0.023148
0 0.380737 0.460185 0.007568 0.017593
0 0.383911 0.239352 0.007080 0.019444
0 0.386108 0.160648 0.007080 0.013889
0 0.374023 0.640278 0.007812 0.018519
0 0.452393 0.598843 0.008789 0.018056
0 0.448608 0.543750 0.007568 0.020833
0 0.449341 0.442130 0.006592 0.020370
0 0.449951 0.393287 0.006836 0.018056
0 0.446533 0.351852 0.007324 0.016667
0 0.445190 0.306250 0.007568 0.019907
0 0.450562 0.223611 0.006592 0.016667
0 0.451416 0.183333 0.007812 0.020370
0 0.449341 0.141667 0.006104 0.017593
0 0.443848 0.105324 0.007324 0.015278
0 0.445801 0.060185 0.007324 0.020370
0 0.491333 0.120139 0.007568 0.021759
0 0.492065 0.211111 0.007568 0.015741
0 0.494019 0.280093 0.007080 0.022222
0 0.499756 0.417593 0.008789 0.021296
0 0.502930 0.576620 0.008789 0.020833
0 0.454224 0.655787 0.008545 0.018056
0 0.507812 0.687037 0.005859 0.021296
0 0.506348 0.740741 0.009277 0.020370
0 0.457642 0.782639 0.010010 0.017130
0 0.365479 0.755324 0.009766 0.016204
0 0.365356 0.867593 0.010010 0.020370
0 0.308105 0.712500 0.010742 0.021296
0 0.232300 0.758565 0.009521 0.021759
0 0.233521 0.689352 0.009521 0.017593
0 0.179077 0.673380 0.011475 0.018056
0 0.096558 0.692130 0.011475 0.019444
0 0.076904 0.751852 0.016113 0.021296
0 0.074707 0.821296 0.013184 0.019444
0 0.216064 0.826389 0.012695 0.018519
0 0.228271 0.890046 0.008301 0.018056
0 0.295288 0.919676 0.012939 0.019907
0 0.296021 0.987963 0.011475 0.020370
0 0.459106 0.845370 0.007568 0.021296
0 0.057007 0.956250 0.014404 0.018981
0 0.576050 0.456250 0.007568 0.018056
0 0.574951 0.510880 0.008301 0.018981
0 0.587036 0.608333 0.007568 0.020370
0 0.593140 0.728472 0.009521 0.019907
0 0.601318 0.854167 0.007324 0.017593
0 0.602295 0.927315 0.010742 0.017593
0 0.637939 0.631250 0.009766 0.018056
0 0.629272 0.428009 0.010010 0.020833
0 0.613403 0.339120 0.006592 0.017130
0 0.600830 0.238889 0.008301 0.019444
0 0.302368 0.842593 0.010986 0.015741
0 0.306763 0.779861 0.011475 0.019907
0 0.509155 0.873380 0.007568 0.017130
0 0.555176 0.122917 0.006836 0.016204
0 0.561890 0.192824 0.005127 0.016204
0 0.719604 0.669213 0.008545 0.022685
0 0.657227 0.819444 0.009277 0.017593
0 0.662476 0.882407 0.007568 0.016667
0 0.666016 0.956481 0.009766 0.019444
0 0.748169 0.992130 0.011963 0.015741
0 0.740601 0.858102 0.010010 0.019907
0 0.730713 0.783102 0.009277 0.021759
0 0.730103 0.726389 0.011963 0.021296
0 0.706421 0.559028 0.009033 0.016204
0 0.757568 0.529630 0.009277 0.022222
0 0.748047 0.478704 0.008789 0.016667
0 0.737183 0.390972 0.012939 0.022685
0 0.696411 0.397917 0.010010 0.023611
0 0.686157 0.371528 0.008057 0.014352
0 0.618286 0.477546 0.006592 0.019907
0 0.632690 0.531019 0.005615 0.014815
0 0.811646 0.940972 0.012939 0.019907
0 0.802979 0.875926 0.011719 0.021296
0 0.786133 0.755324 0.012695 0.019907
0 0.772461 0.681481 0.009766 0.023148
0 0.757812 0.569676 0.008301 0.017130
0 0.820557 0.464815 0.007812 0.015741
0 0.816284 0.421296 0.009521 0.015741
0 0.807251 0.367130 0.008057 0.017593
0 0.862427 0.424306 0.005127 0.023611
0 0.828979 0.514815 0.008057 0.022222
0 0.835327 0.561806 0.007080 0.020833
0 0.845825 0.623380 0.009033 0.018981
0 0.852417 0.673148 0.010010 0.021296
0 0.855957 0.744907 0.008789 0.015741
0 0.876465 0.862731 0.011230 0.018981
0 0.900391 0.930787 0.013672 0.019907
0 0.960327 0.959954 0.015381 0.023611
0 0.956177 0.894676 0.010986 0.018981
0 0.921631 0.756944 0.013672 0.019444
0 0.916992 0.698843 0.010742 0.019907
0 0.986084 0.717593 0.013184 0.016667
0 0.979248 0.654861 0.009766 0.020833
0 0.958618 0.584491 0.011963 0.019907
0 0.945557 0.493750 0.012207 0.018981
0 0.934814 0.441898 0.011230 0.018056
0 0.961548 0.362963 0.008057 0.019444
0 0.828979 0.251389 0.009033 0.021296
0 0.791748 0.277778 0.008789 0.018519
0 0.724243 0.296759 0.007080 0.015741
0 0.728027 0.345139 0.007812 0.015278
0 0.676880 0.286111 0.008545 0.020370
0 0.653687 0.058333 0.007568 0.019444
0 0.698853 0.097685 0.006592 0.023148
0 0.757935 0.021759 0.007568 0.013889
0 0.877197 0.182176 0.007812 0.017130
0 0.909546 0.337963 0.008545 0.015741
0 0.932129 0.233565 0.006348 0.018981
0 0.902100 0.083796 0.008301 0.024074
0 0.660767 0.088889 0.006592 0.020370
0 0.600220 0.140972 0.006104 0.015278
0 0.782959 0.198611 0.010254 0.020370
0 0.809204 0.141667 0.009033 0.018519
0 0.822510 0.169213 0.007812 0.023611
0 0.958740 0.322454 0.011230 0.018056
0 0.574097 0.407870 0.008057 0.017593
0 0.570923 0.358333 0.009033 0.016667
0 0.566528 0.316204 0.007080 0.018519
0 0.068970 0.098843 0.008057 0.015278
0 0.079834 0.007870 0.006836 0.013889
0 0.117676 0.094907 0.009766 0.018519
0 0.069336 0.436574 0.008789 0.013889
0 0.149292 0.241667 0.008545 0.015741
0 0.155518 0.190278 0.008789 0.017593
0 0.161987 0.153009 0.006104 0.016204
0 0.099243 0.633102 0.009521 0.017130
0 0.052490 0.548843 0.008301 0.015278
0 0.150757 0.926389 0.011963 0.020370
0 0.178467 0.742824 0.010254 0.015278
0 0.279053 0.126852 0.007324 0.016667
0 0.273438 0.171759 0.004883 0.015741
0 0.317261 0.546759 0.008057 0.020370
0 0.325195 0.350463 0.004883 0.013889
0 0.347168 0.014815 0.008789 0.023148
0 0.389038 0.011574 0.007080 0.022222
0 0.509033 0.802315 0.006348 0.014815
0 0.368164 0.809491 0.008301 0.019907
0 0.503174 0.624074 0.007324 0.016667
0 0.499512 0.518287 0.008301 0.019907
0 0.499146 0.470370 0.008057 0.018519
0 0.640015 0.687731 0.008545 0.019907
0 0.646729 0.762500 0.009766 0.020370
0 0.750488 0.926852 0.007812 0.016667
0 0.684448 0.314815 0.007080 0.018519
0 0.664185 0.164815 0.006592 0.017593
0 0.702759 0.144213 0.009521 0.017130
0 0.605713 0.208796 0.005859 0.017593
0 0.655396 0.018981 0.008057 0.019444
0 0.685303 0.033796 0.006348 0.018519
0 0.872070 0.486574 0.010254 0.017593
0 0.846436 0.345139 0.008789 0.017130
0 0.827271 0.216667 0.005615 0.019444
0 0.791748 0.036343 0.007324 0.017130
0 0.986328 0.150926 0.008301 0.019444
0 0.969727 0.071296 0.008789 0.020370
0 0.907837 0.293750 0.010010 0.013426
0 0.990845 0.453704 0.011963 0.016667
0 0.158325 0.995139 0.012451 0.009722
0 0.245361 0.584954 0.008789 0.017130
0 0.284302 0.028472 0.007568 0.017130
0 0.454224 0.967593 0.010010 0.019444
0 0.368042 0.686806 0.009033 0.020833
0 0.613281 0.295139 0.004395 0.017130
0 0.448975 0.007870 0.008301 0.014815
0 0.922974 0.402315 0.005615 0.014815
0 0.993896 0.184954 0.009277 0.021759
0 0.011108 0.386806 0.006592 0.014352
0 0.238281 0.640972 0.010254 0.018056
0 0.184326 0.611574 0.010742 0.019444
0 0.774902 0.631250 0.012207 0.018981
0 0.332397 0.387269 0.007080 0.016204
0 0.380981 0.324074 0.008057 0.016667
0 0.493042 0.060417 0.006592 0.018981
0 0.697632 0.460417 0.008057 0.021759
0 0.494629 0.377546 0.008301 0.017130
0 0.003296 0.921065 0.006104 0.017130
0 0.079468 0.346759 0.011475 0.012963
0 0.094971 0.303009 0.007812 0.015278
0 0.879395 0.152778 0.008789 0.019444
0 0.156372 0.862731 0.011963 0.018981
0 0.670410 0.239352 0.009766 0.016667
0 0.903320 0.636574 0.010742 0.020370
0 0.448364 0.718287 0.007568 0.018056
0 0.584106 0.564583 0.005615 0.018056
0 0.595337 0.068287 0.007080 0.016204
0 0.218018 0.312963 0.008301 0.016667
0 0.695557 0.059491 0.004883 0.021759