0 0.023193 0.081481 0.021973 0.047222
0 0.016602 0.224074 0.020508 0.045370
0 0.208984 0.006944 0.017090 0.012963
0 0.337524 0.079630 0.016357 0.037037
0 0.200928 0.111574 0.005859 0.019444
0 0.193359 0.230093 0.023438 0.037963
0 0.316528 0.196528 0.019287 0.036574
0 0.296997 0.291667 0.020752 0.047222
0 0.175659 0.352083 0.021240 0.033796
0 0.273438 0.426157 0.019043 0.035648
0 0.155518 0.466435 0.019531 0.042130
0 0.269897 0.555093 0.020752 0.037037
0 0.139526 0.619907 0.028076 0.033333
0 0.247559 0.687037 0.017090 0.036111
0 0.123901 0.742593 0.027588 0.043519
0 0.240234 0.846528 0.020996 0.045833
0 0.101318 0.853241 0.016602 0.033333
0 0.086670 0.969907 0.024902 0.037037
0 0.386230 0.910648 0.015137 0.038889
0 0.494873 0.881713 0.018066 0.033796
0 0.516113 0.764120 0.021484 0.039352
0 0.393555 0.787731 0.015137 0.024537
0 0.403809 0.652315 0.016602 0.039815
0 0.540894 0.622917 0.019287 0.033796
0 0.424927 0.539120 0.018799 0.033796
0 0.546875 0.512963 0.018066 0.034259
0 0.431641 0.400231 0.015625 0.033796
0 0.563232 0.393287 0.019043 0.040278
0 0.442871 0.271991 0.020508 0.038426
0 0.557861 0.257639 0.020996 0.039352
0 0.468872 0.156481 0.017334 0.045370
0 0.579956 0.131250 0.018311 0.037500
0 0.585327 0.018287 0.018799 0.035648
0 0.463257 0.056713 0.012939 0.036574
0 0.871948 0.048843 0.025146 0.046759
0 0.853394 0.121528 0.017822 0.036574
0 0.747192 0.089815 0.014893 0.027778
0 0.737793 0.176852 0.010742 0.027778
0 0.881226 0.193287 0.019775 0.035648
0 0.849243 0.290046 0.019775 0.039352
0 0.725098 0.317130 0.019043 0.039815
0 0.822388 0.396065 0.016357 0.034722
0 0.719849 0.431019 0.009033 0.029630
0 0.824829 0.517130 0.016846 0.036111
0 0.701782 0.547454 0.009521 0.013426
0 0.690796 0.663426 0.022705 0.037963
0 0.824707 0.657176 0.018555 0.036574
0 0.798950 0.769444 0.025635 0.039815
0 0.690430 0.829630 0.022949 0.038889
0 0.789062 0.903009 0.023926 0.041204
0 0.662598 0.927315 0.019531 0.037963
0 0.953491 0.938426 0.032959 0.042593
0 0.971436 0.785185 0.026855 0.037963
0 0.974243 0.660185 0.025146 0.037963
0 0.984985 0.539583 0.019775 0.029167
0 0.989868 0.413657 0.020264 0.043981
0 0.993286 0.274306 0.013428 0.045833