0 0.062866 0.046296 0.015869 0.019444
0 0.048096 0.160185 0.013184 0.021296
0 0.007446 0.259954 0.014404 0.039352
0 0.314941 0.037731 0.020508 0.042130
0 0.430420 0.106250 0.017578 0.034722
0 0.272827 0.129861 0.017822 0.036574
0 0.391724 0.173611 0.020264 0.044444
0 0.230103 0.214352 0.021240 0.040741
0 0.341919 0.275926 0.017334 0.040741
0 0.309326 0.387269 0.019531 0.037500
0 0.179932 0.334028 0.021973 0.032870
0 0.140869 0.435185 0.026367 0.050000
0 0.261353 0.484259 0.016357 0.032407
0 0.449829 0.499306 0.016846 0.043056
0 0.406982 0.580324 0.023438 0.038426
0 0.218384 0.619907 0.022217 0.037037
0 0.094849 0.511343 0.017334 0.029167
0 0.056396 0.606713 0.026367 0.034722
0 0.010864 0.718750 0.021240 0.039352
0 0.129028 0.782407 0.028564 0.037963
0 0.363892 0.694676 0.018311 0.041204
0 0.331177 0.799306 0.017334 0.031944
0 0.083862 0.894907 0.028564 0.038889
0 0.289673 0.891667 0.019775 0.041667
0 0.438232 0.862037 0.015625 0.030556
0 0.392822 0.980093 0.023926 0.039815
0 0.249023 0.991667 0.014648 0.016667
0 0.481323 0.774306 0.019287 0.040278
0 0.622070 0.975000 0.023438 0.050000
0 0.660767 0.831713 0.021240 0.044907
0 0.783691 0.940741 0.020996 0.046296
0 0.814087 0.805324 0.013428 0.032870
0 0.697021 0.736574 0.011719 0.011111
0 0.742676 0.641898 0.008789 0.028241
0 0.533325 0.665741 0.017822 0.036111
0 0.565430 0.571528 0.021973 0.039352
0 0.845947 0.696991 0.016113 0.036574
0 0.773193 0.543519 0.022461 0.042593
0 0.608643 0.478472 0.019531 0.036574
0 0.484985 0.376620 0.016846 0.033796
0 0.634644 0.353935 0.020752 0.040278
0 0.818115 0.429167 0.014648 0.032407
0 0.846191 0.354861 0.013672 0.032870
0 0.526489 0.271296 0.021240 0.041667
0 0.680298 0.253472 0.018311 0.032870
0 0.577271 0.193056 0.023193 0.044444
0 0.712891 0.156713 0.020508 0.041204
0 0.594238 0.092593 0.019043 0.032407
0 0.755127 0.071528 0.019531 0.032870
0 0.475098 0.017593 0.019531 0.034259
0 0.654907 0.009722 0.016357 0.018519
0 0.973633 0.036806 0.029297 0.052315
0 0.918213 0.153009 0.024902 0.043981
0 0.898804 0.249306 0.012451 0.029167
0 0.970459 0.418750 0.028320 0.038426
0 0.937500 0.473843 0.025391 0.038426
0 0.948364 0.564583 0.015869 0.030093
0 0.895142 0.623380 0.022217 0.032870
0 0.991699 0.861806 0.016602 0.051389
0 0.964111 0.971759 0.019043 0.034259