0 0.049927 0.013889 0.019287 0.026852
0 0.002808 0.069676 0.005127 0.028241
0 0.382080 0.015509 0.019043 0.018981
0 0.326172 0.057639 0.018066 0.041204
0 0.259521 0.139352 0.021973 0.041667
0 0.207153 0.208565 0.023682 0.042130
0 0.153564 0.249537 0.014648 0.031481
0 0.098877 0.308796 0.024414 0.036111
0 0.034668 0.386806 0.029297 0.036574
0 0.369751 0.268750 0.017822 0.037500
0 0.307739 0.327546 0.016357 0.025463
0 0.244507 0.426389 0.024170 0.033333
0 0.134399 0.521528 0.026123 0.033796
0 0.072998 0.593056 0.024902 0.032407
0 0.365967 0.591204 0.014160 0.026852
0 0.316772 0.664583 0.016846 0.032870
0 0.261108 0.720370 0.017822 0.030556
0 0.204102 0.801157 0.017578 0.038426
0 0.401978 0.788426 0.015381 0.034259
0 0.341187 0.874537 0.018799 0.044444
0 0.131470 0.893056 0.025635 0.042593
0 0.070435 0.945833 0.021729 0.034259
0 0.230347 0.992130 0.014404 0.015741
0 0.027832 0.995602 0.014160 0.008796
0 0.616699 0.909028 0.022461 0.044907
0 0.671021 0.846991 0.010010 0.010648
0 0.727173 0.784722 0.009521 0.025000
0 0.768433 0.985648 0.017822 0.028704
0 0.777222 0.714583 0.022705 0.040278
0 0.458862 0.739583 0.017334 0.035648
0 0.528931 0.673611 0.016846 0.031481
0 0.574829 0.603472 0.017822 0.029167
0 0.633057 0.541898 0.016602 0.028241
0 0.424316 0.506944 0.021484 0.034259
0 0.478882 0.455556 0.015869 0.035185
0 0.680298 0.443287 0.019775 0.039352
0 0.743896 0.385880 0.017090 0.036574
0 0.538208 0.369676 0.017822 0.025463
0 0.592896 0.297222 0.018311 0.035185
0 0.655762 0.255787 0.024414 0.043981
0 0.419189 0.181250 0.019531 0.033796
0 0.482178 0.118056 0.022461 0.042593
0 0.531128 0.080787 0.017822 0.031019
0 0.688477 0.173611 0.015137 0.030556
0 0.764038 0.122454 0.019287 0.043056
0 0.589722 0.024306 0.017822 0.025463
0 0.809326 0.045370 0.023926 0.046296
0 0.901611 0.190278 0.024414 0.032407
0 0.845947 0.257407 0.020996 0.034259
0 0.791138 0.310880 0.024170 0.033796
0 0.945435 0.158102 0.014404 0.025463
0 0.987915 0.443056 0.024170 0.040741
0 0.952148 0.520833 0.014648 0.025000
0 0.881836 0.584954 0.016602 0.031019
0 0.842163 0.632176 0.016357 0.029167
0 0.988403 0.731481 0.023193 0.037963
0 0.947754 0.761111 0.026367 0.033333
0 0.940430 0.851620 0.022949 0.036574
0 0.879883 0.873380 0.022949 0.027315
0 0.817993 0.910417 0.021240 0.034722
0 0.288208 0.940741 0.015381 0.020370