0 0.288696 0.116435 0.008545 0.020833
0 0.342651 0.239120 0.008057 0.019907
0 0.337769 0.319907 0.009521 0.022222
0 0.330933 0.455093 0.008545 0.025000
0 0.255371 0.471065 0.010254 0.018981
0 0.213135 0.434491 0.009277 0.015278
0 0.215332 0.395139 0.010254 0.016204
0 0.223877 0.298380 0.009766 0.013426
0 0.150269 0.348148 0.008545 0.019444
0 0.131470 0.457176 0.011475 0.018056
0 0.124634 0.498380 0.009521 0.016204
0 0.114746 0.540509 0.011719 0.021759
0 0.110840 0.617824 0.014648 0.017130
0 0.256226 0.575694 0.009033 0.019907
0 0.207031 0.488657 0.009766 0.022685
0 0.035156 0.321528 0.008789 0.017130
0 0.345337 0.123611 0.008545 0.015741
0 0.344360 0.152546 0.007568 0.020833
0 0.278198 0.241667 0.008057 0.018519
0 0.267212 0.358102 0.010498 0.021759
0 0.236694 0.140278 0.008545 0.018519
0 0.235352 0.172454 0.009766 0.021759
0 0.321899 0.634954 0.013428 0.023611
0 0.332397 0.527546 0.009521 0.022685
0 0.388550 0.615741 0.008545 0.024074
0 0.380371 0.555556 0.006836 0.023148
0 0.388550 0.492593 0.007568 0.017593
0 0.391235 0.266204 0.007080 0.019444
0 0.392944 0.186111 0.007080 0.013889
0 0.382324 0.680556 0.007812 0.018519
0 0.461182 0.634954 0.008789 0.018056
0 0.457764 0.580556 0.006836 0.018519
0 0.457886 0.475463 0.006592 0.020370
0 0.458984 0.425694 0.006836 0.018056
0 0.454590 0.383333 0.007324 0.016667
0 0.453735 0.335417 0.007568 0.019907
0 0.458984 0.251157 0.008301 0.019907
0 0.458984 0.208333 0.007812 0.020370
0 0.457153 0.165741 0.006104 0.017593
0 0.451660 0.128935 0.007324 0.015278
0 0.452881 0.083333 0.007324 0.020370
0 0.499390 0.146528 0.007568 0.021759
0 0.499878 0.238426 0.007568 0.015741
0 0.502319 0.307870 0.007080 0.022222
0 0.509033 0.450000 0.008789 0.021296
0 0.513428 0.614120 0.008789 0.020833
0 0.463501 0.696991 0.008545 0.018056
0 0.517822 0.728241 0.005859 0.021296
0 0.516724 0.784722 0.009521 0.019444
0 0.466675 0.825694 0.010010 0.017130
0 0.373535 0.798380 0.009766 0.016204
0 0.374878 0.915741 0.010010 0.020370
0 0.315918 0.755093 0.010742 0.021296
0 0.238403 0.802083 0.009521 0.021759
0 0.239868 0.731481 0.009521 0.017593
0 0.184937 0.712731 0.011475 0.018056
0 0.100708 0.732407 0.011475 0.019444
0 0.080566 0.794444 0.016113 0.021296
0 0.079102 0.867130 0.013184 0.019444
0 0.222412 0.873148 0.012695 0.018519
0 0.235474 0.939815 0.009033 0.019444
0 0.302856 0.969676 0.012939 0.019907
0 0.468506 0.890278 0.008301 0.018519
0 0.586792 0.491435 0.007568 0.018056
0 0.585938 0.546991 0.007812 0.017130
0 0.599487 0.648148 0.007568 0.020370
0 0.605103 0.771991 0.009521 0.019907
0 0.613281 0.900926 0.007324 0.017593
0 0.614746 0.976620 0.009766 0.019907
0 0.649902 0.671991 0.009766 0.018056
0 0.640259 0.461343 0.010010 0.020833
0 0.623901 0.369676 0.006592 0.017130
0 0.610596 0.266667 0.008301 0.019444
0 0.309204 0.890972 0.011963 0.018981
0 0.314575 0.822917 0.011475 0.019907
0 0.519653 0.921528 0.007568 0.017130
0 0.563477 0.146991 0.006836 0.016204
0 0.571167 0.217361 0.006104 0.021759
0 0.732666 0.710185 0.010254 0.022222
0 0.670410 0.865278 0.009277 0.017593
0 0.675659 0.931481 0.009521 0.016667
0 0.755005 0.907176 0.010010 0.019907
0 0.744629 0.830556 0.010254 0.023148
0 0.744019 0.769444 0.011963 0.021296
0 0.719360 0.596296 0.008545 0.020370
0 0.771240 0.568519 0.009277 0.022222
0 0.761230 0.513657 0.008301 0.018056
0 0.749146 0.423843 0.012939 0.022685
0 0.709351 0.430324 0.010010 0.023611
0 0.697388 0.403472 0.008545 0.016204
0 0.630005 0.512731 0.009033 0.020833
0 0.644531 0.568519 0.005859 0.018519
0 0.828247 0.990046 0.012939 0.019907
0 0.819336 0.925000 0.011719 0.021296
0 0.802002 0.798843 0.012695 0.019907
0 0.786621 0.721759 0.009766 0.023148
0 0.770752 0.608565 0.008301 0.017130
0 0.834839 0.500000 0.009033 0.017593
0 0.829956 0.456019 0.009521 0.015741
0 0.821167 0.397685 0.008057 0.017593
0 0.875732 0.455787 0.006836 0.023611
0 0.842773 0.550926 0.009766 0.020370
0 0.849731 0.600463 0.008545 0.020370
0 0.861450 0.662731 0.009033 0.018981
0 0.868774 0.714815 0.010010 0.021296
0 0.873047 0.789352 0.008789 0.015741
0 0.893066 0.911343 0.011230 0.018981
0 0.918213 0.981713 0.013672 0.019907
0 0.974976 0.943287 0.010986 0.018981
0 0.939331 0.802083 0.012451 0.022685
0 0.934082 0.740509 0.010742 0.019907
0 0.995117 0.696991 0.009766 0.020833
0 0.976196 0.621991 0.011963 0.019907
0 0.961670 0.529398 0.012207 0.018981
0 0.950684 0.475694 0.012695 0.018056
0 0.977051 0.395370 0.009766 0.020370
0 0.841187 0.281019 0.009033 0.021296
0 0.805176 0.306944 0.008789 0.018519
0 0.736206 0.327083 0.008545 0.018981
0 0.740112 0.375231 0.008545 0.015278
0 0.687378 0.315278 0.008545 0.020370
0 0.663696 0.080556 0.007568 0.019444
0 0.709229 0.127315 0.007324 0.023148
0 0.768188 0.046296 0.007568 0.013889
0 0.890137 0.209028 0.007812 0.017130
0 0.923706 0.370370 0.008545 0.015741
0 0.945557 0.262731 0.007812 0.019907
0 0.915283 0.107870 0.008301 0.024074
0 0.670532 0.111574 0.006592 0.020370
0 0.609253 0.165972 0.006104 0.015278
0 0.795898 0.225926 0.010254 0.020370
0 0.820190 0.168056 0.009033 0.018519
0 0.834229 0.195370 0.007324 0.020370
0 0.973389 0.352546 0.011230 0.018056
0 0.584717 0.441204 0.009277 0.021296
0 0.580444 0.390741 0.008057 0.018519
0 0.576294 0.345370 0.007080 0.018519
0 0.072876 0.120602 0.008057 0.015278
0 0.083008 0.027778 0.006836 0.013889
0 0.074707 0.471296 0.011230 0.017593
0 0.154053 0.268287 0.009277 0.018981
0 0.160645 0.214815 0.008789 0.017593
0 0.165649 0.178009 0.006104 0.016204
0 0.103394 0.671991 0.009521 0.017130
0 0.056396 0.584028 0.008301 0.015278
0 0.156250 0.976852 0.011230 0.018519
0 0.184570 0.785880 0.010254 0.015278
0 0.284912 0.152315 0.007324 0.016667
0 0.279541 0.198148 0.004883 0.015741
0 0.324829 0.581481 0.008057 0.020370
0 0.332764 0.382639 0.006348 0.017130
0 0.352295 0.036111 0.008789 0.023148
0 0.395142 0.031019 0.008057 0.020370
0 0.377197 0.853472 0.008301 0.019907
0 0.512939 0.660185 0.007324 0.016667
0 0.509155 0.552546 0.008057 0.017130
0 0.508911 0.504630 0.008057 0.018519
0 0.651489 0.729398 0.008545 0.019907
0 0.659424 0.806481 0.009766 0.020370
0 0.766113 0.976389 0.007812 0.016667
0 0.694702 0.343519 0.007080 0.018519
0 0.674927 0.189815 0.006592 0.017593
0 0.713013 0.168750 0.009521 0.017130
0 0.615112 0.236574 0.007080 0.021296
0 0.665161 0.040278 0.008057 0.019444
0 0.694336 0.054167 0.006348 0.018519
0 0.886475 0.521296 0.010254 0.017593
0 0.861572 0.376157 0.008789 0.017130
0 0.840210 0.243056 0.005615 0.019444
0 0.802246 0.054398 0.007324 0.017130
0 0.982544 0.096759 0.009521 0.022222
0 0.919312 0.324306 0.010010 0.013426
0 0.251709 0.622917 0.010742 0.019907
0 0.289673 0.050231 0.007568 0.017130
0 0.376099 0.725694 0.009033 0.020833
0 0.624390 0.323843 0.007080 0.018056
0 0.456055 0.027546 0.008301 0.014352
0 0.937134 0.436111 0.005615 0.014815
0 0.015015 0.419676 0.006592 0.014352
0 0.244873 0.678472 0.010254 0.018056
0 0.189819 0.651852 0.011963 0.023148
0 0.788086 0.668750 0.012207 0.018981
0 0.339966 0.418287 0.007080 0.016204
0 0.388794 0.355556 0.007568 0.018519
0 0.500610 0.084028 0.006592 0.018981
0 0.710083 0.494213 0.009521 0.021759
0 0.504150 0.408102 0.008301 0.017130
0 0.004395 0.971296 0.008301 0.023148
0 0.083374 0.377315 0.011475 0.012963
0 0.098145 0.328009 0.007812 0.015278
0 0.890625 0.178241 0.008789 0.019444
0 0.162964 0.909028 0.011963 0.018981
0 0.680420 0.266204 0.009766 0.016667
0 0.919434 0.675000 0.010742 0.020370
0 0.457642 0.762269 0.008057 0.016204
0 0.594727 0.602083 0.005371 0.018056
0 0.602905 0.091898 0.007080 0.016204
0 0.223389 0.340741 0.008301 0.016667
0 0.706299 0.084491 0.004883 0.021759
0 0.039551 0.706019 0.015137 0.021296
0 0.122559 0.112963 0.008301 0.018519
0 0.518799 0.848380 0.004883 0.017130
0 0.235229 0.215972 0.006104 0.016204
0 0.006348 0.471991 0.010742 0.014352
0 0.568848 0.183796 0.008789 0.012037
0 0.697998 0.020370 0.007324 0.019444
0 0.961060 0.028935 0.006592 0.016204
0 0.569092 0.113426 0.003906 0.013889
0 0.568604 0.257870 0.006836 0.012963