0 0.283447 0.092593 0.008301 0.020370
0 0.336548 0.212731 0.008057 0.019907
0 0.331665 0.291667 0.009033 0.021296
0 0.324341 0.422685 0.009521 0.023148
0 0.250488 0.438657 0.010254 0.018981
0 0.208740 0.403009 0.009277 0.015278
0 0.210205 0.365046 0.010254 0.016204
0 0.218750 0.270139 0.009766 0.013426
0 0.146606 0.319213 0.009033 0.022685
0 0.127319 0.424306 0.011475 0.018056
0 0.120972 0.465046 0.009521 0.016204
0 0.110229 0.507639 0.010498 0.020833
0 0.106934 0.582639 0.014648 0.017130
0 0.251343 0.540972 0.009033 0.019907
0 0.202393 0.456713 0.009766 0.022685
0 0.032227 0.293750 0.008789 0.017130
0 0.339722 0.100000 0.008545 0.015741
0 0.338257 0.127083 0.007568 0.020833
0 0.273804 0.214815 0.008057 0.018519
0 0.262573 0.330324 0.010498 0.021759
0 0.232056 0.116204 0.008545 0.018519
0 0.231201 0.150694 0.009766 0.021759
0 0.316162 0.600000 0.011230 0.018519
0 0.327393 0.493750 0.007812 0.018056
0 0.380737 0.577778 0.008545 0.024074
0 0.373047 0.518981 0.006836 0.023148
0 0.381714 0.460185 0.007568 0.017593
0 0.384155 0.239352 0.007080 0.019444
0 0.386597 0.161111 0.007080 0.013889
0 0.375000 0.641204 0.007812 0.018519
0 0.453125 0.599769 0.008789 0.018056
0 0.449585 0.543750 0.007568 0.020833
0 0.450317 0.442593 0.006592 0.020370
0 0.450684 0.393287 0.006836 0.018056
0 0.447266 0.352778 0.007324 0.016667
0 0.445923 0.306250 0.007568 0.019907
0 0.451538 0.223611 0.006592 0.016667
0 0.452393 0.183333 0.007812 0.020370
0 0.450073 0.141667 0.006104 0.017593
0 0.444580 0.105324 0.007324 0.015278
0 0.446533 0.060648 0.007324 0.020370
0 0.491821 0.120139 0.007568 0.021759
0 0.492554 0.212037 0.007568 0.015741
0 0.494507 0.280093 0.007080 0.022222
0 0.500488 0.418519 0.008789 0.021296
0 0.504639 0.577546 0.008789 0.020833
0 0.454956 0.657176 0.008545 0.018056
0 0.508301 0.687037 0.005859 0.021296
0 0.506836 0.741204 0.009277 0.020370
0 0.457886 0.783102 0.010010 0.017130
0 0.366211 0.755324 0.009766 0.016204
0 0.367065 0.869444 0.010010 0.020370
0 0.309326 0.713426 0.010742 0.021296
0 0.233521 0.760417 0.009521 0.021759
0 0.234741 0.691204 0.009521 0.017593
0 0.180298 0.674306 0.011475 0.018056
0 0.097290 0.693519 0.011475 0.019444
0 0.077637 0.753704 0.016113 0.021296
0 0.075928 0.823148 0.013184 0.019444
0 0.217529 0.828241 0.012695 0.018519
0 0.229492 0.891898 0.008301 0.018056
0 0.296265 0.921528 0.012939 0.019907
0 0.297241 0.989815 0.011475 0.020370
0 0.459595 0.846296 0.007568 0.021296
0 0.057739 0.957176 0.014404 0.018981
0 0.576538 0.456250 0.007568 0.018056
0 0.575684 0.511343 0.008301 0.018981
0 0.587524 0.608333 0.007568 0.020370
0 0.593384 0.728472 0.009521 0.019907
0 0.602539 0.855556 0.007324 0.017593
0 0.603027 0.928241 0.010742 0.017593
0 0.638672 0.632639 0.009766 0.018056
0 0.629761 0.428935 0.010010 0.020833
0 0.614136 0.339120 0.006592 0.017130
0 0.600830 0.238889 0.008301 0.019444
0 0.302856 0.844213 0.011963 0.018981
0 0.307983 0.780787 0.011475 0.019907
0 0.509888 0.873843 0.007568 0.017130
0 0.555420 0.122917 0.006836 0.016204
0 0.562378 0.192824 0.005127 0.016204
0 0.720581 0.670139 0.008545 0.022685
0 0.657959 0.819444 0.009277 0.017593
0 0.663208 0.882407 0.007568 0.016667
0 0.666992 0.957870 0.009766 0.019444
0 0.748169 0.992130 0.011963 0.015741
0 0.740845 0.859491 0.010010 0.019907
0 0.731445 0.784491 0.009277 0.021759
0 0.731323 0.727778 0.011963 0.021296
0 0.707886 0.559491 0.009033 0.016204
0 0.758301 0.532407 0.009277 0.022222
0 0.749023 0.479398 0.008301 0.018056
0 0.737183 0.391435 0.012939 0.022685
0 0.698120 0.397917 0.010010 0.023611
0 0.687378 0.373843 0.008545 0.016204
0 0.619263 0.478472 0.006592 0.019907
0 0.633911 0.531944 0.005615 0.014815
0 0.812378 0.942361 0.012939 0.019907
0 0.804199 0.877315 0.011719 0.021296
0 0.787842 0.756713 0.012695 0.019907
0 0.773438 0.682407 0.009766 0.023148
0 0.758789 0.571528 0.008301 0.017130
0 0.822021 0.466667 0.007812 0.015741
0 0.817261 0.422685 0.009521 0.015741
0 0.808960 0.367130 0.008057 0.017593
0 0.863525 0.424537 0.005371 0.024074
0 0.830811 0.515509 0.007324 0.017130
0 0.835815 0.561806 0.007080 0.020833
0 0.847046 0.624306 0.009033 0.018981
0 0.854126 0.674074 0.010010 0.021296
0 0.857666 0.746759 0.008789 0.015741
0 0.877686 0.865046 0.011230 0.018981
0 0.900391 0.930787 0.013672 0.019907
0 0.961060 0.959954 0.015381 0.023611
0 0.957642 0.895602 0.010986 0.018981
0 0.923462 0.757870 0.013916 0.021296
0 0.918701 0.700231 0.010742 0.019907
0 0.987061 0.718981 0.013184 0.016667
0 0.979980 0.655787 0.009766 0.020833
0 0.959839 0.585880 0.011963 0.019907
0 0.946289 0.495139 0.012207 0.018981
0 0.936279 0.442824 0.011230 0.018056
0 0.963501 0.362963 0.008057 0.019444
0 0.829712 0.252315 0.009033 0.021296
0 0.793457 0.277778 0.008789 0.018519
0 0.724731 0.298380 0.008545 0.018056
0 0.728760 0.346065 0.007812 0.015278
0 0.677368 0.286574 0.008545 0.020370
0 0.654907 0.058333 0.007568 0.019444
0 0.699341 0.100926 0.006592 0.023148
0 0.758423 0.021759 0.007568 0.013889
0 0.877930 0.182176 0.007812 0.017130
0 0.910278 0.338426 0.008545 0.015741
0 0.932861 0.234028 0.007812 0.019907
0 0.903320 0.083796 0.008301 0.024074
0 0.661743 0.088889 0.006592 0.020370
0 0.600220 0.141435 0.006104 0.015278
0 0.783691 0.198611 0.010254 0.020370
0 0.809448 0.141667 0.009033 0.018519
0 0.822998 0.170139 0.007812 0.023611
0 0.959717 0.322454 0.011230 0.018056
0 0.574585 0.408796 0.008057 0.017593
0 0.571655 0.359259 0.009033 0.016667
0 0.567749 0.316204 0.007080 0.018519
0 0.068970 0.098843 0.008057 0.015278
0 0.079834 0.007870 0.006836 0.013889
0 0.117676 0.094907 0.009766 0.018519
0 0.070557 0.437037 0.008789 0.013889
0 0.149536 0.241667 0.008545 0.015741
0 0.156738 0.190278 0.008789 0.017593
0 0.162231 0.153472 0.006104 0.016204
0 0.099976 0.634028 0.009521 0.017130
0 0.054443 0.548843 0.008301 0.015278
0 0.151978 0.927315 0.011963 0.020370
0 0.179688 0.744676 0.010254 0.015278
0 0.279297 0.127778 0.007324 0.016667
0 0.275146 0.173148 0.004883 0.015741
0 0.317993 0.546759 0.008057 0.020370
0 0.325928 0.351852 0.004883 0.013889
0 0.347168 0.014815 0.008789 0.023148
0 0.389771 0.011574 0.007080 0.022222
0 0.369141 0.809491 0.008301 0.019907
0 0.504639 0.624074 0.007324 0.016667
0 0.501465 0.518287 0.008301 0.019907
0 0.500366 0.470833 0.008057 0.018519
0 0.640015 0.687731 0.008545 0.019907
0 0.647461 0.762500 0.009766 0.020370
0 0.750977 0.927778 0.007812 0.016667
0 0.685181 0.314815 0.007080 0.018519
0 0.665161 0.164815 0.006592 0.017593
0 0.703491 0.144213 0.009521 0.017130
0 0.605713 0.209722 0.005859 0.017593
0 0.656616 0.019444 0.008057 0.019444
0 0.685791 0.033796 0.006348 0.018519
0 0.873291 0.486574 0.010254 0.017593
0 0.847168 0.345139 0.008789 0.017130
0 0.828003 0.216667 0.005615 0.019444
0 0.792969 0.037269 0.007324 0.017130
0 0.987305 0.151852 0.008301 0.019444
0 0.970947 0.073148 0.008789 0.020370
0 0.908325 0.293750 0.010010 0.013426
0 0.992065 0.453704 0.011963 0.016667
0 0.158325 0.995139 0.012451 0.009722
0 0.246338 0.586806 0.008789 0.017130
0 0.285278 0.028935 0.007568 0.017130
0 0.455200 0.968981 0.010010 0.019444
0 0.368774 0.687269 0.009033 0.020833
0 0.614014 0.295602 0.005371 0.015278
0 0.449463 0.008333 0.008301 0.014815
0 0.923218 0.402315 0.005615 0.014815
0 0.994141 0.184491 0.010742 0.020833
0 0.011353 0.386806 0.006592 0.014352
0 0.239502 0.641435 0.010254 0.018056
0 0.185669 0.614352 0.011963 0.023148
0 0.775391 0.631250 0.012207 0.018981
0 0.333618 0.387269 0.007080 0.016204
0 0.381226 0.324074 0.008057 0.016667
0 0.493286 0.060417 0.006592 0.018981
0 0.698364 0.461343 0.008057 0.021759
0 0.495361 0.378935 0.008301 0.017130
0 0.003296 0.921065 0.006104 0.017130
0 0.080200 0.346759 0.011475 0.012963
0 0.094971 0.303009 0.007812 0.015278
0 0.880127 0.152778 0.008789 0.019444
0 0.157104 0.862731 0.011963 0.018981
0 0.671143 0.239352 0.009766 0.016667
0 0.903320 0.636574 0.010742 0.020370
0 0.448364 0.718287 0.007568 0.018056
0 0.584595 0.564583 0.005615 0.018056
0 0.595337 0.068287 0.007080 0.016204
0 0.218262 0.312963 0.008301 0.016667
0 0.696045 0.059491 0.004883 0.021759
0 0.036377 0.668981 0.013184 0.021296