0 0.285156 0.208796 0.011230 0.025926
0 0.341797 0.342824 0.012207 0.026389
0 0.337646 0.433565 0.011230 0.026389
0 0.328979 0.581713 0.012451 0.035648
0 0.250732 0.596528 0.014648 0.031019
0 0.205811 0.563426 0.013672 0.022222
0 0.208740 0.514583 0.015137 0.027315
0 0.217773 0.406481 0.013672 0.022222
0 0.140503 0.465046 0.012451 0.025463
0 0.120483 0.581250 0.016846 0.026389
0 0.110840 0.632407 0.014160 0.024074
0 0.100952 0.684491 0.016846 0.032870
0 0.094849 0.765509 0.017822 0.025463
0 0.250732 0.713889 0.016113 0.030556
0 0.198853 0.615509 0.014404 0.030093
0 0.018921 0.437037 0.012451 0.022222
0 0.346191 0.215046 0.012207 0.024537
0 0.343628 0.246759 0.011963 0.023148
0 0.274292 0.345139 0.010010 0.022685
0 0.262573 0.475231 0.011475 0.028241
0 0.233276 0.236111 0.013916 0.021296
0 0.230957 0.270833 0.013184 0.024074
0 0.320557 0.783565 0.013184 0.027315
0 0.331665 0.660185 0.014404 0.025926
0 0.390015 0.757176 0.014404 0.027315
0 0.381226 0.692593 0.012451 0.030556
0 0.389404 0.624306 0.013672 0.025463
0 0.392944 0.374074 0.012451 0.028704
0 0.394775 0.285185 0.012207 0.025926
0 0.383179 0.830787 0.011475 0.028241
0 0.466187 0.779861 0.014893 0.027315
0 0.460327 0.717593 0.012939 0.027778
0 0.463745 0.603704 0.014404 0.028704
0 0.463501 0.544907 0.012939 0.034259
0 0.459473 0.498380 0.014160 0.028241
0 0.457275 0.443750 0.012207 0.034722
0 0.462891 0.354398 0.011719 0.033796
0 0.462402 0.310417 0.012695 0.031019
0 0.459839 0.262269 0.013428 0.028241
0 0.455566 0.220602 0.011230 0.022685
0 0.457275 0.172917 0.010742 0.028241
0 0.506104 0.237731 0.013184 0.031019
0 0.505493 0.338657 0.011475 0.026389
0 0.509277 0.416435 0.012695 0.025463
0 0.515381 0.571759 0.012695 0.028704
0 0.521240 0.753472 0.013672 0.028241
0 0.467529 0.846991 0.013184 0.026389
0 0.526245 0.880787 0.013428 0.025463
0 0.524414 0.943287 0.013672 0.027315
0 0.471680 0.984491 0.014160 0.031019
0 0.373901 0.958796 0.012939 0.029630
0 0.312622 0.918287 0.016846 0.031944
0 0.230835 0.971528 0.017822 0.031944
0 0.233276 0.888194 0.014893 0.030093
0 0.175781 0.865741 0.018555 0.025926
0 0.084351 0.893750 0.016357 0.023611
0 0.064453 0.965972 0.017090 0.029167
0 0.595947 0.612963 0.013184 0.025000
0 0.596802 0.680324 0.010010 0.020833
0 0.610352 0.793519 0.010254 0.022222
0 0.616455 0.931944 0.015137 0.026852
0 0.665771 0.823148 0.014648 0.028704
0 0.654541 0.587963 0.013184 0.025926
0 0.636108 0.482870 0.011475 0.028704
0 0.621338 0.371296 0.011230 0.033333
0 0.310303 0.986806 0.015625 0.024537
0 0.572754 0.238426 0.009766 0.024074
0 0.579468 0.315972 0.012451 0.028241
0 0.751953 0.861574 0.013672 0.026852
0 0.766968 0.985185 0.015381 0.029630
0 0.764038 0.933333 0.017822 0.030556
0 0.736694 0.735880 0.014893 0.029167
0 0.791504 0.695139 0.015625 0.031019
0 0.779663 0.634491 0.013916 0.029167
0 0.767578 0.537037 0.019043 0.035185
0 0.726807 0.551620 0.017090 0.032870
0 0.713867 0.518519 0.013184 0.019444
0 0.642944 0.644213 0.010986 0.021759
0 0.656982 0.697454 0.010254 0.028241
0 0.824829 0.953241 0.017334 0.028704
0 0.808472 0.871296 0.015869 0.036111
0 0.791138 0.743519 0.013916 0.028704
0 0.857056 0.626389 0.016846 0.029630
0 0.852173 0.575000 0.015381 0.025000
0 0.843018 0.515046 0.013184 0.023611
0 0.901367 0.582176 0.013672 0.029167
0 0.866211 0.682176 0.016113 0.031019
0 0.875488 0.734491 0.019043 0.029167
0 0.886841 0.807176 0.016357 0.025463
0 0.895142 0.865509 0.016357 0.030093
0 0.897461 0.937731 0.022461 0.040278
0 0.969238 0.954398 0.019043 0.031019
0 0.966064 0.892361 0.016602 0.028241
0 0.990479 0.656019 0.019043 0.031481
0 0.977905 0.596759 0.018311 0.034259
0 0.863403 0.384259 0.011963 0.030556
0 0.825317 0.416435 0.012451 0.030093
0 0.752441 0.428472 0.013184 0.031944
0 0.757935 0.485417 0.011963 0.027315
0 0.675415 0.164120 0.011963 0.031019
0 0.724609 0.214352 0.011230 0.032407
0 0.785645 0.126157 0.009766 0.024537
0 0.911865 0.307176 0.015137 0.030093
0 0.948608 0.482870 0.018311 0.029630
0 0.970459 0.362963 0.014648 0.027778
0 0.683228 0.198380 0.011963 0.030093
0 0.619385 0.258333 0.010254 0.024074
0 0.813843 0.325231 0.012451 0.027315
0 0.840210 0.260880 0.013428 0.024537
0 0.854004 0.295370 0.013184 0.029630
0 0.994995 0.463657 0.010010 0.019907
0 0.594604 0.561343 0.011963 0.023611
0 0.590698 0.506250 0.013428 0.022685
0 0.586304 0.458102 0.012451 0.021759
0 0.061035 0.218056 0.010742 0.019444
0 0.072144 0.111343 0.009521 0.018981
0 0.058228 0.599074 0.015381 0.023148
0 0.143799 0.375231 0.013184 0.019907
0 0.152588 0.323148 0.014160 0.024074
0 0.088623 0.825926 0.013672 0.024074
0 0.174194 0.951852 0.015381 0.023148
0 0.280884 0.250694 0.009521 0.028241
0 0.276367 0.297222 0.006836 0.021296
0 0.322388 0.725000 0.013428 0.027778
0 0.331665 0.500694 0.009521 0.019907
0 0.352173 0.122222 0.010498 0.027778
0 0.396362 0.114120 0.010010 0.026389
0 0.521729 0.812500 0.013184 0.026852
0 0.515015 0.629167 0.014893 0.029630
0 0.668579 0.876852 0.011475 0.029630
0 0.675171 0.964120 0.013916 0.031019
0 0.687866 0.283333 0.011475 0.021296
0 0.728149 0.262731 0.012939 0.021759
0 0.626709 0.336343 0.010254 0.021759
0 0.677124 0.121991 0.013428 0.025463
0 0.707642 0.135185 0.008057 0.025926
0 0.912354 0.650694 0.016602 0.030093
0 0.884033 0.488194 0.013672 0.024537
0 0.860229 0.347917 0.011963 0.030093
0 0.820435 0.138657 0.012939 0.029167
0 0.945801 0.431713 0.013672 0.021759
0 0.288818 0.136111 0.008301 0.024074
0 0.374634 0.881019 0.012451 0.025926
0 0.459595 0.111343 0.012451 0.024537
0 0.968140 0.553472 0.018311 0.024537
0 0.239136 0.827546 0.013916 0.027315
0 0.179077 0.801852 0.015869 0.025000
0 0.339111 0.538426 0.010254 0.024074
0 0.389648 0.470139 0.012695 0.031944
0 0.505981 0.169444 0.011475 0.027778
0 0.509888 0.521759 0.011475 0.026852
0 0.069458 0.496296 0.013428 0.022222
0 0.084961 0.446528 0.011230 0.019907
0 0.461426 0.915509 0.011230 0.025463
0 0.606567 0.740046 0.010986 0.024537
0 0.613892 0.178935 0.009521 0.023611
0 0.711548 0.099537 0.009521 0.033333
0 0.566406 0.120602 0.011230 0.020833
0 0.623779 0.218287 0.010254 0.026389
0 0.770996 0.059028 0.015625 0.026389
0 0.040283 0.726852 0.015625 0.026852
0 0.188232 0.052315 0.010742 0.021296
0 0.800903 0.042361 0.014404 0.026389
0 0.113159 0.213657 0.010010 0.018981
0 0.342407 0.296065 0.009521 0.020833
0 0.575562 0.279167 0.011475 0.024074
0 0.046631 0.261111 0.013184 0.018519
0 0.597656 0.026389 0.011719 0.018519
0 0.637085 0.430093 0.009521 0.025000
0 0.938599 0.188889 0.011963 0.037963
0 0.701294 0.425000 0.012939 0.027778
0 0.243408 0.035648 0.012207 0.018519
0 0.399658 0.016435 0.009766 0.021759
0 0.570923 0.017824 0.011963 0.023611
0 0.925049 0.709028 0.017578 0.030093
0 0.293701 0.017130 0.012207 0.017593
0 0.357544 0.028241 0.009521 0.017593
0 0.499878 0.069213 0.010010 0.020833
0 0.295654 0.064352 0.010742 0.027778
0 0.516724 0.687269 0.009521 0.020833
0 0.970947 0.050926 0.010742 0.025000
0 0.727661 0.622454 0.011963 0.028241
0 0.709595 0.459028 0.011963 0.020833