0 0.066406 0.891435 0.014160 0.023611
0 0.130737 0.756250 0.016846 0.023611
0 0.150391 0.682870 0.013672 0.024074
0 0.107422 0.840741 0.013672 0.014815
0 0.115479 0.946528 0.015625 0.026389
0 0.058105 0.986574 0.015137 0.025926
0 0.143799 0.853704 0.007812 0.017593
0 0.061279 0.786343 0.020508 0.028241
0 0.084351 0.708796 0.013916 0.019444
0 0.077881 0.647454 0.013672 0.021759
0 0.155151 0.591435 0.013916 0.021759
0 0.092651 0.548843 0.012451 0.024537
0 0.151733 0.522685 0.016357 0.023148
0 0.158936 0.430556 0.013672 0.025926
0 0.092651 0.477315 0.016846 0.025926
0 0.119995 0.310880 0.014404 0.030093
0 0.116699 0.254630 0.014648 0.024074
0 0.184082 0.293519 0.013184 0.025000
0 0.188843 0.235880 0.010986 0.025463
0 0.131958 0.179861 0.015381 0.030093
0 0.200439 0.162269 0.012695 0.026389
0 0.206909 0.096991 0.009521 0.023611
0 0.131958 0.099074 0.012451 0.033333
0 0.128906 0.039815 0.009277 0.030556
0 0.188843 0.074537 0.010010 0.024074
0 0.003662 0.536343 0.006836 0.024537
0 0.009399 0.472685 0.014893 0.025926
0 0.017822 0.393519 0.009766 0.024074
0 0.036499 0.251852 0.013428 0.022222
0 0.048584 0.160417 0.015625 0.031019
0 0.036865 0.103935 0.016113 0.031019
0 0.005127 0.013194 0.009766 0.025463
0 0.004883 0.070370 0.009277 0.020370
0 0.295166 0.107176 0.012207 0.030093
0 0.302734 0.181944 0.012207 0.034259
0 0.298096 0.243750 0.011230 0.029167
0 0.294312 0.320139 0.012451 0.034722
0 0.284180 0.393287 0.013184 0.027315
0 0.272949 0.545139 0.015625 0.030093
0 0.289185 0.467361 0.010010 0.020833
0 0.264160 0.705093 0.014648 0.024074
0 0.260376 0.796759 0.012939 0.028704
0 0.251953 0.874074 0.011230 0.020370
0 0.323975 0.851620 0.011230 0.025463
0 0.336914 0.750463 0.008789 0.023148
0 0.344116 0.588657 0.012451 0.024537
0 0.352783 0.506250 0.009277 0.022685
0 0.349243 0.442361 0.008057 0.019907
0 0.348511 0.362500 0.011963 0.025926
0 0.359497 0.294213 0.010986 0.024537
0 0.356201 0.204398 0.011719 0.028241
0 0.370728 0.145370 0.011475 0.025926
0 0.380249 0.072222 0.011475 0.032407
0 0.456787 0.029630 0.011719 0.034259
0 0.377075 0.007870 0.011963 0.014815
0 0.326538 0.930093 0.012451 0.025926
0 0.421143 0.895833 0.011719 0.022222
0 0.435303 0.900000 0.011719 0.022222
0 0.436768 0.795833 0.008789 0.025000
0 0.437500 0.724537 0.013184 0.025926
0 0.444580 0.640741 0.012207 0.025926
0 0.443359 0.558102 0.013672 0.029167
0 0.441406 0.391667 0.012695 0.028704
0 0.452026 0.320370 0.011475 0.030556
0 0.450562 0.254167 0.011475 0.028704
0 0.513794 0.202315 0.012939 0.031481
0 0.506836 0.150694 0.012207 0.027315
0 0.454712 0.163889 0.010498 0.030556
0 0.520630 0.072685 0.012939 0.026852
0 0.512573 0.352083 0.012451 0.027315
0 0.508911 0.509491 0.011963 0.027315
0 0.507568 0.589352 0.010742 0.025000
0 0.498413 0.689120 0.011475 0.024537
0 0.508545 0.762731 0.011230 0.025463
0 0.509277 0.847222 0.014160 0.028704
0 0.515381 0.931944 0.012695 0.026852
0 0.636963 0.929167 0.017090 0.029630
0 0.705322 0.975231 0.016113 0.027315
0 0.813477 0.977083 0.016113 0.027315
0 0.820679 0.899769 0.015869 0.031944
0 0.900146 0.943519 0.012207 0.025000
0 0.884644 0.763194 0.014893 0.022685
0 0.819580 0.803472 0.017578 0.024537
0 0.696899 0.896991 0.014404 0.027315
0 0.685913 0.796065 0.011963 0.024537
0 0.633545 0.828472 0.014160 0.025463
0 0.629272 0.751620 0.012939 0.026389
0 0.629883 0.673843 0.013184 0.023611
0 0.631714 0.577315 0.014893 0.027778
0 0.624878 0.497685 0.013428 0.027778
0 0.633179 0.409259 0.010986 0.030556
0 0.694214 0.553241 0.013916 0.023148
0 0.701294 0.712037 0.015381 0.026852
0 0.711792 0.624306 0.013916 0.026389
0 0.697632 0.455324 0.012451 0.025463
0 0.699463 0.390046 0.013672 0.027315
0 0.692505 0.294907 0.012451 0.029630
0 0.635498 0.339352 0.011230 0.026852
0 0.637329 0.271759 0.012451 0.025926
0 0.639648 0.191204 0.011230 0.031481
0 0.635742 0.115972 0.010742 0.024537
0 0.633667 0.040046 0.014404 0.036574
0 0.693237 0.146065 0.012939 0.030093
0 0.702881 0.226389 0.009766 0.028704
0 0.693604 0.022917 0.013672 0.031019
0 0.805420 0.708333 0.012695 0.025000
0 0.820923 0.628935 0.019775 0.024537
0 0.880981 0.669907 0.013916 0.023148
0 0.880737 0.590046 0.016357 0.021759
0 0.809692 0.543750 0.015381 0.022685
0 0.804199 0.470833 0.013672 0.025926
0 0.871704 0.502546 0.007080 0.027315
0 0.865845 0.412500 0.015869 0.025926
0 0.809814 0.374306 0.017090 0.029167
0 0.799072 0.308565 0.012207 0.025463
0 0.864990 0.347685 0.012207 0.025000
0 0.798340 0.215509 0.014648 0.035648
0 0.799805 0.155093 0.017090 0.029630
0 0.859009 0.185417 0.011475 0.027315
0 0.873535 0.255787 0.013184 0.025463
0 0.855347 0.119676 0.013428 0.022685
0 0.802002 0.082176 0.014160 0.028241
0 0.799316 0.016435 0.008789 0.030093
0 0.989868 0.384491 0.019775 0.029167
0 0.989136 0.297222 0.019287 0.032407
0 0.987061 0.158796 0.020508 0.029630
0 0.980957 0.093287 0.015137 0.025463
0 0.995117 0.534722 0.009277 0.029630
0 0.508301 0.426389 0.010742 0.025926
0 0.441895 0.477315 0.006348 0.019444