0 0.244507 0.987037 0.010986 0.019444
0 0.260620 0.926852 0.010010 0.019444
0 0.268066 0.869907 0.008301 0.018519
0 0.275391 0.812500 0.007324 0.017593
0 0.280029 0.743750 0.007324 0.016204
0 0.289062 0.748380 0.007324 0.016204
0 0.321777 0.842593 0.008301 0.015741
0 0.420654 0.730556 0.008301 0.018519
0 0.426636 0.687500 0.005615 0.015741
0 0.432373 0.640741 0.007324 0.015741
0 0.439087 0.583333 0.007568 0.017593
0 0.989502 0.778009 0.013184 0.017130
0 0.970215 0.714583 0.011230 0.014352
0 0.974243 0.667130 0.011963 0.018519
0 0.800903 0.732176 0.009033 0.017130
0 0.854980 0.717361 0.011719 0.018981
0 0.857910 0.760185 0.011719 0.019444
0 0.801025 0.798843 0.013184 0.019907
0 0.718262 0.714815 0.009277 0.022222
0 0.719482 0.767130 0.009277 0.016667
0 0.718140 0.813657 0.008057 0.016204
0 0.720093 0.881481 0.010498 0.019444
0 0.795532 0.847917 0.010498 0.018981
0 0.727295 0.185417 0.007324 0.016204
0 0.727661 0.215972 0.006592 0.018981
0 0.732544 0.143750 0.007568 0.017130
0 0.728271 0.114120 0.004395 0.012500
0 0.693237 0.118287 0.007080 0.014352
0 0.690308 0.145370 0.006592 0.015741
0 0.688477 0.194444 0.005371 0.018519
0 0.693726 0.236343 0.005615 0.015278
0 0.687378 0.347917 0.006104 0.014352
0 0.687134 0.385185 0.008057 0.017593
0 0.727661 0.370370 0.008545 0.017593
0 0.727539 0.334722 0.006348 0.012037
0 0.724365 0.293981 0.007812 0.015741
0 0.723145 0.263426 0.006836 0.014815
0 0.679321 0.464120 0.009033 0.023611
0 0.722046 0.453241 0.009033 0.019444
0 0.724365 0.507870 0.008301 0.017593
0 0.675049 0.512731 0.009766 0.020833
0 0.672119 0.602083 0.009277 0.022685
0 0.719482 0.601620 0.008789 0.019907
0 0.724854 0.554861 0.009277 0.018981
0 0.673096 0.661806 0.010742 0.020833
0 0.669434 0.726852 0.009766 0.016667
0 0.676880 0.565972 0.007080 0.012500
0 0.659790 0.960185 0.009521 0.020370
0 0.678833 0.905556 0.009521 0.017593
0 0.671631 0.828241 0.008301 0.016667
0 0.718140 0.939120 0.009521 0.017130
0 0.802368 0.921528 0.010986 0.018056
0 0.857300 0.959028 0.010498 0.019907
0 0.849487 0.833102 0.010986 0.018056
0 0.854126 0.899769 0.014404 0.019907
0 0.799316 0.678241 0.006348 0.014815
0 0.795044 0.626620 0.008545 0.015278
0 0.847046 0.652778 0.009033 0.018519
0 0.847900 0.610648 0.008789 0.020370
0 0.797729 0.572685 0.010010 0.018519
0 0.840454 0.558333 0.008057 0.019444
0 0.797119 0.522454 0.012695 0.020833
0 0.839844 0.506250 0.008789 0.019907
0 0.835571 0.475463 0.007080 0.016667
0 0.796997 0.473843 0.006592 0.016204
0 0.798828 0.431019 0.009766 0.016667
0 0.798096 0.383796 0.008301 0.015741
0 0.801147 0.353935 0.008545 0.015278
0 0.832886 0.339583 0.007080 0.017130
0 0.842041 0.373380 0.009277 0.013426
0 0.795288 0.301389 0.008057 0.014815
0 0.796753 0.267593 0.006104 0.016667
0 0.794189 0.228009 0.007812 0.017130
0 0.828003 0.297917 0.006592 0.013426
0 0.829834 0.256944 0.007812 0.010185
0 0.832153 0.174769 0.006104 0.015278
0 0.835327 0.154398 0.007080 0.013426
0 0.791626 0.190278 0.008057 0.016667
0 0.793335 0.158102 0.007568 0.016204
0 0.831055 0.103935 0.006348 0.018981
0 0.790894 0.071991 0.007568 0.019907
0 0.794189 0.015741 0.009277 0.022222
0 0.832397 0.042130 0.009033 0.016667
0 0.834717 0.075463 0.005859 0.015741
0 0.694214 0.087500 0.007568 0.018519
0 0.694702 0.051389 0.008057 0.014815
0 0.729248 0.045602 0.007324 0.018056
0 0.693481 0.032870 0.005127 0.013889
0 0.938843 0.976620 0.015381 0.020833
0 0.992432 0.953009 0.013672 0.017130
0 0.988037 0.887500 0.011719 0.021296
0 0.936279 0.912963 0.013184 0.021296
0 0.927368 0.790278 0.010986 0.018519
0 0.940796 0.850000 0.010498 0.012037
0 0.940308 0.839120 0.013428 0.017130
0 0.927734 0.734491 0.012207 0.017130
0 0.920898 0.683796 0.010254 0.016667
0 0.913208 0.629398 0.010010 0.016204
0 0.960571 0.626620 0.010498 0.017130
0 0.926270 0.572454 0.009766 0.014352
0 0.889893 0.468750 0.007812 0.015278
0 0.904053 0.434259 0.006348 0.016667
0 0.902832 0.393056 0.008301 0.016667
0 0.951660 0.473148 0.009277 0.017593
0 0.916382 0.477083 0.010010 0.016204
0 0.896973 0.156250 0.010254 0.022685
0 0.894775 0.194213 0.010742 0.018056
0 0.903076 0.226620 0.011719 0.020833
0 0.903442 0.314352 0.010010 0.019444
0 0.953369 0.424537 0.007812 0.016667
0 0.950562 0.384491 0.008057 0.014352
0 0.941040 0.346528 0.008545 0.013426
0 0.910767 0.355324 0.007568 0.013426
0 0.937134 0.222917 0.011475 0.014352
0 0.937500 0.178704 0.008789 0.015741
0 0.996338 0.133796 0.006836 0.023148
0 0.522461 0.982407 0.009277 0.022222
0 0.529419 0.932639 0.009521 0.022685
0 0.571289 0.957176 0.009277 0.020833
0 0.584839 0.909259 0.007080 0.017593
0 0.528931 0.850926 0.008545 0.019444
0 0.542603 0.741898 0.009033 0.017130
0 0.536743 0.803241 0.008057 0.019444
0 0.586304 0.726620 0.008057 0.015278
0 0.541016 0.681713 0.009277 0.021759
0 0.556519 0.638657 0.008545 0.018981
0 0.596436 0.624537 0.009277 0.019444
0 0.554321 0.584954 0.007080 0.018981
0 0.554688 0.540972 0.007812 0.017130
0 0.565063 0.485648 0.008545 0.016667
0 0.600220 0.516435 0.007568 0.016204
0 0.567627 0.392824 0.008789 0.023611
0 0.571899 0.360185 0.008545 0.018519
0 0.610718 0.425000 0.008057 0.016667
0 0.603760 0.479861 0.006836 0.014352
0 0.609009 0.386343 0.006592 0.016204
0 0.608643 0.345370 0.005859 0.015741
0 0.580200 0.279630 0.006592 0.019444
0 0.588013 0.235880 0.008057 0.020833
0 0.617188 0.302546 0.008301 0.021759
0 0.621582 0.262731 0.007324 0.020833
0 0.583862 0.206481 0.007568 0.020370
0 0.626099 0.188194 0.007568 0.021759
0 0.622437 0.152546 0.006592 0.020833
0 0.626831 0.115509 0.007080 0.020833
0 0.625732 0.094444 0.008301 0.016667
0 0.591919 0.139583 0.008057 0.020833
0 0.598389 0.067593 0.007324 0.017593
0 0.595825 0.039352 0.007080 0.019444
0 0.633179 0.046759 0.007568 0.023148
0 0.595337 0.008102 0.006592 0.015278
0 0.393311 0.921065 0.008301 0.018056
0 0.447754 0.953472 0.009277 0.018981
0 0.455566 0.904861 0.007324 0.017130
0 0.459351 0.837500 0.009033 0.020370
0 0.458496 0.783333 0.010742 0.017593
0 0.415894 0.792824 0.009033 0.021759
0 0.406006 0.852083 0.007812 0.018981
0 0.461060 0.725926 0.008545 0.014815
0 0.473022 0.670370 0.009033 0.018519
0 0.480835 0.577315 0.009033 0.018519
0 0.490112 0.518519 0.007080 0.018519
0 0.452393 0.484722 0.008789 0.018519
0 0.440186 0.531944 0.007812 0.020370
0 0.486694 0.621296 0.006104 0.019444
0 0.494629 0.481713 0.004883 0.017130
0 0.496338 0.426157 0.008301 0.025463
0 0.458374 0.442361 0.007568 0.020833
0 0.464111 0.404167 0.006348 0.019444
0 0.471191 0.361806 0.007812 0.019907
0 0.506226 0.339120 0.007080 0.018981
0 0.506104 0.386343 0.006348 0.017130
0 0.477539 0.272454 0.007812 0.024537
0 0.484253 0.205093 0.006592 0.020370
0 0.522217 0.228241 0.006348 0.020370
0 0.520874 0.195370 0.004639 0.020370
0 0.501587 0.077315 0.005127 0.014815
0 0.502563 0.040509 0.005127 0.018056
0 0.530273 0.124769 0.006836 0.019907
0 0.536011 0.084491 0.006104 0.020833
0 0.297974 0.685648 0.008545 0.019444
0 0.340576 0.725463 0.009277 0.019444
0 0.346680 0.674074 0.007324 0.019444
0 0.346436 0.631944 0.009277 0.022222
0 0.315430 0.592824 0.009277 0.021759
0 0.320679 0.541435 0.009033 0.021759
0 0.358887 0.570370 0.006348 0.014815
0 0.364990 0.521759 0.006836 0.019444
0 0.371704 0.474769 0.008057 0.019907
0 0.332642 0.444907 0.007568 0.020370
0 0.344604 0.407407 0.009033 0.023148
0 0.348511 0.368287 0.008545 0.018056
0 0.357422 0.318981 0.007812 0.022222
0 0.391602 0.347685 0.007812 0.020370
0 0.391113 0.317593 0.007812 0.018519
0 0.406616 0.277315 0.006592 0.018519
0 0.411621 0.247454 0.004883 0.020833
0 0.437134 0.104398 0.006592 0.019907
0 0.425781 0.169444 0.004883 0.017593
0 0.425659 0.199537 0.006592 0.016667
0 0.377686 0.216898 0.006348 0.018056
0 0.369141 0.242593 0.007812 0.022222
0 0.384033 0.173380 0.007324 0.020833
0 0.404907 0.046296 0.006592 0.019444
0 0.411377 0.016898 0.006836 0.018056
0 0.403931 0.078472 0.005615 0.019907
0 0.400146 0.120370 0.005859 0.016667
0 0.326660 0.182870 0.008301 0.024074
0 0.330811 0.154861 0.006836 0.019907
0 0.341064 0.120370 0.007324 0.024074
0 0.347290 0.086574 0.007080 0.020370
0 0.357056 0.016204 0.006592 0.016667
0 0.048950 0.895139 0.011963 0.018981
0 0.123047 0.948611 0.011719 0.021296
0 0.177612 0.928472 0.011963 0.019907
0 0.194702 0.867593 0.009521 0.017593
0 0.201538 0.816898 0.010986 0.019907
0 0.217285 0.753009 0.009277 0.020833
0 0.150757 0.816204 0.010498 0.021296
0 0.079224 0.795833 0.012451 0.019444
0 0.054199 0.692361 0.011230 0.020833
0 0.079590 0.729861 0.011719 0.018056
0 0.083252 0.546528 0.009766 0.016204
0 0.106812 0.616435 0.011475 0.020833
0 0.125977 0.577083 0.010254 0.019907
0 0.136719 0.524306 0.010254 0.019907
0 0.140991 0.483796 0.010010 0.017593
0 0.102051 0.491435 0.009277 0.018981
0 0.108521 0.449537 0.009521 0.020370
0 0.158691 0.767593 0.009766 0.020370
0 0.174927 0.709491 0.009033 0.019907
0 0.186646 0.661343 0.009521 0.019907
0 0.195801 0.603704 0.010254 0.020370
0 0.214233 0.512963 0.010010 0.022222
0 0.255615 0.549074 0.008301 0.021296
0 0.267090 0.500926 0.008301 0.019444
0 0.238037 0.644676 0.006836 0.018056
0 0.220459 0.701157 0.006836 0.018056
0 0.276978 0.418287 0.010010 0.019907
0 0.289307 0.381481 0.008301 0.018519
0 0.233765 0.426620 0.009033 0.019907
0 0.255371 0.342593 0.007812 0.017593
0 0.262573 0.307870 0.009033 0.022222
0 0.293701 0.328935 0.006836 0.018981
0 0.308228 0.298380 0.007080 0.019907
0 0.318848 0.258333 0.007812 0.020370
0 0.246826 0.600463 0.005371 0.018519
0 0.245483 0.385417 0.007568 0.018056
0 0.153076 0.431481 0.008789 0.021296
0 0.138916 0.356019 0.008301 0.022222
0 0.180664 0.356250 0.008789 0.019907
0 0.187378 0.323611 0.008545 0.019444
0 0.201172 0.285648 0.008301 0.017593
0 0.224121 0.165278 0.007812 0.023148
0 0.285400 0.204630 0.007324 0.023148
0 0.294067 0.125926 0.007568 0.024074
0 0.263428 0.265046 0.007812 0.018981
0 0.312012 0.058102 0.007812 0.021759
0 0.230347 0.134491 0.008545 0.020833
0 0.239014 0.093056 0.007324 0.022222
0 0.261597 0.009954 0.006592 0.017130
0 0.254517 0.037963 0.007080 0.016667
0 0.201050 0.231019 0.008057 0.019444
0 0.210571 0.249074 0.007080 0.018519
0 0.092041 0.314815 0.008789 0.017593
0 0.108521 0.262731 0.009033 0.021759
0 0.106567 0.230324 0.009033 0.020833
0 0.092896 0.171759 0.008545 0.020370
0 0.130005 0.164583 0.009521 0.018981
0 0.167725 0.204861 0.007812 0.018981
0 0.038086 0.354167 0.010742 0.019444
0 0.029053 0.511806 0.011719 0.023611
0 0.042358 0.471065 0.010498 0.021759
0 0.069214 0.392361 0.005615 0.014352
0 0.059692 0.071991 0.009521 0.019907
0 0.109375 0.100926 0.008789 0.023148
0 0.182129 0.007407 0.007812 0.013889
0 0.052246 0.278704 0.009277 0.021296
0 0.015381 0.207176 0.010254 0.022685
0 0.012573 0.575000 0.011475 0.017593