0 0.072510 0.091204 0.014648 0.028704
0 0.025269 0.184954 0.025146 0.041204
0 0.342773 0.014120 0.023438 0.027315
0 0.296875 0.095139 0.020508 0.038426
0 0.504150 0.013657 0.020996 0.026389
0 0.455322 0.094907 0.014648 0.029630
0 0.412231 0.154861 0.019775 0.045833
0 0.499878 0.373611 0.018799 0.031481
0 0.358887 0.248843 0.020020 0.046759
0 0.197021 0.286111 0.023438 0.034259
0 0.153320 0.375231 0.024902 0.041204
0 0.321899 0.356250 0.020752 0.043056
0 0.455933 0.483102 0.016846 0.043981
0 0.268921 0.442824 0.019287 0.034722
0 0.107544 0.444444 0.014404 0.034259
0 0.064575 0.533796 0.024170 0.037037
0 0.010132 0.638194 0.019775 0.035648
0 0.222168 0.570602 0.026367 0.036574
0 0.410034 0.564352 0.020264 0.040741
0 0.124878 0.722454 0.027100 0.043056
0 0.363281 0.673611 0.014648 0.036111
0 0.475464 0.769213 0.020264 0.042130
0 0.324951 0.768519 0.018066 0.037963
0 0.427368 0.847917 0.015869 0.034722
0 0.078613 0.823380 0.029785 0.038426
0 0.281128 0.849769 0.017822 0.031944
0 0.377930 0.959259 0.020996 0.043519
0 0.234619 0.957407 0.018066 0.042593
0 0.987549 0.936343 0.024902 0.043981
0 0.772095 0.979630 0.026123 0.040741
0 0.606445 0.984491 0.019531 0.031019
0 0.652954 0.851389 0.022217 0.041667
0 0.810303 0.852083 0.018066 0.032870
0 0.840820 0.746991 0.017578 0.034722
0 0.895020 0.683102 0.018066 0.038426
0 0.952148 0.627546 0.017090 0.032870
0 0.694458 0.763657 0.008545 0.016204
0 0.740479 0.675231 0.010742 0.024537
0 0.776855 0.582870 0.020020 0.042593
0 0.946899 0.540509 0.025146 0.039352
0 0.983887 0.492130 0.032227 0.048148
0 0.831421 0.474074 0.015869 0.027778
0 0.858643 0.409491 0.013672 0.035648
0 0.534302 0.667361 0.017334 0.034722
0 0.567871 0.577083 0.018555 0.032870
0 0.613770 0.490509 0.018555 0.033796
0 0.646606 0.370833 0.020752 0.039815
0 0.699463 0.278472 0.014648 0.032870
0 0.914795 0.312037 0.012695 0.028704
0 0.941650 0.218981 0.023926 0.037963
0 0.541870 0.274537 0.019287 0.040741
0 0.597046 0.201157 0.020752 0.046759
0 0.733887 0.190741 0.021484 0.042593
0 0.995117 0.110185 0.009766 0.040741
0 0.617188 0.106944 0.013672 0.037963
0 0.777710 0.110417 0.015869 0.039352
0 0.683105 0.020370 0.022949 0.039815
0 0.824097 0.020370 0.023682 0.039815