0 0.086548 0.017593 0.025635 0.034259
0 0.022949 0.075231 0.022949 0.036574
0 0.356689 0.026620 0.016113 0.035648
0 0.303467 0.085648 0.020508 0.037963
0 0.239624 0.175926 0.023682 0.039815
0 0.401367 0.196296 0.017578 0.037037
0 0.355347 0.287963 0.020264 0.036111
0 0.189697 0.252315 0.021484 0.042593
0 0.295166 0.353935 0.016113 0.032870
0 0.139404 0.299074 0.017578 0.028704
0 0.086914 0.368287 0.020996 0.037500
0 0.235229 0.461806 0.020752 0.036574
0 0.022095 0.452083 0.028076 0.039352
0 0.127197 0.576389 0.023926 0.035185
0 0.365723 0.612037 0.010254 0.025926
0 0.071167 0.653704 0.025635 0.033333
0 0.316772 0.693981 0.017334 0.030556
0 0.265137 0.756713 0.016602 0.028241
0 0.210327 0.843750 0.020752 0.039352
0 0.350586 0.899074 0.021484 0.039815
0 0.140137 0.947917 0.025391 0.049537
0 0.409790 0.810417 0.010986 0.022685
0 0.462769 0.748148 0.016846 0.037963
0 0.529419 0.671296 0.017334 0.029630
0 0.629150 0.896065 0.018066 0.038426
0 0.573730 0.597917 0.019043 0.033796
0 0.628418 0.528935 0.019531 0.033796
0 0.420288 0.524074 0.020752 0.037963
0 0.472168 0.465509 0.015625 0.032870
0 0.672729 0.426852 0.019775 0.040741
0 0.526611 0.371759 0.016602 0.030556
0 0.578857 0.289352 0.018555 0.037037
0 0.640015 0.237731 0.021729 0.039352
0 0.670044 0.153704 0.016357 0.035185
0 0.463501 0.127083 0.023193 0.043981
0 0.510498 0.083796 0.016602 0.030556
0 0.567261 0.021296 0.019287 0.031481
0 0.786621 0.017593 0.022461 0.034259
0 0.743408 0.089120 0.020020 0.039352
0 0.923828 0.103935 0.014648 0.030093
0 0.985352 0.028472 0.010742 0.014352
0 0.881348 0.143519 0.028320 0.036111
0 0.830322 0.216435 0.021973 0.029167
0 0.778320 0.276389 0.024902 0.033333
0 0.732910 0.355787 0.019531 0.036574
0 0.978394 0.382639 0.028076 0.036574
0 0.944580 0.464815 0.014160 0.019444
0 0.876587 0.536806 0.018799 0.034722
0 0.839478 0.594676 0.018311 0.027315
0 0.779663 0.679398 0.024658 0.038426
0 0.987915 0.668056 0.024170 0.039815
0 0.951172 0.700000 0.026367 0.037037
0 0.731934 0.761806 0.013184 0.021759
0 0.944702 0.792824 0.024170 0.036574
0 0.885132 0.825926 0.024658 0.029630
0 0.826416 0.868519 0.017090 0.036111
0 0.781006 0.956250 0.017090 0.031019
0 0.678223 0.828009 0.010254 0.012500