0 0.098145 0.006019 0.019531 0.011111
0 0.036621 0.053704 0.019531 0.031481
0 0.365967 0.024537 0.014648 0.031481
0 0.311035 0.073148 0.020996 0.041667
0 0.248535 0.160185 0.022949 0.040741
0 0.197021 0.234954 0.026367 0.043056
0 0.409180 0.192361 0.017578 0.037500
0 0.361084 0.278009 0.018555 0.032870
0 0.299927 0.344213 0.013916 0.032870
0 0.143188 0.276620 0.014404 0.028241
0 0.093140 0.344213 0.024170 0.036574
0 0.025146 0.423843 0.027832 0.038426
0 0.240112 0.449769 0.018311 0.033796
0 0.421509 0.518056 0.018799 0.038889
0 0.129639 0.552778 0.024414 0.035185
0 0.317261 0.680093 0.017822 0.030556
0 0.364258 0.599306 0.013184 0.030093
0 0.071045 0.631944 0.022949 0.035185
0 0.262939 0.742130 0.019531 0.030556
0 0.208374 0.829167 0.017822 0.037963
0 0.140259 0.919444 0.028564 0.038889
0 0.346313 0.889120 0.020264 0.034722
0 0.406616 0.800000 0.012451 0.027778
0 0.461548 0.746991 0.016846 0.043981
0 0.078125 0.981944 0.024414 0.036111
0 0.623291 0.902778 0.020020 0.042593
0 0.776978 0.975694 0.022705 0.042130
0 0.823608 0.884722 0.020264 0.037963
0 0.732178 0.768056 0.013672 0.024074
0 0.674438 0.831944 0.011963 0.014815
0 0.779419 0.695602 0.023682 0.042130
0 0.528931 0.672222 0.020264 0.028704
0 0.573486 0.601157 0.020020 0.033796
0 0.630371 0.537963 0.022949 0.035185
0 0.475098 0.460648 0.019531 0.034259
0 0.531128 0.368750 0.016846 0.028241
0 0.674805 0.433333 0.022949 0.042593
0 0.737671 0.365972 0.016846 0.037500
0 0.840942 0.609259 0.018311 0.030556
0 0.583130 0.291667 0.019287 0.039815
0 0.645020 0.242593 0.023438 0.037963
0 0.783936 0.288889 0.020508 0.038889
0 0.834961 0.231713 0.020996 0.031944
0 0.983887 0.407407 0.022949 0.036111
0 0.946899 0.484954 0.014404 0.024537
0 0.876343 0.555556 0.016357 0.040741
0 0.988281 0.691667 0.023438 0.040741
0 0.950928 0.725463 0.027832 0.036111
0 0.943604 0.819907 0.021973 0.037037
0 0.884033 0.841898 0.022461 0.028241
0 0.575562 0.020139 0.019287 0.021759
0 0.519653 0.082407 0.019287 0.032407
0 0.470947 0.123611 0.022949 0.046296
0 0.675781 0.161574 0.017090 0.035185
0 0.752197 0.102315 0.018066 0.042593
0 0.794800 0.023148 0.024170 0.045370
0 0.890381 0.161806 0.025879 0.038426
0 0.931885 0.122917 0.013672 0.023611
0 0.993530 0.056481 0.012451 0.023148