0 0.090454 0.014815 0.023193 0.028704
0 0.027588 0.064815 0.026367 0.036111
0 0.361938 0.020602 0.018311 0.036574
0 0.516357 0.084259 0.015625 0.028704
0 0.467773 0.126157 0.020996 0.045833
0 0.404663 0.193981 0.019287 0.037963
0 0.310547 0.082176 0.020508 0.042130
0 0.244263 0.168750 0.023193 0.042130
0 0.192993 0.243056 0.022217 0.043519
0 0.140503 0.285648 0.017822 0.021296
0 0.090088 0.354398 0.019531 0.036574
0 0.023682 0.440509 0.031738 0.041204
0 0.237305 0.454398 0.022461 0.037500
0 0.297729 0.353704 0.019287 0.026852
0 0.357910 0.282639 0.019531 0.037500
0 0.129028 0.565046 0.028076 0.033796
0 0.420532 0.519676 0.019287 0.041204
0 0.528198 0.370370 0.014893 0.031481
0 0.474365 0.462731 0.016602 0.035648
0 0.364380 0.605556 0.010986 0.032407
0 0.316772 0.687500 0.017334 0.035185
0 0.463867 0.745139 0.020508 0.042130
0 0.528931 0.671296 0.014893 0.034259
0 0.406616 0.799537 0.014404 0.030556
0 0.263916 0.745833 0.019531 0.030556
0 0.209717 0.836111 0.020020 0.037037
0 0.347534 0.894907 0.020264 0.039815
0 0.136841 0.937963 0.026611 0.043519
0 0.080566 0.987269 0.013672 0.025463
0 0.070435 0.641667 0.029053 0.037037
0 0.627319 0.898843 0.023682 0.039352
0 0.677490 0.829861 0.008301 0.007870
0 0.777954 0.962963 0.020752 0.034259
0 0.823242 0.872917 0.018066 0.036574
0 0.884277 0.836574 0.020996 0.028704
0 0.944824 0.806944 0.017090 0.029630
0 0.949707 0.716667 0.023438 0.034259
0 0.989258 0.677546 0.021484 0.040278
0 0.779541 0.687269 0.020996 0.035648
0 0.730835 0.762731 0.012939 0.019907
0 0.879639 0.548148 0.017578 0.030556
0 0.839844 0.600231 0.019531 0.030093
0 0.945801 0.474306 0.012695 0.025463
0 0.982300 0.396296 0.024170 0.042593
0 0.674316 0.427546 0.021484 0.042130
0 0.630493 0.532639 0.022705 0.031019
0 0.572632 0.596528 0.016846 0.031019
0 0.580444 0.294444 0.020752 0.041667
0 0.643066 0.241898 0.024902 0.043981
0 0.673462 0.156944 0.014404 0.031481
0 0.734009 0.360417 0.020264 0.035648
0 0.780151 0.285185 0.022217 0.035185
0 0.833618 0.225000 0.018311 0.034259
0 0.885742 0.151389 0.024902 0.030556
0 0.928833 0.112963 0.009521 0.025926
0 0.988403 0.043056 0.012451 0.022222
0 0.793091 0.019213 0.022217 0.037500
0 0.571533 0.020833 0.017578 0.028704