0 0.077026 0.024074 0.007568 0.012963
0 0.065918 0.052778 0.005859 0.015741
0 0.021973 0.298611 0.009766 0.013889
0 0.031982 0.243287 0.009766 0.018056
0 0.149292 0.228935 0.009521 0.018981
0 0.124390 0.128704 0.008545 0.018519
0 0.006592 0.422917 0.009766 0.017130
0 0.124023 0.101157 0.009277 0.018981
0 0.063232 0.421528 0.012695 0.017130
0 0.179565 0.027083 0.007568 0.020833
0 0.173218 0.060648 0.008545 0.022222
0 0.178223 0.138426 0.006348 0.013889
0 0.142456 0.310417 0.007568 0.019907
0 0.127808 0.352315 0.007080 0.020370
0 0.108643 0.496991 0.007812 0.016204
0 0.234619 0.057176 0.008301 0.016204
0 0.227051 0.133796 0.008301 0.013889
0 0.211792 0.208796 0.008545 0.014815
0 0.204956 0.337269 0.008545 0.024537
0 0.193237 0.444907 0.008545 0.016667
0 0.189575 0.488889 0.010498 0.018519
0 0.242920 0.519444 0.009766 0.017593
0 0.247437 0.458565 0.009033 0.018056
0 0.251953 0.414120 0.009766 0.019907
0 0.256348 0.325926 0.008301 0.019444
0 0.268677 0.238426 0.008057 0.015741
0 0.265015 0.184259 0.009521 0.020370
0 0.272095 0.126389 0.009521 0.016667
0 0.278320 0.091204 0.008301 0.018519
0 0.283325 0.049306 0.007080 0.017130
0 0.286011 0.010648 0.007568 0.020370
0 0.340576 0.043519 0.008789 0.015741
0 0.332520 0.200926 0.007812 0.016667
0 0.325928 0.313889 0.007812 0.020370
0 0.317627 0.424074 0.010254 0.018519
0 0.315186 0.459722 0.009277 0.020370
0 0.370728 0.502546 0.007080 0.016204
0 0.375122 0.303935 0.008545 0.020833
0 0.373291 0.256250 0.005859 0.018981
0 0.377930 0.187037 0.006836 0.017593
0 0.382568 0.099074 0.008301 0.022222
0 0.449341 0.099306 0.007080 0.022685
0 0.445435 0.140046 0.007080 0.018056
0 0.443726 0.295833 0.007568 0.018519
0 0.440674 0.371065 0.008789 0.024537
0 0.437866 0.428704 0.009521 0.018519
0 0.443237 0.475694 0.006104 0.020833
0 0.445557 0.532176 0.007324 0.019907
0 0.026611 0.704167 0.011719 0.014815
0 0.047852 0.571759 0.011719 0.020370
0 0.087036 0.723611 0.011963 0.022222
0 0.093506 0.614583 0.011719 0.017130
0 0.103394 0.548148 0.011475 0.018519
0 0.008667 0.763889 0.014893 0.015741
0 0.060913 0.868056 0.014404 0.019444
0 0.051880 0.928935 0.013428 0.018056
0 0.149170 0.909028 0.013184 0.017130
0 0.161133 0.784259 0.011719 0.017593
0 0.157471 0.840741 0.011719 0.014815
0 0.173218 0.655093 0.011475 0.015741
0 0.171509 0.710185 0.010498 0.015741
0 0.174438 0.591435 0.011475 0.013426
0 0.189209 0.543750 0.011230 0.017130
0 0.239258 0.574769 0.010254 0.017130
0 0.233032 0.623380 0.007568 0.017130
0 0.229004 0.683565 0.006348 0.018981
0 0.221802 0.741667 0.013428 0.018519
0 0.205933 0.883796 0.013428 0.019444
0 0.294556 0.968750 0.009033 0.021759
0 0.292847 0.871759 0.010498 0.024074
0 0.304810 0.815278 0.008545 0.019444
0 0.297485 0.764352 0.009521 0.017593
0 0.304321 0.687500 0.010986 0.022222
0 0.311768 0.575694 0.010254 0.019907
0 0.366943 0.609491 0.008789 0.019907
0 0.361694 0.731713 0.010010 0.019907
0 0.360107 0.916898 0.010254 0.018056
0 0.442505 0.888889 0.008545 0.019444
0 0.443237 0.818981 0.006592 0.016667
0 0.439453 0.760185 0.008301 0.018519
0 0.438110 0.697685 0.008545 0.020370
0 0.444702 0.584954 0.007080 0.018981
0 0.502075 0.854398 0.010010 0.019907
0 0.500977 0.925694 0.008789 0.018056
0 0.494873 0.661111 0.008301 0.018519
0 0.495972 0.796065 0.009521 0.018056
0 0.491943 0.566898 0.006348 0.017130
0 0.491577 0.449537 0.007568 0.021296
0 0.591064 0.980324 0.009277 0.020833
0 0.592651 0.903472 0.009033 0.020833
0 0.589478 0.838889 0.009033 0.020370
0 0.585205 0.768750 0.007812 0.018056
0 0.580322 0.709259 0.008789 0.018519
0 0.571655 0.597454 0.009521 0.019907
0 0.573853 0.541667 0.006592 0.018519
0 0.570068 0.494907 0.006348 0.019444
0 0.565674 0.445833 0.006836 0.016667
0 0.617676 0.471759 0.006836 0.017593
0 0.619995 0.524537 0.006592 0.016667
0 0.624756 0.563426 0.006348 0.019444
0 0.619751 0.608796 0.008057 0.018519
0 0.635254 0.740972 0.008301 0.018056
0 0.654541 0.867130 0.011719 0.022222
0 0.643555 0.939815 0.009277 0.017593
0 0.736450 0.911806 0.010010 0.019907
0 0.735474 0.831019 0.010986 0.022222
0 0.721191 0.786111 0.008789 0.015741
0 0.717651 0.709491 0.008545 0.019907
0 0.708618 0.668056 0.010498 0.019444
0 0.700806 0.603241 0.009033 0.015741
0 0.692627 0.501389 0.006348 0.016667
0 0.735840 0.474306 0.010742 0.018056
0 0.764526 0.685417 0.009521 0.018056
0 0.769653 0.749306 0.010498 0.018056
0 0.781128 0.812269 0.012451 0.028241
0 0.786743 0.862731 0.006592 0.015278
0 0.797363 0.932639 0.009277 0.017130
0 0.831543 0.549074 0.011719 0.019444
0 0.882080 0.918056 0.010742 0.016667
0 0.943604 0.950000 0.014648 0.018519
0 0.876465 0.855787 0.013184 0.018056
0 0.863647 0.783102 0.010498 0.017130
0 0.844238 0.658333 0.010254 0.018519
0 0.858887 0.470602 0.009766 0.017130
0 0.874146 0.511343 0.008545 0.018981
0 0.886108 0.621296 0.011963 0.022222
0 0.910156 0.748380 0.012695 0.018056
0 0.928833 0.861111 0.011963 0.019444
0 0.883057 0.573843 0.007812 0.017130
0 0.938599 0.526157 0.010498 0.018056
0 0.964844 0.628009 0.008301 0.014352
0 0.977417 0.680787 0.009033 0.020833
0 0.981567 0.740509 0.010010 0.018056
0 0.949219 0.033565 0.007324 0.018981
0 0.913818 0.194676 0.007324 0.015278
0 0.846191 0.043981 0.007324 0.014815
0 0.849854 0.073843 0.006348 0.019907
0 0.862549 0.104861 0.006348 0.016204
0 0.865601 0.134722 0.006104 0.011111
0 0.883911 0.217593 0.006104 0.013889
0 0.815063 0.209491 0.007568 0.014352
0 0.908691 0.338194 0.010254 0.015278
0 0.965210 0.394213 0.010498 0.020833
0 0.937744 0.276389 0.012207 0.020370
0 0.920288 0.422685 0.006592 0.011111
0 0.837402 0.331250 0.009277 0.014352
0 0.842896 0.371065 0.008057 0.019907
0 0.810791 0.401852 0.008301 0.013889
0 0.731201 0.418750 0.008789 0.017130
0 0.727661 0.361111 0.007568 0.022222
0 0.714844 0.327315 0.007324 0.016667
0 0.717407 0.281944 0.007080 0.018519
0 0.704102 0.170833 0.005859 0.016667
0 0.693115 0.097222 0.006348 0.018519
0 0.661133 0.159028 0.006836 0.013426
0 0.680054 0.308796 0.007080 0.019444
0 0.678223 0.360648 0.005859 0.018519
0 0.687378 0.398843 0.006592 0.018981
0 0.622559 0.416204 0.005371 0.014815
0 0.610596 0.371991 0.005371 0.016204
0 0.607910 0.320370 0.004395 0.015741
0 0.559814 0.306713 0.006836 0.012500
0 0.559082 0.261806 0.004883 0.016204
0 0.564453 0.188426 0.006348 0.015741
0 0.593140 0.198380 0.007568 0.015278
0 0.598511 0.155787 0.007568 0.017130
0 0.775024 0.195139 0.007568 0.018056
0 0.781616 0.232870 0.008057 0.021296
0 0.798706 0.312963 0.008545 0.017593
0 0.763306 0.071528 0.007080 0.019907
0 0.760254 0.047222 0.006348 0.016667
0 0.646973 0.006019 0.006348 0.011111
0 0.656250 0.038889 0.007812 0.020370
0 0.662842 0.112500 0.006348 0.019444
0 0.665894 0.227083 0.006104 0.018981
0 0.666138 0.197454 0.007080 0.018056
0 0.602539 0.275231 0.006348 0.019907
0 0.596680 0.122454 0.006836 0.017130
0 0.590698 0.018287 0.004639 0.015278
0 0.554688 0.006481 0.007324 0.012037
0 0.558838 0.137500 0.006348 0.015741
0 0.560059 0.107639 0.006836 0.018056
0 0.557129 0.072685 0.005371 0.020370
0 0.562744 0.224306 0.007324 0.017130
0 0.770996 0.156019 0.006348 0.016667
0 0.802124 0.140741 0.007568 0.016667
0 0.985596 0.140278 0.011719 0.022222
0 0.791260 0.061111 0.007324 0.019444
0 0.488647 0.241898 0.006592 0.013426
0 0.487671 0.082407 0.006104 0.018519
0 0.495483 0.049769 0.004639 0.014352
0 0.489624 0.009491 0.006592 0.018056
0 0.493408 0.362963 0.007812 0.018519
0 0.571289 0.398148 0.007324 0.011111
0 0.109253 0.201620 0.008545 0.014352
0 0.368530 0.445139 0.009521 0.018981
0 0.487671 0.188194 0.005615 0.020833
0 0.717896 0.243750 0.006104 0.017130
0 0.692261 0.064120 0.003662 0.019907
0 0.851318 0.412500 0.008789 0.023148
0 0.856812 0.725463 0.008057 0.015741
0 0.748779 0.575694 0.007324 0.016204
0 0.687744 0.461343 0.008789 0.019907
0 0.313110 0.518287 0.010498 0.018056
0 0.032959 0.641204 0.011230 0.018519
0 0.330811 0.241204 0.009277 0.019444
0 0.438477 0.335880 0.006836 0.017130
0 0.446289 0.065972 0.008301 0.021759
0 0.381104 0.227778 0.005371 0.016667
0 0.446289 0.182870 0.005371 0.014815
0 0.357056 0.847685 0.008057 0.020370
0 0.593262 0.240046 0.007324 0.015278
0 0.891357 0.256713 0.007812 0.014352
0 0.989014 0.492824 0.007812 0.019907
0 0.139648 0.985648 0.013184 0.016667
0 0.893066 0.983796 0.008789 0.022222