0 0.285522 0.098843 0.008545 0.020833
0 0.339478 0.218287 0.008057 0.019907
0 0.334595 0.300000 0.009521 0.022222
0 0.327148 0.431481 0.008301 0.028704
0 0.252930 0.446991 0.010254 0.018981
0 0.210938 0.411806 0.009277 0.015278
0 0.212646 0.370602 0.010254 0.016204
0 0.221924 0.276620 0.009766 0.013426
0 0.149048 0.325463 0.008545 0.019444
0 0.129761 0.433565 0.011475 0.018056
0 0.123413 0.472917 0.009521 0.016204
0 0.113037 0.515972 0.011719 0.021759
0 0.108643 0.591435 0.014648 0.017130
0 0.254028 0.548843 0.009033 0.019907
0 0.204834 0.464583 0.009766 0.022685
0 0.034180 0.300231 0.008789 0.017130
0 0.342163 0.104630 0.008545 0.015741
0 0.340698 0.132176 0.007568 0.020833
0 0.276001 0.220833 0.008057 0.018519
0 0.265259 0.335880 0.010498 0.021759
0 0.235229 0.121296 0.008545 0.018519
0 0.233643 0.155787 0.009766 0.021759
0 0.318970 0.608102 0.013428 0.023611
0 0.328979 0.502083 0.009521 0.022685
0 0.383911 0.587500 0.008545 0.024074
0 0.375732 0.527315 0.006836 0.023148
0 0.384399 0.467130 0.007568 0.017593
0 0.387329 0.246296 0.007080 0.019444
0 0.389282 0.165741 0.007080 0.013889
0 0.378418 0.650926 0.007812 0.018519
0 0.456055 0.608565 0.008789 0.018056
0 0.452393 0.553704 0.006836 0.018519
0 0.454224 0.450463 0.006592 0.020370
0 0.453369 0.400231 0.006836 0.018056
0 0.450195 0.359259 0.007324 0.016667
0 0.448853 0.312731 0.007568 0.019907
0 0.454224 0.230093 0.006592 0.016667
0 0.455078 0.190278 0.007812 0.020370
0 0.452271 0.145833 0.006104 0.017593
0 0.446533 0.109954 0.007324 0.015278
0 0.448975 0.066204 0.007324 0.020370
0 0.494263 0.126157 0.007568 0.021759
0 0.495239 0.217130 0.007568 0.015741
0 0.497925 0.287500 0.007080 0.022222
0 0.503906 0.425000 0.008789 0.021296
0 0.508545 0.586806 0.008789 0.020833
0 0.458618 0.666898 0.008545 0.018056
0 0.512695 0.698148 0.005859 0.021296
0 0.511108 0.753241 0.009521 0.019444
0 0.461548 0.793750 0.010010 0.017130
0 0.369141 0.765972 0.009766 0.016204
0 0.370728 0.881481 0.010010 0.020370
0 0.312012 0.722222 0.010742 0.021296
0 0.236206 0.770602 0.009521 0.021759
0 0.238159 0.700463 0.009521 0.017593
0 0.182739 0.683102 0.011475 0.018056
0 0.099243 0.701852 0.011475 0.019444
0 0.080322 0.764815 0.016113 0.021296
0 0.077637 0.831481 0.013184 0.019444
0 0.219971 0.838889 0.012695 0.018519
0 0.233032 0.904630 0.009033 0.019444
0 0.299194 0.933565 0.012939 0.019907
0 0.300415 0.995370 0.011475 0.009259
0 0.463257 0.856944 0.007568 0.021296
0 0.061157 0.971065 0.014404 0.018981
0 0.580688 0.465972 0.007568 0.018056
0 0.579590 0.521065 0.007812 0.017130
0 0.592407 0.616204 0.007568 0.020370
0 0.597778 0.738657 0.009521 0.019907
0 0.605713 0.865741 0.007324 0.017593
0 0.607178 0.942593 0.010742 0.017593
0 0.642090 0.641435 0.009766 0.018056
0 0.633911 0.437269 0.010010 0.020833
0 0.617798 0.347917 0.006592 0.017130
0 0.604736 0.246296 0.008301 0.019444
0 0.306030 0.854861 0.011963 0.018981
0 0.310913 0.790509 0.011475 0.019907
0 0.513794 0.887269 0.007568 0.017130
0 0.557861 0.126620 0.006836 0.016204
0 0.565796 0.200231 0.006104 0.021759
0 0.724731 0.678935 0.008545 0.022685
0 0.662354 0.830556 0.009277 0.017593
0 0.666870 0.893519 0.009521 0.016667
0 0.671387 0.970833 0.009766 0.019444
0 0.745728 0.870139 0.010010 0.019907
0 0.735840 0.794676 0.009277 0.021759
0 0.735229 0.737037 0.011963 0.021296
0 0.711792 0.568056 0.008545 0.020370
0 0.762695 0.541204 0.009277 0.022222
0 0.753906 0.487731 0.008301 0.018056
0 0.742065 0.399769 0.012939 0.022685
0 0.701538 0.405324 0.010010 0.023611
0 0.690796 0.380787 0.008545 0.016204
0 0.623657 0.487269 0.009033 0.020833
0 0.637451 0.539815 0.005859 0.018519
0 0.818481 0.956250 0.012939 0.019907
0 0.810059 0.890278 0.011719 0.021296
0 0.792969 0.766435 0.012695 0.019907
0 0.777100 0.690278 0.009766 0.023148
0 0.762695 0.579398 0.008301 0.017130
0 0.826050 0.474537 0.009033 0.017593
0 0.821411 0.430556 0.009521 0.015741
0 0.813110 0.375000 0.008057 0.017593
0 0.867676 0.434259 0.005371 0.024074
0 0.834473 0.525000 0.009766 0.020370
0 0.840698 0.575000 0.008545 0.020370
0 0.851685 0.632639 0.009033 0.018981
0 0.858521 0.681944 0.010010 0.021296
0 0.863525 0.757870 0.008789 0.015741
0 0.883789 0.877083 0.011230 0.018981
0 0.907471 0.945139 0.013672 0.019907
0 0.967651 0.974769 0.015381 0.023611
0 0.962524 0.905787 0.010986 0.018981
0 0.927612 0.768750 0.012451 0.022685
0 0.923828 0.709028 0.010742 0.019907
0 0.993408 0.730556 0.013184 0.016667
0 0.985840 0.664583 0.009766 0.020833
0 0.966187 0.596065 0.011963 0.019907
0 0.950928 0.503009 0.012207 0.018981
0 0.940918 0.452083 0.011230 0.018056
0 0.967285 0.369907 0.009766 0.020370
0 0.834106 0.259722 0.009033 0.021296
0 0.797852 0.286111 0.008789 0.018519
0 0.729614 0.304861 0.008545 0.018981
0 0.733032 0.353009 0.008545 0.015278
0 0.681274 0.294444 0.008545 0.020370
0 0.658569 0.064352 0.007568 0.019444
0 0.702637 0.105556 0.007324 0.023148
0 0.762817 0.028241 0.007568 0.013889
0 0.881592 0.187731 0.007812 0.017130
0 0.915405 0.347685 0.008545 0.015741
0 0.936279 0.240509 0.007812 0.019907
0 0.907227 0.088889 0.008301 0.024074
0 0.664917 0.092593 0.006592 0.020370
0 0.603882 0.147454 0.006104 0.015278
0 0.789062 0.204630 0.010254 0.020370
0 0.814575 0.146759 0.009033 0.018519
0 0.827148 0.175463 0.007324 0.020370
0 0.965088 0.329398 0.011230 0.018056
0 0.577881 0.415741 0.009277 0.021296
0 0.574829 0.368056 0.008057 0.018519
0 0.570679 0.322222 0.007080 0.018519
0 0.071655 0.104861 0.008057 0.015278
0 0.081787 0.011111 0.006836 0.013889
0 0.073975 0.446759 0.011230 0.017593
0 0.151855 0.245139 0.009277 0.018981
0 0.158936 0.194907 0.008789 0.017593
0 0.164429 0.158102 0.006104 0.016204
0 0.102417 0.643287 0.009521 0.017130
0 0.055908 0.556713 0.008301 0.015278
0 0.154541 0.940741 0.011230 0.018519
0 0.182861 0.755787 0.010254 0.015278
0 0.281982 0.133333 0.007324 0.016667
0 0.277100 0.177315 0.004883 0.015741
0 0.320923 0.552778 0.008057 0.020370
0 0.328857 0.358333 0.004883 0.013889
0 0.350098 0.019907 0.008789 0.023148
0 0.391724 0.014815 0.008057 0.020370
0 0.372314 0.819676 0.008301 0.019907
0 0.508789 0.633796 0.007324 0.016667
0 0.503906 0.526157 0.008301 0.019907
0 0.503784 0.480093 0.008057 0.018519
0 0.645142 0.697454 0.008545 0.019907
0 0.651611 0.773611 0.009766 0.020370
0 0.756104 0.938889 0.007812 0.016667
0 0.688599 0.324074 0.007080 0.018519
0 0.668579 0.170370 0.006592 0.017593
0 0.706909 0.148380 0.009521 0.017130
0 0.609741 0.218056 0.007080 0.021296
0 0.659302 0.025000 0.008057 0.019444
0 0.689209 0.040278 0.006348 0.018519
0 0.877930 0.495370 0.010254 0.017593
0 0.853760 0.351620 0.008789 0.017130
0 0.832153 0.224537 0.005615 0.019444
0 0.797119 0.041898 0.007324 0.017130
0 0.992432 0.156944 0.011719 0.021296
0 0.975464 0.077778 0.009521 0.022222
0 0.912476 0.301620 0.010010 0.013426
0 0.995361 0.462500 0.008301 0.017593
0 0.248779 0.594213 0.010742 0.019907
0 0.287720 0.034954 0.007568 0.017130
0 0.459351 0.981481 0.010010 0.019444
0 0.371704 0.692824 0.009033 0.020833
0 0.618286 0.303472 0.007080 0.018056
0 0.451904 0.012269 0.008301 0.014352
0 0.928589 0.411574 0.005615 0.014815
0 0.014282 0.394676 0.006592 0.014352
0 0.242676 0.650231 0.010254 0.018056
0 0.186890 0.624074 0.011963 0.023148
0 0.778809 0.638657 0.012207 0.018981
0 0.336060 0.390509 0.007080 0.016204
0 0.384399 0.331944 0.007568 0.018519
0 0.496216 0.066898 0.006592 0.018981
0 0.701294 0.465972 0.009521 0.021759
0 0.498779 0.384028 0.008301 0.017130
0 0.004150 0.935880 0.007812 0.020833
0 0.082397 0.354167 0.011475 0.012963
0 0.097168 0.308565 0.007812 0.015278
0 0.883057 0.158796 0.008789 0.019444
0 0.160522 0.876157 0.011963 0.018981
0 0.674072 0.246759 0.009766 0.016667
0 0.909180 0.646296 0.010742 0.020370
0 0.452515 0.730787 0.008057 0.016204
0 0.588623 0.576620 0.005371 0.018056
0 0.598267 0.073380 0.007080 0.016204
0 0.221436 0.318519 0.008301 0.016667
0 0.699463 0.067824 0.004883 0.021759
0 0.038086 0.677778 0.013184 0.021296
0 0.121826 0.100926 0.008301 0.018519
0 0.512939 0.816435 0.004883 0.017130
0 0.233765 0.196528 0.006104 0.016204
0 0.006348 0.446991 0.010742 0.014352
0 0.562622 0.164120 0.006104 0.008796