0 0.080322 0.009491 0.006836 0.018056
0 0.038574 0.239352 0.009766 0.013889
0 0.047607 0.186343 0.009766 0.018056
0 0.161743 0.172454 0.010498 0.022685
0 0.137085 0.078241 0.008545 0.018519
0 0.024902 0.356713 0.009766 0.017130
0 0.136475 0.051620 0.009277 0.018981
0 0.080322 0.354398 0.012695 0.017130
0 0.183960 0.013426 0.008545 0.022222
0 0.189697 0.088889 0.006348 0.013889
0 0.155640 0.250231 0.007568 0.019907
0 0.142822 0.290046 0.006836 0.019907
0 0.125000 0.425231 0.007812 0.016204
0 0.244141 0.011343 0.008301 0.016204
0 0.237793 0.082870 0.008301 0.013889
0 0.222778 0.152778 0.010010 0.015741
0 0.217163 0.272917 0.008545 0.024537
0 0.205933 0.377315 0.008545 0.016667
0 0.202759 0.419907 0.010498 0.018519
0 0.253906 0.450463 0.009766 0.017593
0 0.258179 0.390509 0.009033 0.018056
0 0.261963 0.346991 0.009766 0.019907
0 0.265625 0.269444 0.008301 0.019444
0 0.277344 0.182870 0.008301 0.016667
0 0.273560 0.129630 0.009521 0.020370
0 0.281616 0.076389 0.009521 0.016667
0 0.286865 0.043056 0.008301 0.018519
0 0.292114 0.006481 0.006592 0.012037
0 0.339966 0.145602 0.008545 0.017130
0 0.334229 0.252315 0.007812 0.020370
0 0.325928 0.356944 0.010254 0.018519
0 0.323242 0.392593 0.009277 0.020370
0 0.378052 0.431250 0.007080 0.016204
0 0.381470 0.242824 0.008545 0.020833
0 0.382202 0.199074 0.008545 0.019444
0 0.384277 0.131944 0.006836 0.017593
0 0.388184 0.050000 0.008301 0.022222
0 0.452759 0.051620 0.007080 0.022685
0 0.450317 0.089583 0.007080 0.018056
0 0.447876 0.237500 0.007568 0.018519
0 0.445557 0.307639 0.008789 0.024537
0 0.442261 0.361574 0.009521 0.018519
0 0.448364 0.406713 0.006104 0.020833
0 0.450684 0.459028 0.007324 0.019907
0 0.046387 0.618519 0.011719 0.014815
0 0.065186 0.494444 0.011719 0.020370
0 0.104370 0.638889 0.011963 0.022222
0 0.109619 0.535880 0.011719 0.017130
0 0.118530 0.473611 0.011475 0.018519
0 0.028198 0.674537 0.014893 0.015741
0 0.079956 0.774769 0.012939 0.018056
0 0.072388 0.831713 0.013428 0.018056
0 0.165527 0.813194 0.013184 0.017130
0 0.176270 0.696759 0.011719 0.017593
0 0.173584 0.747222 0.011719 0.014815
0 0.187866 0.575000 0.011475 0.015741
0 0.186646 0.629167 0.010498 0.015741
0 0.187622 0.520139 0.011475 0.013426
0 0.202393 0.471065 0.011230 0.017130
0 0.250732 0.499306 0.010254 0.017130
0 0.245239 0.544676 0.007568 0.017130
0 0.240967 0.602083 0.006348 0.018981
0 0.235229 0.653704 0.013428 0.018519
0 0.220093 0.790741 0.013428 0.019444
0 0.306274 0.867361 0.009033 0.021759
0 0.305298 0.775926 0.010498 0.024074
0 0.316040 0.723611 0.008545 0.019444
0 0.308716 0.677315 0.009521 0.018519
0 0.314331 0.605093 0.010986 0.022222
0 0.320801 0.501157 0.010254 0.019907
0 0.375000 0.532639 0.008789 0.019907
0 0.370972 0.647454 0.010010 0.019907
0 0.369385 0.819213 0.010254 0.018056
0 0.448853 0.794907 0.008545 0.019444
0 0.449341 0.728241 0.006592 0.016667
0 0.445679 0.673148 0.008545 0.019444
0 0.444214 0.615509 0.007568 0.019907
0 0.450562 0.510880 0.007080 0.018981
0 0.505737 0.761806 0.010010 0.019907
0 0.504395 0.828472 0.008789 0.018056
0 0.499023 0.581481 0.008301 0.018519
0 0.500122 0.707639 0.009521 0.018056
0 0.496582 0.491898 0.008301 0.014352
0 0.495728 0.381944 0.007568 0.021296
0 0.591797 0.880093 0.008789 0.017593
0 0.593872 0.808102 0.009033 0.020833
0 0.590454 0.747454 0.009033 0.018981
0 0.585938 0.681713 0.007812 0.018056
0 0.581543 0.626389 0.008789 0.018519
0 0.573608 0.521528 0.009521 0.019907
0 0.575317 0.469444 0.006592 0.016667
0 0.571533 0.429167 0.006348 0.019444
0 0.567139 0.378704 0.006836 0.016667
0 0.617920 0.403241 0.006836 0.017593
0 0.619751 0.453704 0.006592 0.016667
0 0.624756 0.489815 0.006836 0.017593
0 0.619019 0.531481 0.008057 0.018519
0 0.634521 0.657176 0.008301 0.018056
0 0.652832 0.773148 0.011719 0.022222
0 0.642578 0.841204 0.009277 0.017593
0 0.732056 0.815972 0.010010 0.019907
0 0.731323 0.738426 0.010986 0.022222
0 0.717529 0.698148 0.008789 0.015741
0 0.714478 0.627083 0.008545 0.019907
0 0.704956 0.588889 0.010498 0.019444
0 0.697388 0.527315 0.009033 0.015741
0 0.690186 0.433796 0.006348 0.016667
0 0.732544 0.405324 0.009521 0.018056
0 0.759644 0.603935 0.009521 0.018056
0 0.764038 0.664120 0.010498 0.018056
0 0.775513 0.723380 0.012451 0.028241
0 0.780640 0.771065 0.006592 0.015278
0 0.790527 0.835417 0.007812 0.017130
0 0.825195 0.476852 0.011719 0.019444
0 0.873047 0.822222 0.010742 0.016667
0 0.932129 0.851389 0.014648 0.018519
0 0.867432 0.763194 0.013184 0.018056
0 0.854614 0.696528 0.011475 0.018056
0 0.836182 0.579167 0.010254 0.018519
0 0.852539 0.403935 0.008301 0.018056
0 0.866821 0.441435 0.008545 0.018981
0 0.876831 0.545833 0.011963 0.022222
0 0.900391 0.663657 0.012695 0.018056
0 0.918579 0.776389 0.011963 0.019444
0 0.875244 0.499769 0.007812 0.017130
0 0.929565 0.455787 0.009521 0.017130
0 0.952148 0.551620 0.007812 0.013426
0 0.963745 0.603009 0.009033 0.020833
0 0.970093 0.655324 0.010010 0.018056
0 0.905273 0.139352 0.008301 0.017593
0 0.843994 0.028472 0.006348 0.019907
0 0.855591 0.059259 0.007568 0.019444
0 0.859741 0.084722 0.006104 0.011111
0 0.875854 0.163889 0.006104 0.013889
0 0.809448 0.158102 0.007568 0.018056
0 0.899902 0.278472 0.010254 0.015278
0 0.954102 0.331250 0.011230 0.019907
0 0.931152 0.216435 0.007812 0.015278
0 0.911499 0.358796 0.007080 0.013889
0 0.830811 0.272685 0.008301 0.018519
0 0.836548 0.307639 0.008057 0.019907
0 0.804565 0.339583 0.009033 0.015278
0 0.728027 0.353009 0.008789 0.017130
0 0.724731 0.298611 0.007568 0.020370
0 0.711914 0.267130 0.007324 0.016667
0 0.714355 0.225926 0.006836 0.018519
0 0.701538 0.119444 0.005615 0.019444
0 0.691406 0.049074 0.006348 0.018519
0 0.659180 0.108102 0.006836 0.013426
0 0.678101 0.250000 0.007080 0.019444
0 0.675781 0.300000 0.005859 0.018519
0 0.684937 0.335417 0.007568 0.019907
0 0.622070 0.350926 0.005371 0.014815
0 0.610840 0.310880 0.005371 0.016204
0 0.608154 0.261806 0.004395 0.015278
0 0.561157 0.246528 0.007080 0.015278
0 0.560425 0.202546 0.004150 0.015278
0 0.564941 0.137731 0.005859 0.018981
0 0.593628 0.145139 0.007568 0.015278
0 0.598267 0.106250 0.007568 0.017130
0 0.770874 0.142361 0.007568 0.018056
0 0.776978 0.178009 0.007080 0.018056
0 0.793091 0.254167 0.008545 0.015741
0 0.759399 0.024306 0.007080 0.019907
0 0.662109 0.063657 0.007812 0.019907
0 0.665161 0.146296 0.006104 0.018519
0 0.601562 0.217361 0.006348 0.019907
0 0.597412 0.071528 0.006836 0.017130
0 0.560181 0.088426 0.006592 0.015741
0 0.561523 0.057870 0.005859 0.016667
0 0.558105 0.026852 0.005371 0.020370
0 0.564209 0.170139 0.007324 0.017130
0 0.766602 0.106019 0.006348 0.016667
0 0.796631 0.090278 0.006348 0.015741
0 0.977173 0.087731 0.010010 0.018056
0 0.492065 0.187269 0.006592 0.013426
0 0.490601 0.033333 0.006104 0.018519
0 0.497314 0.302546 0.006348 0.015278
0 0.574219 0.335417 0.006836 0.012500
0 0.375610 0.377546 0.009521 0.018981
0 0.490356 0.134028 0.005615 0.020833
0 0.715210 0.188194 0.006592 0.018981
0 0.690552 0.021991 0.003662 0.019907
0 0.844604 0.347222 0.008545 0.018519
0 0.848511 0.642130 0.008057 0.015741
0 0.745117 0.505787 0.007324 0.016204
0 0.322144 0.446528 0.010498 0.018056
0 0.051880 0.562269 0.008057 0.020833
0 0.338501 0.182870 0.008545 0.016667
0 0.443604 0.276157 0.006836 0.017130
0 0.448364 0.014352 0.007568 0.019444
0 0.387939 0.171759 0.005371 0.016667
0 0.451172 0.131481 0.005371 0.014815
0 0.364502 0.761574 0.008789 0.020370
0 0.593750 0.183565 0.007324 0.015278
0 0.883545 0.199769 0.007812 0.014352
0 0.978760 0.421991 0.007812 0.019907
0 0.155029 0.882870 0.013184 0.016667
0 0.884033 0.885185 0.009277 0.020370
0 0.056641 0.887963 0.015137 0.020370
0 0.801270 0.907407 0.012207 0.020370
0 0.359375 0.907176 0.007324 0.021759
0 0.219727 0.922222 0.010742 0.020370
0 0.658691 0.910417 0.008789 0.020833
0 0.506714 0.894213 0.006592 0.023611
0 0.446045 0.930787 0.009766 0.018056
0 0.946533 0.918287 0.014160 0.018981
0 0.988281 0.734722 0.009766 0.015741
0 0.297241 0.936574 0.010986 0.020370
0 0.891968 0.950694 0.012451 0.021759
0 0.743042 0.946065 0.010010 0.019907
0 0.014648 0.795139 0.010254 0.017130
0 0.603882 0.951852 0.008057 0.017593
0 0.801758 0.962269 0.012695 0.021759
0 0.991699 0.521991 0.010742 0.018056
0 0.511475 0.969907 0.010254 0.019444
0 0.367798 0.976852 0.010986 0.023148
0 0.663452 0.976389 0.008057 0.017593
0 0.050659 0.985880 0.018799 0.019907
0 0.213623 0.980093 0.008301 0.019444
0 0.663940 0.172685 0.005615 0.015741