0 0.081055 0.006019 0.009766 0.011111
0 0.246338 0.068981 0.005371 0.017593
0 0.381958 0.076852 0.015381 0.035185
0 0.353882 0.186574 0.016357 0.030556
0 0.228394 0.182639 0.024170 0.035648
0 0.057617 0.125231 0.021484 0.033796
0 0.015137 0.209722 0.029297 0.048148
0 0.326050 0.273148 0.020264 0.045370
0 0.204224 0.296296 0.017334 0.033333
0 0.173462 0.402315 0.019287 0.040741
0 0.292480 0.399769 0.017090 0.040278
0 0.279663 0.523380 0.018799 0.034722
0 0.145996 0.552083 0.026367 0.032870
0 0.123901 0.668519 0.024658 0.042593
0 0.247925 0.643981 0.015381 0.029630
0 0.403442 0.658796 0.019775 0.041667
0 0.227905 0.802083 0.020752 0.043056
0 0.091309 0.764815 0.016113 0.034259
0 0.066162 0.878009 0.027832 0.032870
0 0.169922 0.995139 0.013184 0.009722
0 0.365723 0.913194 0.014648 0.039352
0 0.379883 0.792824 0.018066 0.036574
0 0.505371 0.803472 0.021484 0.040278
0 0.477539 0.911111 0.018555 0.026852
0 0.635742 0.991667 0.022461 0.013889
0 0.671387 0.917593 0.022461 0.041667
0 0.706299 0.641204 0.007324 0.013889
0 0.684448 0.751620 0.022217 0.041204
0 0.541260 0.668056 0.018555 0.033333
0 0.432129 0.552546 0.020020 0.032870
0 0.555054 0.556713 0.018799 0.034722
0 0.583496 0.445370 0.017090 0.037037
0 0.451538 0.414583 0.016357 0.036574
0 0.588013 0.313426 0.021240 0.039815
0 0.471924 0.292361 0.019531 0.036574
0 0.507690 0.190509 0.022705 0.043056
0 0.617310 0.191204 0.017822 0.035185
0 0.632080 0.081713 0.019531 0.043056
0 0.508423 0.084954 0.015869 0.032870
0 0.821533 0.067130 0.014160 0.031481
0 0.942993 0.073148 0.032471 0.049074
0 0.915894 0.189120 0.028076 0.039352
0 0.788330 0.197685 0.012207 0.034259
0 0.773315 0.278241 0.011963 0.030556
0 0.891602 0.258102 0.022461 0.035648
0 0.915527 0.339120 0.019043 0.029167
0 0.874390 0.426157 0.018799 0.031019
0 0.748047 0.417824 0.020996 0.041204
0 0.839966 0.521528 0.020752 0.033796
0 0.733032 0.530324 0.010986 0.023611
0 0.828125 0.642824 0.013184 0.033796
0 0.996582 0.589120 0.006836 0.032870
0 0.990723 0.718519 0.018555 0.035185
0 0.818726 0.787037 0.023682 0.040741
0 0.970337 0.834722 0.029053 0.042593
0 0.787109 0.893056 0.030762 0.037037
0 0.959595 0.957176 0.027100 0.031944