0 0.077637 0.024769 0.032715 0.044907
0 0.282471 0.077778 0.020996 0.041667
0 0.404419 0.125926 0.013428 0.033333
0 0.367676 0.197685 0.020508 0.046296
0 0.247192 0.178009 0.021729 0.038426
0 0.207520 0.269676 0.020996 0.040278
0 0.321411 0.309259 0.021729 0.036111
0 0.034424 0.133565 0.014648 0.018056
0 0.023315 0.248843 0.016846 0.023611
0 0.163208 0.397917 0.028076 0.037500
0 0.297241 0.425694 0.020264 0.036574
0 0.129517 0.507176 0.027100 0.042130
0 0.251587 0.533102 0.019287 0.035648
0 0.401367 0.605093 0.017578 0.044444
0 0.217407 0.675231 0.021729 0.039352
0 0.087402 0.584491 0.020508 0.033796
0 0.054199 0.689352 0.025879 0.037963
0 0.366943 0.725463 0.016113 0.034259
0 0.337891 0.837731 0.017578 0.037500
0 0.134155 0.857407 0.028564 0.034259
0 0.011597 0.814120 0.022705 0.032870
0 0.094604 0.975694 0.029053 0.038426
0 0.301025 0.932639 0.015625 0.036574
0 0.408936 0.990741 0.017090 0.018519
0 0.638550 0.962037 0.023193 0.041667
0 0.667480 0.807176 0.021973 0.042130
0 0.487671 0.784722 0.022705 0.040741
0 0.536255 0.665046 0.016357 0.030093
0 0.701416 0.705324 0.005859 0.009722
0 0.559570 0.564815 0.018555 0.028704
0 0.441895 0.512500 0.021484 0.036111
0 0.599854 0.466667 0.017090 0.036111
0 0.475220 0.386574 0.014893 0.033333
0 0.620728 0.333796 0.016846 0.038889
0 0.507324 0.272222 0.017578 0.034259
0 0.661987 0.229398 0.016846 0.041204
0 0.554565 0.185417 0.023682 0.047685
0 0.688599 0.127083 0.018799 0.036574
0 0.565796 0.085880 0.016357 0.032870
0 0.443604 0.030556 0.019043 0.036111
0 0.724243 0.034259 0.019775 0.037037
0 0.890259 0.087269 0.022705 0.037500
0 0.874268 0.183333 0.009766 0.030556
0 0.990479 0.234722 0.019043 0.038889
0 0.828857 0.300231 0.015625 0.034722
0 0.955200 0.341667 0.023682 0.037963
0 0.925293 0.400694 0.022461 0.033796
0 0.803101 0.377778 0.015381 0.030556
0 0.764526 0.500463 0.023193 0.041667
0 0.941284 0.489815 0.020264 0.029630
0 0.890015 0.557407 0.026611 0.035185
0 0.737793 0.603472 0.010254 0.029167
0 0.845459 0.640046 0.020020 0.037500
0 0.995117 0.773148 0.009766 0.045370
0 0.822266 0.752315 0.018555 0.033333
0 0.794922 0.892361 0.024414 0.041204
0 0.976929 0.890741 0.019287 0.031481
0 0.938721 0.986574 0.022461 0.026852
0 0.752563 0.980324 0.026611 0.039352