0 0.071777 0.041204 0.006836 0.018519
0 0.027344 0.277778 0.009766 0.013889
0 0.036377 0.223380 0.009766 0.018056
0 0.153931 0.209954 0.010498 0.022685
0 0.127075 0.115741 0.008545 0.018519
0 0.013184 0.399306 0.009766 0.017130
0 0.127441 0.088194 0.009277 0.018981
0 0.068115 0.403935 0.012695 0.017130
0 0.183838 0.017361 0.006836 0.018981
0 0.176880 0.044907 0.008545 0.022222
0 0.181152 0.120370 0.006348 0.013889
0 0.146362 0.290972 0.007568 0.019907
0 0.134033 0.330787 0.006836 0.019907
0 0.114502 0.471991 0.007812 0.016204
0 0.237061 0.042361 0.008301 0.016204
0 0.231934 0.118519 0.008301 0.013889
0 0.214233 0.189352 0.008545 0.014815
0 0.208618 0.314583 0.008545 0.024537
0 0.196899 0.422685 0.008545 0.016667
0 0.194214 0.465741 0.010498 0.018519
0 0.246338 0.495833 0.009766 0.017593
0 0.251343 0.434954 0.009033 0.018056
0 0.254883 0.390972 0.009766 0.019907
0 0.259766 0.306019 0.008301 0.019444
0 0.271606 0.218981 0.008057 0.015741
0 0.266235 0.166667 0.009521 0.020370
0 0.275513 0.110648 0.009521 0.016667
0 0.281250 0.076852 0.008301 0.018519
0 0.286255 0.034028 0.007080 0.017130
0 0.342529 0.025926 0.008789 0.015741
0 0.334717 0.183333 0.007812 0.016667
0 0.328125 0.293981 0.007812 0.020370
0 0.320557 0.401852 0.010254 0.018519
0 0.317871 0.437500 0.009277 0.020370
0 0.372681 0.479398 0.007080 0.016204
0 0.377319 0.284491 0.008545 0.020833
0 0.376465 0.238426 0.007812 0.019444
0 0.379883 0.167593 0.006836 0.017593
0 0.383545 0.080093 0.008301 0.022222
0 0.449829 0.084028 0.007080 0.022685
0 0.446167 0.124306 0.007080 0.018056
0 0.445435 0.276389 0.007568 0.018519
0 0.441895 0.348843 0.008789 0.024537
0 0.438843 0.406019 0.009521 0.018519
0 0.444702 0.451620 0.006104 0.020833
0 0.446777 0.505787 0.007324 0.019907
0 0.033447 0.672222 0.011719 0.014815
0 0.053467 0.543519 0.011719 0.020370
0 0.092651 0.695833 0.011963 0.022222
0 0.098633 0.587269 0.011719 0.017130
0 0.107788 0.521759 0.011475 0.018519
0 0.013794 0.732870 0.014893 0.015741
0 0.066284 0.836111 0.014404 0.019444
0 0.057495 0.893287 0.013428 0.018056
0 0.154541 0.873380 0.013184 0.017130
0 0.166016 0.754167 0.011719 0.017593
0 0.162354 0.807407 0.011719 0.014815
0 0.176636 0.625463 0.011475 0.015741
0 0.177124 0.680556 0.010498 0.015741
0 0.178101 0.565509 0.011475 0.013426
0 0.192871 0.520602 0.011230 0.017130
0 0.241943 0.546991 0.010254 0.017130
0 0.236938 0.596528 0.007568 0.017130
0 0.232666 0.653009 0.006348 0.018981
0 0.227417 0.710648 0.013428 0.018519
0 0.210083 0.851852 0.013428 0.019444
0 0.299194 0.930324 0.009033 0.021759
0 0.296265 0.839352 0.010498 0.024074
0 0.308716 0.782407 0.008545 0.019444
0 0.301147 0.733333 0.009521 0.017593
0 0.307495 0.656481 0.010986 0.022222
0 0.313721 0.548843 0.010254 0.019907
0 0.369629 0.584028 0.008789 0.019907
0 0.363647 0.701620 0.010010 0.019907
0 0.363281 0.883102 0.010254 0.018056
0 0.444458 0.856944 0.008545 0.019444
0 0.445435 0.787037 0.006592 0.016667
0 0.440796 0.730556 0.008545 0.019444
0 0.439331 0.669907 0.008545 0.020370
0 0.445923 0.558565 0.007080 0.018981
0 0.502563 0.821991 0.010010 0.019907
0 0.501709 0.889120 0.008789 0.018056
0 0.495605 0.633796 0.008301 0.018519
0 0.498169 0.767361 0.009521 0.018056
0 0.493408 0.540046 0.006348 0.017130
0 0.493286 0.427778 0.007568 0.021296
0 0.590332 0.945139 0.009277 0.020833
0 0.592651 0.871528 0.009033 0.020833
0 0.589722 0.806944 0.009033 0.020370
0 0.584961 0.737731 0.007812 0.018056
0 0.580322 0.680556 0.008789 0.018519
0 0.570923 0.570139 0.009521 0.019907
0 0.574097 0.518519 0.006592 0.018519
0 0.569336 0.473148 0.006348 0.019444
0 0.565430 0.423148 0.006836 0.016667
0 0.617188 0.446296 0.006836 0.017593
0 0.619507 0.500926 0.006592 0.016667
0 0.624023 0.537037 0.006348 0.019444
0 0.619019 0.581019 0.008057 0.018519
0 0.634277 0.711343 0.008301 0.018056
0 0.653809 0.834722 0.011719 0.022222
0 0.641846 0.906019 0.009277 0.017593
0 0.734253 0.878009 0.010010 0.019907
0 0.733032 0.798148 0.010986 0.022222
0 0.719482 0.756481 0.008789 0.015741
0 0.714722 0.680787 0.008545 0.019907
0 0.706909 0.640741 0.010498 0.019444
0 0.699097 0.575463 0.009033 0.015741
0 0.690674 0.476852 0.006348 0.016667
0 0.733643 0.450694 0.010742 0.018056
0 0.761597 0.656250 0.009521 0.018056
0 0.767700 0.718750 0.010498 0.018056
0 0.778687 0.781713 0.012451 0.028241
0 0.783569 0.830787 0.006592 0.015278
0 0.794434 0.900694 0.009277 0.017130
0 0.827881 0.525463 0.011719 0.019444
0 0.878174 0.881944 0.010742 0.016667
0 0.938232 0.915278 0.014648 0.018519
0 0.872559 0.822454 0.013184 0.018056
0 0.859985 0.750231 0.011475 0.018056
0 0.840576 0.631019 0.010254 0.018519
0 0.855713 0.448380 0.008301 0.018056
0 0.871216 0.486806 0.008545 0.018981
0 0.880981 0.596296 0.011963 0.022222
0 0.906738 0.717824 0.012695 0.018056
0 0.924438 0.828241 0.011963 0.019444
0 0.879639 0.550231 0.007812 0.017130
0 0.934937 0.500694 0.010498 0.018056
0 0.958496 0.601620 0.008301 0.014352
0 0.971802 0.654398 0.009033 0.020833
0 0.976685 0.710880 0.010010 0.018056
0 0.946289 0.017824 0.007324 0.018981
0 0.910156 0.172917 0.007324 0.015278
0 0.843018 0.029167 0.007324 0.014815
0 0.847900 0.057176 0.006348 0.019907
0 0.859375 0.089120 0.006348 0.016204
0 0.863159 0.118056 0.006104 0.011111
0 0.880981 0.199074 0.006104 0.013889
0 0.812378 0.191435 0.007568 0.014352
0 0.905518 0.317361 0.010254 0.015278
0 0.960571 0.371991 0.010498 0.020833
0 0.934082 0.256944 0.012207 0.020370
0 0.916626 0.399537 0.006592 0.011111
0 0.834473 0.310417 0.009277 0.014352
0 0.841187 0.348843 0.008057 0.019907
0 0.807251 0.380787 0.009033 0.015278
0 0.728516 0.395602 0.008789 0.017130
0 0.725220 0.341204 0.007568 0.022222
0 0.713135 0.306019 0.007324 0.016667
0 0.715454 0.262500 0.007080 0.018519
0 0.703003 0.152778 0.005615 0.019444
0 0.692139 0.081019 0.006348 0.018519
0 0.660156 0.140972 0.006836 0.013426
0 0.679077 0.289352 0.007080 0.019444
0 0.677490 0.339815 0.005859 0.018519
0 0.685913 0.376157 0.006592 0.018981
0 0.621826 0.392593 0.005371 0.014815
0 0.610352 0.352546 0.005371 0.016204
0 0.607178 0.300463 0.004395 0.015741
0 0.559814 0.288194 0.006836 0.012500
0 0.559082 0.243287 0.004883 0.016204
0 0.564453 0.169444 0.006348 0.015741
0 0.592896 0.180324 0.007568 0.015278
0 0.598267 0.139120 0.007568 0.017130
0 0.773315 0.175694 0.007568 0.018056
0 0.779663 0.212963 0.008057 0.021296
0 0.796265 0.292593 0.008545 0.017593
0 0.762085 0.056713 0.007080 0.019907
0 0.759277 0.032407 0.006348 0.016667
0 0.657227 0.020833 0.007812 0.020370
0 0.661865 0.096065 0.007812 0.019907
0 0.665161 0.208565 0.006104 0.018981
0 0.664917 0.178472 0.007080 0.018056
0 0.602295 0.254861 0.006348 0.019907
0 0.596436 0.103935 0.006836 0.017130
0 0.559692 0.121759 0.006592 0.015741
0 0.559570 0.090509 0.006836 0.018056
0 0.556641 0.056481 0.005371 0.020370
0 0.562500 0.206713 0.007324 0.017130
0 0.769531 0.138426 0.006348 0.016667
0 0.800171 0.124537 0.007568 0.016667
0 0.982300 0.123148 0.012451 0.019444
0 0.789307 0.045833 0.007324 0.019444
0 0.489624 0.222454 0.006592 0.013426
0 0.489136 0.068056 0.006104 0.018519
0 0.496948 0.031250 0.004639 0.014352
0 0.494141 0.342130 0.007812 0.018519
0 0.572754 0.375463 0.007324 0.011111
0 0.113892 0.181713 0.008545 0.014352
0 0.371216 0.422454 0.009521 0.018981
0 0.489136 0.167361 0.005615 0.020833
0 0.715698 0.223380 0.006104 0.017130
0 0.691040 0.047454 0.003662 0.019907
0 0.848877 0.391667 0.008789 0.023148
0 0.852173 0.694444 0.008057 0.015741
0 0.746338 0.547917 0.007324 0.016204
0 0.685059 0.436806 0.008789 0.019907
0 0.317017 0.493287 0.010498 0.018056
0 0.039307 0.614815 0.011230 0.018519
0 0.335938 0.218519 0.009277 0.019444
0 0.440186 0.315972 0.006836 0.017130
0 0.447998 0.051620 0.008301 0.021759
0 0.383301 0.211574 0.005371 0.016667
0 0.447998 0.162963 0.005371 0.014815
0 0.358765 0.814352 0.008057 0.020370
0 0.593750 0.220602 0.007324 0.015278
0 0.887207 0.236343 0.007812 0.014352
0 0.984131 0.469213 0.007812 0.019907
0 0.143066 0.944907 0.013184 0.016667
0 0.889038 0.950231 0.008057 0.020833
0 0.043213 0.955556 0.015137 0.020370
0 0.804443 0.975000 0.012207 0.020370
0 0.354736 0.973843 0.012695 0.023611
0 0.208496 0.988194 0.011719 0.023611
0 0.658447 0.977083 0.008789 0.020833
0 0.503052 0.956250 0.006592 0.023611
0 0.441162 0.993750 0.011230 0.012500
0 0.953369 0.984954 0.014160 0.018981
0 0.995605 0.792361 0.008789 0.017130