0 0.281494 0.093981 0.008301 0.020370
0 0.334351 0.214120 0.008057 0.019907
0 0.329956 0.292593 0.009033 0.021296
0 0.322632 0.422685 0.009521 0.023148
0 0.247803 0.437963 0.011719 0.020370
0 0.207031 0.403472 0.009277 0.015278
0 0.208252 0.365741 0.008301 0.013889
0 0.216797 0.270139 0.009766 0.013426
0 0.144653 0.320139 0.009033 0.022685
0 0.124146 0.426157 0.011475 0.018056
0 0.118774 0.465509 0.008057 0.016204
0 0.107544 0.508565 0.010498 0.020833
0 0.104492 0.583102 0.014648 0.017130
0 0.248657 0.539352 0.007568 0.017593
0 0.200439 0.456250 0.008789 0.023611
0 0.030151 0.294213 0.010010 0.018056
0 0.337524 0.099074 0.008545 0.015741
0 0.336792 0.128009 0.007568 0.020833
0 0.270752 0.215972 0.008789 0.018981
0 0.260132 0.329167 0.010498 0.022222
0 0.230957 0.115046 0.008789 0.018981
0 0.228271 0.149306 0.009766 0.021759
0 0.313721 0.599769 0.009766 0.018981
0 0.323608 0.493519 0.009521 0.017593
0 0.378052 0.579167 0.006592 0.023148
0 0.370850 0.519444 0.006836 0.023148
0 0.378906 0.461574 0.007812 0.017593
0 0.381958 0.240741 0.007080 0.019444
0 0.384155 0.161574 0.007080 0.013889
0 0.372314 0.642130 0.007812 0.018519
0 0.450806 0.599306 0.010010 0.020833
0 0.446655 0.544676 0.007568 0.020833
0 0.447876 0.442130 0.006592 0.020370
0 0.447754 0.393750 0.006836 0.018056
0 0.445068 0.353704 0.007324 0.016667
0 0.442749 0.306713 0.007568 0.019907
0 0.448364 0.224074 0.006592 0.016667
0 0.449707 0.184259 0.007812 0.020370
0 0.448120 0.142130 0.006104 0.017593
0 0.442871 0.106250 0.007324 0.015278
0 0.443115 0.061111 0.007324 0.020370
0 0.490112 0.120602 0.007568 0.021759
0 0.490112 0.212963 0.007568 0.015741
0 0.492554 0.281481 0.007080 0.022222
0 0.497559 0.417593 0.008789 0.021296
0 0.501953 0.575926 0.008301 0.017593
0 0.451904 0.656250 0.007812 0.017130
0 0.506104 0.688426 0.005859 0.021296
0 0.503906 0.741204 0.009277 0.020370
0 0.454712 0.782639 0.010010 0.017130
0 0.363281 0.755324 0.009766 0.016204
0 0.364136 0.868981 0.010010 0.020370
0 0.306152 0.711574 0.010742 0.021296
0 0.230347 0.758565 0.009521 0.021759
0 0.231567 0.690741 0.009521 0.017593
0 0.177368 0.674306 0.011475 0.018056
0 0.094360 0.693981 0.011475 0.019444
0 0.075439 0.751389 0.018066 0.020370
0 0.073608 0.820833 0.013428 0.017593
0 0.215332 0.828241 0.012695 0.018519
0 0.227051 0.892361 0.008301 0.018056
0 0.293579 0.919676 0.012939 0.019907
0 0.294434 0.988657 0.012695 0.019907
0 0.456421 0.848611 0.007568 0.021296
0 0.054077 0.957176 0.013428 0.018981
0 0.574585 0.456713 0.007568 0.018056
0 0.573120 0.510648 0.006104 0.016667
0 0.585083 0.609028 0.007080 0.021759
0 0.591187 0.728472 0.009521 0.019907
0 0.599854 0.853704 0.007324 0.017593
0 0.599854 0.927315 0.010742 0.017593
0 0.636230 0.631250 0.009766 0.018056
0 0.626831 0.429861 0.010010 0.020833
0 0.611694 0.340509 0.006592 0.017130
0 0.598633 0.239352 0.008301 0.019444
0 0.301147 0.843981 0.010986 0.015741
0 0.306274 0.781713 0.011475 0.019907
0 0.507446 0.872917 0.007568 0.017130
0 0.553589 0.122222 0.005615 0.014815
0 0.560425 0.195139 0.005127 0.017130
0 0.717896 0.669444 0.008057 0.021296
0 0.655029 0.818519 0.009277 0.017593
0 0.660645 0.883333 0.005859 0.017593
0 0.663574 0.956481 0.009766 0.019444
0 0.745972 0.992130 0.011963 0.015741
0 0.738159 0.858102 0.010010 0.019907
0 0.728760 0.783102 0.009277 0.021759
0 0.727661 0.728241 0.011963 0.021296
0 0.705200 0.559028 0.009033 0.016204
0 0.755249 0.530556 0.008545 0.022222
0 0.746582 0.479398 0.006348 0.017130
0 0.735229 0.389120 0.012939 0.022685
0 0.695679 0.396991 0.008545 0.021759
0 0.684204 0.371528 0.007080 0.013426
0 0.617065 0.478009 0.006592 0.019907
0 0.631348 0.531944 0.004395 0.012963
0 0.808716 0.940509 0.012939 0.019907
0 0.800903 0.877315 0.010498 0.023148
0 0.784912 0.756250 0.012695 0.019907
0 0.769775 0.682407 0.008789 0.025000
0 0.755859 0.569676 0.008301 0.017130
0 0.819580 0.464815 0.007812 0.015741
0 0.814819 0.423611 0.008545 0.012963
0 0.805786 0.368056 0.008057 0.017593
0 0.860718 0.426620 0.005127 0.023611
0 0.828125 0.512269 0.007324 0.021759
0 0.833618 0.562731 0.007080 0.020833
0 0.844116 0.624769 0.009033 0.018981
0 0.850952 0.673148 0.010010 0.021296
0 0.855225 0.745833 0.008789 0.015741
0 0.874268 0.864120 0.011230 0.018981
0 0.897705 0.930324 0.013672 0.019907
0 0.957642 0.959028 0.015381 0.023611
0 0.953369 0.894907 0.009277 0.017593
0 0.919189 0.757407 0.013672 0.019444
0 0.915527 0.698843 0.010742 0.019907
0 0.984131 0.718287 0.012207 0.018981
0 0.976807 0.656250 0.009766 0.020833
0 0.956787 0.585185 0.010742 0.021296
0 0.943115 0.495139 0.012207 0.018981
0 0.933350 0.442593 0.012207 0.017593
0 0.959595 0.362963 0.008057 0.019444
0 0.827026 0.251852 0.009033 0.021296
0 0.790527 0.278704 0.008789 0.018519
0 0.722778 0.296759 0.007080 0.015741
0 0.726318 0.344676 0.007812 0.015278
0 0.674438 0.285648 0.008545 0.020370
0 0.651978 0.059259 0.007568 0.019444
0 0.697388 0.100694 0.007568 0.019907
0 0.757935 0.021759 0.007568 0.013889
0 0.875610 0.182407 0.007568 0.014815
0 0.907715 0.338426 0.009277 0.017593
0 0.930176 0.236343 0.006348 0.018981
0 0.901855 0.083796 0.008301 0.024074
0 0.659546 0.089815 0.006592 0.020370
0 0.598511 0.141898 0.006104 0.015278
0 0.781616 0.199769 0.006592 0.018981
0 0.806763 0.142593 0.009033 0.018519
0 0.820312 0.170139 0.007812 0.023611
0 0.957275 0.322454 0.011230 0.018056
0 0.572144 0.407870 0.008057 0.017593
0 0.568970 0.359259 0.009033 0.016667
0 0.565063 0.316667 0.007080 0.018519
0 0.068359 0.098843 0.006836 0.013426
0 0.079346 0.010185 0.006836 0.013889
0 0.117676 0.094907 0.009766 0.018519
0 0.068848 0.437500 0.008789 0.013889
0 0.078003 0.348380 0.010498 0.014352
0 0.147583 0.241667 0.008545 0.015741
0 0.155518 0.190278 0.008789 0.017593
0 0.160034 0.153009 0.006104 0.016204
0 0.099487 0.633102 0.009521 0.017130
0 0.051514 0.550231 0.008301 0.015278
0 0.032593 0.667824 0.011963 0.018056
0 0.149048 0.928704 0.011963 0.020370
0 0.153442 0.864352 0.013428 0.017593
0 0.177612 0.746065 0.010010 0.013426
0 0.216064 0.312500 0.008301 0.013889
0 0.215210 0.224537 0.006104 0.019444
0 0.277588 0.129167 0.007324 0.016667
0 0.272705 0.171759 0.004883 0.015741
0 0.317017 0.548148 0.008057 0.020370
0 0.324097 0.351620 0.006104 0.015278
0 0.345947 0.017130 0.008789 0.023148
0 0.387329 0.011574 0.007080 0.022222
0 0.506836 0.805093 0.006348 0.014815
0 0.366211 0.809722 0.007324 0.017593
0 0.447021 0.720139 0.004883 0.014352
0 0.503174 0.625463 0.007324 0.016667
0 0.498169 0.517593 0.005615 0.016667
0 0.497070 0.470833 0.006836 0.017593
0 0.582275 0.565509 0.006348 0.015278
0 0.637329 0.688657 0.008545 0.019907
0 0.644409 0.763889 0.008545 0.018519
0 0.748779 0.926852 0.007812 0.016667
0 0.682739 0.314583 0.007568 0.018056
0 0.662720 0.164815 0.006592 0.017593
0 0.700684 0.143981 0.007324 0.015741
0 0.603027 0.210185 0.005859 0.017593
0 0.592773 0.068056 0.006348 0.017593
0 0.654419 0.018981 0.008057 0.019444
0 0.683350 0.034259 0.006348 0.018519
0 0.694580 0.060648 0.004883 0.020370
0 0.739746 0.426157 0.006836 0.016204
0 0.899292 0.637500 0.008057 0.014815
0 0.869873 0.488889 0.010254 0.017593
0 0.845703 0.345139 0.008789 0.017130
0 0.825317 0.217130 0.005615 0.019444
0 0.791748 0.036343 0.007324 0.017130
0 0.985352 0.150926 0.008301 0.019444
0 0.967896 0.073380 0.009033 0.023611
0 0.895264 0.055324 0.004395 0.018056
0 0.877808 0.153241 0.006592 0.018519
0 0.906372 0.294444 0.010498 0.014815
0 0.988647 0.453704 0.011963 0.016667
0 0.156860 0.995833 0.009521 0.008333
0 0.244873 0.584954 0.008789 0.017130
0 0.284058 0.030556 0.005615 0.018519
0 0.452271 0.966898 0.008545 0.018056
0 0.366821 0.686806 0.009033 0.020833
0 0.612061 0.296065 0.004395 0.017130
0 0.556763 0.155324 0.005615 0.017130
0 0.447510 0.008333 0.008301 0.015741
0 0.921509 0.402778 0.005615 0.014815
0 0.860962 0.105556 0.005127 0.013889
0 0.992676 0.184954 0.009277 0.021759
0 0.009888 0.386806 0.006592 0.014352
0 0.237427 0.639815 0.008545 0.015741
0 0.183105 0.613426 0.010742 0.019444
0 0.772583 0.629630 0.011475 0.015741
0 0.192993 0.566435 0.008545 0.016204
0 0.331421 0.387269 0.007080 0.016204
0 0.379761 0.324537 0.008057 0.016667
0 0.491333 0.059954 0.006592 0.018981
0 0.695435 0.460880 0.008057 0.021759
0 0.881348 0.538194 0.012207 0.018056
0 0.093506 0.302083 0.007812 0.013426
0 0.494141 0.378009 0.008301 0.017130