0 0.023560 0.091898 0.023193 0.046759
0 0.016724 0.229861 0.023193 0.040278
0 0.211182 0.011806 0.011230 0.022685
0 0.201782 0.122454 0.007080 0.029167
0 0.336670 0.088426 0.018066 0.035185
0 0.196411 0.237500 0.023682 0.040741
0 0.317871 0.206944 0.014160 0.029630
0 0.299072 0.300231 0.023438 0.054167
0 0.177368 0.359954 0.023193 0.036574
0 0.273315 0.434722 0.018799 0.037037
0 0.156494 0.475231 0.022949 0.044907
0 0.271362 0.565741 0.018799 0.037963
0 0.140137 0.627083 0.026855 0.036574
0 0.246704 0.696065 0.020264 0.030093
0 0.126709 0.750694 0.026367 0.037500
0 0.240356 0.855787 0.023193 0.039352
0 0.100098 0.857407 0.020996 0.036111
0 0.087402 0.979630 0.028320 0.035185
0 0.385376 0.921528 0.016357 0.041204
0 0.498169 0.890278 0.017822 0.037037
0 0.392944 0.801852 0.013916 0.034259
0 0.518555 0.774537 0.021973 0.042593
0 0.406006 0.663426 0.021484 0.041667
0 0.540405 0.631250 0.016846 0.029167
0 0.425415 0.549074 0.021729 0.038889
0 0.546509 0.520370 0.017334 0.038889
0 0.431519 0.409028 0.017822 0.040278
0 0.563965 0.399537 0.017090 0.040741
0 0.443115 0.283102 0.020508 0.043056
0 0.559448 0.265509 0.017334 0.045833
0 0.470337 0.166898 0.018799 0.045833
0 0.580811 0.139583 0.016113 0.036574
0 0.465576 0.064352 0.016113 0.036111
0 0.587280 0.025926 0.017822 0.050926
0 0.662598 0.937500 0.020508 0.043519
0 0.689941 0.836343 0.024414 0.043056
0 0.789307 0.914352 0.026855 0.045370
0 0.800415 0.781713 0.026611 0.043056
0 0.691650 0.672917 0.021973 0.033796
0 0.822266 0.671991 0.020508 0.037500
0 0.952759 0.950231 0.030518 0.038426
0 0.972412 0.790278 0.025391 0.034259
0 0.971802 0.669676 0.025635 0.040278
0 0.985840 0.553704 0.015625 0.038889
0 0.987793 0.423380 0.017090 0.050463
0 0.822510 0.403009 0.016602 0.034722
0 0.850464 0.301620 0.017822 0.031944
0 0.723877 0.325231 0.020020 0.038426
0 0.717285 0.440278 0.008789 0.031481
0 0.701294 0.558333 0.010498 0.016667
0 0.823730 0.524074 0.014160 0.035185
0 0.741333 0.182639 0.013916 0.035648
0 0.747192 0.098843 0.016846 0.036574
0 0.872192 0.057407 0.027100 0.041667
0 0.854004 0.129167 0.018555 0.039815
0 0.881470 0.204398 0.019775 0.034722
0 0.993164 0.286111 0.013672 0.044444