0 0.104126 0.016204 0.018799 0.023148
0 0.052979 0.099537 0.025391 0.041667
0 0.004028 0.169213 0.007568 0.014352
0 0.326294 0.059259 0.016846 0.047222
0 0.438477 0.138889 0.020508 0.051852
0 0.276123 0.125926 0.019043 0.044444
0 0.380005 0.222454 0.018311 0.039352
0 0.217896 0.231250 0.023193 0.038426
0 0.338867 0.319676 0.019531 0.035648
0 0.171265 0.312731 0.025635 0.040278
0 0.280884 0.399769 0.016846 0.032870
0 0.121094 0.368287 0.017090 0.030093
0 0.072388 0.446991 0.027588 0.037500
0 0.413696 0.543519 0.022217 0.042593
0 0.227295 0.517593 0.020996 0.039815
0 0.013794 0.544444 0.027100 0.036111
0 0.126465 0.647685 0.025391 0.033333
0 0.361938 0.641435 0.012451 0.031019
0 0.320068 0.731481 0.016113 0.033333
0 0.071655 0.739815 0.021729 0.038889
0 0.270996 0.803241 0.017578 0.037037
0 0.221558 0.906481 0.018311 0.042593
0 0.365601 0.933333 0.021240 0.043519
0 0.420288 0.832639 0.011475 0.023611
0 0.588501 0.994444 0.013428 0.011111
0 0.640015 0.874537 0.019287 0.040741
0 0.468384 0.757407 0.020264 0.038889
0 0.531128 0.673843 0.017334 0.032870
0 0.688477 0.796528 0.007812 0.013426
0 0.738892 0.719213 0.007080 0.022685
0 0.571411 0.587037 0.018311 0.036111
0 0.621582 0.508796 0.020508 0.033333
0 0.778687 0.633333 0.025635 0.040741
0 0.795410 0.905093 0.020020 0.029630
0 0.463379 0.475231 0.018555 0.035648
0 0.512817 0.370370 0.016846 0.032407
0 0.659546 0.399769 0.018799 0.044907
0 0.715820 0.319213 0.016602 0.036574
0 0.559814 0.280787 0.019043 0.042130
0 0.618286 0.218750 0.024658 0.043981
0 0.757690 0.231250 0.019775 0.038426
0 0.804565 0.162500 0.020264 0.032407
0 0.644409 0.126389 0.012939 0.032407
0 0.482056 0.087963 0.016357 0.031481
0 0.534790 0.013426 0.018799 0.023148
0 0.712769 0.054398 0.018311 0.040278
0 0.853149 0.078009 0.022217 0.031019
0 0.893433 0.033333 0.013916 0.032407
0 0.962036 0.299537 0.024658 0.037963
0 0.930298 0.385417 0.013428 0.022685
0 0.870850 0.472222 0.015625 0.030556
0 0.986572 0.578241 0.026855 0.038889
0 0.949707 0.621991 0.025391 0.032870
0 0.952393 0.712731 0.019531 0.028241
0 0.890015 0.753241 0.022217 0.026852
0 0.836548 0.810648 0.014893 0.032407
0 0.835815 0.532176 0.018799 0.028241