0 0.016113 0.067824 0.020996 0.043981
0 0.010742 0.211343 0.020996 0.046759
0 0.194824 0.098611 0.007812 0.028704
0 0.330933 0.063889 0.017822 0.043519
0 0.312622 0.183796 0.018311 0.038889
0 0.187622 0.213194 0.024170 0.034722
0 0.290405 0.274769 0.019775 0.046759
0 0.170776 0.337500 0.021240 0.033333
0 0.267456 0.411806 0.019775 0.037500
0 0.150757 0.450926 0.027100 0.038889
0 0.265015 0.540741 0.020752 0.036111
0 0.132568 0.606250 0.027344 0.038426
0 0.241333 0.670602 0.018799 0.034722
0 0.121826 0.728472 0.024414 0.037500
0 0.236938 0.833333 0.019775 0.037963
0 0.100098 0.840741 0.020508 0.033333
0 0.083862 0.957870 0.025635 0.033333
0 0.369019 0.995833 0.012451 0.008333
0 0.382935 0.899537 0.017334 0.039815
0 0.388672 0.773148 0.015137 0.034259
0 0.400391 0.635185 0.018555 0.036111
0 0.482910 0.990278 0.025391 0.019444
0 0.492554 0.860880 0.016846 0.035648
0 0.512817 0.748148 0.019287 0.037037
0 0.535767 0.605556 0.017334 0.028704
0 0.419800 0.519213 0.018311 0.033796
0 0.540894 0.490509 0.017334 0.038426
0 0.426147 0.381713 0.017822 0.035648
0 0.559204 0.371991 0.015869 0.037500
0 0.437378 0.253935 0.020264 0.038426
0 0.553467 0.239120 0.019043 0.043981
0 0.464600 0.138657 0.020020 0.043981
0 0.574951 0.112037 0.019043 0.037037
0 0.458008 0.040046 0.017090 0.037500
0 0.579712 0.011343 0.019775 0.021759
0 0.739014 0.067361 0.020020 0.042130
0 0.865601 0.026389 0.026123 0.047222
0 0.996704 0.046065 0.006592 0.025463
0 0.850586 0.097917 0.024902 0.046759
0 0.876465 0.170602 0.015137 0.035648
0 0.719604 0.294213 0.022217 0.040278
0 0.844482 0.264815 0.016602 0.042593
0 0.818359 0.372454 0.018066 0.032870
0 0.714355 0.414120 0.009766 0.034722
0 0.815918 0.496065 0.010742 0.038426
0 0.686401 0.644444 0.024170 0.039815
0 0.819336 0.635417 0.020508 0.036574
0 0.795776 0.747685 0.026611 0.038889
0 0.686279 0.806019 0.021973 0.039815
0 0.783813 0.880556 0.026123 0.040741
0 0.658936 0.907407 0.024414 0.038889
0 0.695312 0.528241 0.005859 0.009259