0 0.114136 0.005093 0.011475 0.009259
0 0.061768 0.056481 0.027344 0.049074
0 0.015381 0.286806 0.014160 0.018981
0 0.023193 0.170833 0.011719 0.018519
0 0.270630 0.094444 0.023193 0.039815
0 0.392944 0.135648 0.012939 0.031481
0 0.358276 0.214352 0.020264 0.048148
0 0.236450 0.200000 0.017334 0.036111
0 0.198486 0.293287 0.020996 0.043056
0 0.314819 0.326852 0.017334 0.039815
0 0.159180 0.427778 0.024414 0.035185
0 0.292114 0.444907 0.020752 0.036111
0 0.127197 0.535417 0.026855 0.038426
0 0.250244 0.554167 0.017578 0.038889
0 0.400757 0.615741 0.020752 0.042593
0 0.217285 0.699537 0.026367 0.036111
0 0.086792 0.620370 0.013428 0.033333
0 0.055176 0.726157 0.024414 0.037500
0 0.368774 0.739583 0.011963 0.031944
0 0.341553 0.852315 0.016602 0.040741
0 0.139160 0.885417 0.028809 0.036574
0 0.013916 0.856019 0.027344 0.040741
0 0.306274 0.949537 0.017334 0.042593
0 0.105957 0.993750 0.016602 0.012500
0 0.416504 0.995833 0.010254 0.008333
0 0.452026 0.886343 0.019287 0.022685
0 0.489502 0.789120 0.020508 0.043056
0 0.643433 0.954630 0.021240 0.046296
0 0.670776 0.795370 0.022217 0.044444
0 0.536377 0.665741 0.018555 0.031481
0 0.561646 0.563657 0.021240 0.031944
0 0.700928 0.691435 0.006836 0.014352
0 0.438477 0.519444 0.018066 0.034259
0 0.594849 0.461111 0.017334 0.034259
0 0.468140 0.390741 0.018311 0.036111
0 0.612183 0.329167 0.020752 0.040741
0 0.499390 0.275694 0.018311 0.042130
0 0.652344 0.222454 0.017090 0.035648
0 0.543335 0.183565 0.024658 0.042130
0 0.675781 0.117361 0.022949 0.044907
0 0.553345 0.083102 0.015381 0.033796
0 0.711060 0.019676 0.017822 0.038426
0 0.429565 0.037963 0.018799 0.037037
0 0.877808 0.062269 0.022705 0.045833
0 0.994873 0.082639 0.010254 0.038426
0 0.985840 0.204167 0.028320 0.045370
0 0.863892 0.163426 0.018311 0.034259
0 0.821045 0.277083 0.015137 0.027315
0 0.798584 0.354167 0.014160 0.034259
0 0.949951 0.312269 0.030762 0.036574
0 0.919189 0.374074 0.026367 0.033333
0 0.936646 0.457639 0.019775 0.030093
0 0.762085 0.482870 0.023682 0.039815
0 0.886597 0.531481 0.019287 0.033333
0 0.740479 0.589815 0.010742 0.024074
0 0.844116 0.618981 0.019287 0.035185
0 0.823975 0.731944 0.017578 0.034259
0 0.995972 0.736343 0.008057 0.036574
0 0.980225 0.856481 0.021484 0.033333
0 0.800415 0.871296 0.028564 0.035185
0 0.759888 0.964815 0.023682 0.039815
0 0.945557 0.968981 0.026367 0.042593