0 0.283691 0.092593 0.008301 0.020370
0 0.337036 0.212731 0.008057 0.019907
0 0.332397 0.292593 0.009033 0.021296
0 0.325317 0.423611 0.009521 0.023148
0 0.250488 0.438657 0.010254 0.018981
0 0.208984 0.403935 0.009277 0.015278
0 0.211182 0.366435 0.010254 0.016204
0 0.219238 0.270602 0.009766 0.013426
0 0.147827 0.320602 0.009033 0.022685
0 0.128052 0.425694 0.011475 0.018056
0 0.121460 0.465972 0.009521 0.016204
0 0.110229 0.507639 0.010498 0.020833
0 0.106934 0.582639 0.014648 0.017130
0 0.251343 0.540972 0.009033 0.019907
0 0.202881 0.456713 0.009766 0.022685
0 0.032715 0.294213 0.008789 0.017130
0 0.340210 0.100463 0.008545 0.015741
0 0.338501 0.127083 0.007568 0.020833
0 0.274536 0.216667 0.008057 0.018519
0 0.263062 0.330324 0.010498 0.021759
0 0.232056 0.116204 0.008545 0.018519
0 0.231201 0.150694 0.009766 0.021759
0 0.316895 0.601389 0.011230 0.018519
0 0.327881 0.496296 0.008301 0.022222
0 0.381958 0.579630 0.008545 0.024074
0 0.374023 0.520370 0.006836 0.023148
0 0.381958 0.460648 0.007568 0.017593
0 0.385132 0.240741 0.007080 0.019444
0 0.387085 0.162037 0.007080 0.013889
0 0.375488 0.642593 0.007812 0.018519
0 0.453613 0.601157 0.008789 0.018056
0 0.450317 0.546065 0.007568 0.020833
0 0.451050 0.443519 0.006592 0.020370
0 0.450928 0.394213 0.006836 0.018056
0 0.447754 0.353704 0.007324 0.016667
0 0.446655 0.307176 0.007568 0.019907
0 0.452026 0.224074 0.006592 0.016667
0 0.452881 0.183333 0.007812 0.020370
0 0.450562 0.141667 0.006104 0.017593
0 0.444824 0.106250 0.007324 0.015278
0 0.447021 0.061574 0.007324 0.020370
0 0.492554 0.122917 0.007568 0.021759
0 0.493042 0.213426 0.007568 0.015741
0 0.495728 0.281019 0.007080 0.022222
0 0.500977 0.418519 0.008789 0.021296
0 0.505859 0.579398 0.008789 0.020833
0 0.455444 0.658102 0.008545 0.018056
0 0.509766 0.688889 0.005859 0.021296
0 0.507568 0.743056 0.009277 0.020370
0 0.458130 0.783565 0.010010 0.017130
0 0.366699 0.756713 0.009766 0.016204
0 0.368530 0.871759 0.010010 0.020370
0 0.309570 0.714815 0.010742 0.021296
0 0.233765 0.760880 0.009521 0.021759
0 0.235229 0.691667 0.009521 0.017593
0 0.181030 0.675231 0.011475 0.018056
0 0.098022 0.693981 0.011475 0.019444
0 0.077881 0.753704 0.016113 0.021296
0 0.075928 0.823148 0.013184 0.019444
0 0.218018 0.829630 0.012695 0.018519
0 0.230713 0.893750 0.008301 0.018056
0 0.297485 0.923380 0.012939 0.019907
0 0.298096 0.990972 0.010742 0.018056
0 0.460327 0.847685 0.007568 0.021296
0 0.058716 0.959028 0.014404 0.018981
0 0.578003 0.458102 0.007568 0.018056
0 0.576660 0.513194 0.008301 0.018981
0 0.588257 0.610185 0.007568 0.020370
0 0.594116 0.730324 0.009521 0.019907
0 0.602783 0.856481 0.007324 0.017593
0 0.603271 0.930093 0.010742 0.017593
0 0.639160 0.633565 0.009766 0.018056
0 0.630493 0.430324 0.010010 0.020833
0 0.614868 0.341435 0.006592 0.017130
0 0.601807 0.240278 0.008301 0.019444
0 0.304565 0.846065 0.011963 0.018981
0 0.308716 0.781713 0.011475 0.019907
0 0.510864 0.875231 0.007568 0.017130
0 0.556152 0.123843 0.006836 0.016204
0 0.563110 0.194213 0.005127 0.016204
0 0.721313 0.671528 0.008545 0.022685
0 0.658691 0.821296 0.009277 0.017593
0 0.664185 0.884722 0.007568 0.016667
0 0.667480 0.959722 0.009766 0.019444
0 0.749390 0.993981 0.011963 0.012037
0 0.741577 0.861343 0.010010 0.019907
0 0.732422 0.786806 0.009277 0.021759
0 0.731323 0.728704 0.011963 0.021296
0 0.707642 0.562037 0.008545 0.020370
0 0.759033 0.532407 0.009277 0.022222
0 0.750488 0.480787 0.008301 0.018056
0 0.738403 0.392361 0.012939 0.022685
0 0.699097 0.400694 0.010010 0.023611
0 0.687378 0.373843 0.008545 0.016204
0 0.620239 0.480324 0.006592 0.019907
0 0.634521 0.534259 0.005859 0.018519
0 0.813354 0.944213 0.012939 0.019907
0 0.804932 0.878704 0.011719 0.021296
0 0.788330 0.758102 0.012695 0.019907
0 0.773682 0.682870 0.009766 0.023148
0 0.759033 0.571991 0.008301 0.017130
0 0.822266 0.466667 0.007812 0.015741
0 0.817749 0.422685 0.009521 0.015741
0 0.809448 0.368519 0.008057 0.017593
0 0.863770 0.425463 0.005371 0.024074
0 0.831299 0.516898 0.007324 0.017130
0 0.836304 0.562269 0.007080 0.020833
0 0.847534 0.625231 0.009033 0.018981
0 0.854614 0.675463 0.010010 0.021296
0 0.858154 0.747685 0.008789 0.015741
0 0.878418 0.865972 0.011230 0.018981
0 0.902100 0.934491 0.013672 0.019907
0 0.962036 0.961343 0.015381 0.023611
0 0.957642 0.895602 0.010986 0.018981
0 0.923706 0.758796 0.013916 0.021296
0 0.918701 0.700231 0.010742 0.019907
0 0.987793 0.720370 0.013184 0.016667
0 0.980469 0.655787 0.009766 0.020833
0 0.960327 0.586806 0.011963 0.019907
0 0.947021 0.496528 0.012207 0.018981
0 0.937256 0.444213 0.011230 0.018056
0 0.964722 0.363426 0.008057 0.019444
0 0.830444 0.253704 0.009033 0.021296
0 0.794189 0.279167 0.008789 0.018519
0 0.725708 0.298843 0.008545 0.018981
0 0.729492 0.347454 0.007812 0.015278
0 0.677612 0.287963 0.008545 0.020370
0 0.654907 0.058333 0.007568 0.019444
0 0.699707 0.100926 0.007324 0.023148
0 0.759644 0.023148 0.007568 0.013889
0 0.878906 0.183565 0.007812 0.017130
0 0.911011 0.340278 0.008545 0.015741
0 0.933105 0.235880 0.007812 0.019907
0 0.904297 0.084259 0.008301 0.024074
0 0.661987 0.088889 0.006592 0.020370
0 0.601196 0.142824 0.006104 0.015278
0 0.785400 0.199537 0.010254 0.020370
0 0.809937 0.142593 0.009033 0.018519
0 0.822998 0.171759 0.007324 0.020370
0 0.960693 0.324769 0.011230 0.018056
0 0.575073 0.409722 0.008057 0.017593
0 0.571899 0.360185 0.009033 0.016667
0 0.568481 0.317593 0.007080 0.018519
0 0.070435 0.100694 0.008057 0.015278
0 0.081299 0.008796 0.006836 0.013889
0 0.121094 0.096759 0.009766 0.018519
0 0.072998 0.440741 0.011230 0.017593
0 0.150391 0.243519 0.010254 0.019444
0 0.157227 0.191204 0.008789 0.017593
0 0.162231 0.153472 0.006104 0.016204
0 0.099976 0.634028 0.009521 0.017130
0 0.054443 0.548843 0.008301 0.015278
0 0.152100 0.929167 0.011230 0.018519
0 0.180908 0.746065 0.010254 0.015278
0 0.279785 0.128241 0.007324 0.016667
0 0.275635 0.173611 0.004883 0.015741
0 0.319214 0.548611 0.008057 0.020370
0 0.326416 0.352315 0.004883 0.013889
0 0.347412 0.015741 0.008789 0.023148
0 0.389771 0.012037 0.007080 0.022222
0 0.369141 0.809491 0.008301 0.019907
0 0.506104 0.625000 0.007324 0.016667
0 0.501465 0.518287 0.008301 0.019907
0 0.500366 0.470833 0.008057 0.018519
0 0.640991 0.688194 0.008545 0.019907
0 0.648193 0.763889 0.009766 0.020370
0 0.751953 0.929630 0.007812 0.016667
0 0.685913 0.314815 0.007080 0.018519
0 0.665649 0.166667 0.006592 0.017593
0 0.703491 0.144213 0.009521 0.017130
0 0.606689 0.211111 0.005859 0.017593
0 0.656616 0.019444 0.008057 0.019444
0 0.686035 0.034259 0.006348 0.018519
0 0.874023 0.487963 0.010254 0.017593
0 0.849365 0.346528 0.008789 0.017130
0 0.828979 0.217593 0.005615 0.019444
0 0.793701 0.037269 0.007324 0.017130
0 0.987793 0.152778 0.008301 0.019444
0 0.971436 0.074074 0.008789 0.020370
0 0.908813 0.295139 0.010010 0.013426
0 0.992798 0.453704 0.011963 0.016667
0 0.246338 0.586806 0.008789 0.017130
0 0.285278 0.028935 0.007568 0.017130
0 0.456177 0.970370 0.010010 0.019444
0 0.368774 0.687269 0.009033 0.020833
0 0.614990 0.296991 0.005371 0.015278
0 0.449707 0.007639 0.008301 0.014352
0 0.924927 0.404167 0.005615 0.014815
0 0.994629 0.185417 0.010742 0.020833
0 0.011841 0.387269 0.006592 0.014352
0 0.239502 0.641435 0.010254 0.018056
0 0.185669 0.614352 0.011963 0.023148
0 0.775635 0.631250 0.012207 0.018981
0 0.333618 0.387269 0.007080 0.016204
0 0.382202 0.325463 0.007568 0.018519
0 0.494019 0.062269 0.006592 0.018981
0 0.699341 0.460880 0.009521 0.021759
0 0.495361 0.378935 0.008301 0.017130
0 0.003296 0.926157 0.006104 0.017130
0 0.080200 0.347685 0.011475 0.012963
0 0.094971 0.303009 0.007812 0.015278
0 0.881836 0.154630 0.008789 0.019444
0 0.157837 0.864583 0.011963 0.018981
0 0.671143 0.239352 0.009766 0.016667
0 0.903809 0.637500 0.010742 0.020370
0 0.449097 0.720602 0.008057 0.016204
0 0.585571 0.566435 0.005615 0.018056
0 0.595825 0.069676 0.007080 0.016204
0 0.218506 0.312963 0.008301 0.016667
0 0.696533 0.059491 0.004883 0.021759
0 0.036377 0.668981 0.013184 0.021296