0 0.057251 0.008796 0.020752 0.016667
0 0.005371 0.052546 0.010254 0.047685
0 0.331421 0.052083 0.021729 0.036574
0 0.262451 0.134028 0.023438 0.043981
0 0.372803 0.263889 0.017578 0.037963
0 0.309692 0.320139 0.017334 0.025463
0 0.209839 0.199306 0.023193 0.042130
0 0.157104 0.236574 0.018799 0.028704
0 0.104370 0.298843 0.019775 0.036574
0 0.033813 0.374769 0.029053 0.038426
0 0.245972 0.418056 0.021729 0.037963
0 0.136841 0.512269 0.026611 0.039352
0 0.073608 0.581019 0.028076 0.033333
0 0.366699 0.581019 0.011719 0.029630
0 0.315674 0.657639 0.016602 0.029167
0 0.260254 0.711574 0.016602 0.029630
0 0.203247 0.790972 0.017334 0.039352
0 0.129272 0.880324 0.026123 0.046759
0 0.339233 0.868981 0.020752 0.035185
0 0.401123 0.787037 0.014648 0.025926
0 0.228394 0.988657 0.019287 0.022685
0 0.285522 0.934491 0.011475 0.017130
0 0.071655 0.935648 0.021240 0.034259
0 0.020386 0.989583 0.027100 0.020833
0 0.616943 0.912963 0.020508 0.046296
0 0.765869 0.991204 0.014160 0.017593
0 0.728149 0.791204 0.012939 0.028704
0 0.459229 0.737037 0.023926 0.038889
0 0.527832 0.673148 0.019531 0.032407
0 0.577026 0.606481 0.017822 0.034259
0 0.633789 0.549074 0.019531 0.034259
0 0.427124 0.505556 0.025635 0.037037
0 0.480225 0.457407 0.018066 0.037037
0 0.682129 0.447454 0.020996 0.038426
0 0.747070 0.390046 0.020020 0.037500
0 0.539795 0.370139 0.017578 0.027315
0 0.593994 0.299537 0.019531 0.036111
0 0.657837 0.259722 0.022705 0.043519
0 0.422119 0.175926 0.019531 0.036111
0 0.692139 0.178935 0.012695 0.032870
0 0.487305 0.119444 0.022949 0.043519
0 0.536743 0.082870 0.019775 0.036111
0 0.769287 0.128704 0.019043 0.037963
0 0.594482 0.026389 0.017578 0.023148
0 0.813965 0.050926 0.025391 0.045370
0 0.949097 0.167130 0.014893 0.025926
0 0.904785 0.199074 0.024902 0.028704
0 0.848755 0.265046 0.020264 0.030093
0 0.794189 0.318056 0.021484 0.033333
0 0.989258 0.458565 0.019043 0.041204
0 0.951294 0.529398 0.017334 0.020833
0 0.881470 0.593750 0.019287 0.026389
0 0.841919 0.639815 0.013916 0.025000
0 0.987915 0.742593 0.023193 0.042593
0 0.948364 0.770370 0.027100 0.033333
0 0.777710 0.721528 0.025146 0.035648
0 0.939819 0.862500 0.020752 0.033333
0 0.879028 0.882407 0.022705 0.028704
0 0.816650 0.916667 0.019043 0.030556