0 0.283691 0.216204 0.011230 0.025926
0 0.341064 0.352083 0.012207 0.026389
0 0.335449 0.444213 0.011230 0.026389
0 0.327881 0.596759 0.012207 0.028704
0 0.248779 0.607639 0.014648 0.029167
0 0.204346 0.569444 0.013672 0.022222
0 0.206055 0.527083 0.015625 0.022685
0 0.215820 0.417593 0.013672 0.022222
0 0.138550 0.472685 0.012451 0.025926
0 0.117310 0.595139 0.016846 0.026389
0 0.110107 0.641204 0.014160 0.024074
0 0.099365 0.689352 0.015625 0.033333
0 0.093140 0.776157 0.017822 0.025463
0 0.246826 0.731019 0.013672 0.024074
0 0.197144 0.629398 0.015381 0.022685
0 0.017456 0.447685 0.012451 0.022222
0 0.344849 0.224306 0.011963 0.019907
0 0.342896 0.254630 0.011963 0.023148
0 0.274292 0.353241 0.011963 0.023148
0 0.260132 0.486574 0.011475 0.026852
0 0.230835 0.242593 0.013916 0.021296
0 0.227539 0.281019 0.013184 0.024074
0 0.318604 0.793750 0.013184 0.027315
0 0.330688 0.673148 0.013428 0.021296
0 0.388672 0.771065 0.012695 0.026389
0 0.380005 0.708333 0.010986 0.025926
0 0.388184 0.633565 0.013672 0.025463
0 0.391113 0.384259 0.011230 0.023148
0 0.394043 0.293981 0.011230 0.021296
0 0.382568 0.842824 0.010254 0.020833
0 0.464966 0.793287 0.013428 0.023611
0 0.460083 0.731944 0.012451 0.024074
0 0.462646 0.616204 0.012207 0.025926
0 0.461670 0.555093 0.010742 0.027778
0 0.459473 0.509722 0.013184 0.022222
0 0.457397 0.457407 0.011963 0.024074
0 0.462646 0.362500 0.011719 0.025926
0 0.462280 0.318056 0.012939 0.027778
0 0.459595 0.272685 0.012451 0.022222
0 0.455322 0.231250 0.011230 0.022685
0 0.456909 0.182176 0.011475 0.025463
0 0.505005 0.247454 0.013428 0.027315
0 0.505981 0.348148 0.011963 0.018519
0 0.509277 0.426157 0.012695 0.025463
0 0.515991 0.585417 0.011963 0.026389
0 0.521484 0.767593 0.012207 0.024074
0 0.467041 0.861343 0.013184 0.026389
0 0.525757 0.896065 0.013428 0.025463
0 0.524780 0.960648 0.013916 0.023148
0 0.471436 0.993519 0.013672 0.012963
0 0.372437 0.978009 0.011963 0.024537
0 0.312256 0.935417 0.013184 0.027315
0 0.229370 0.984028 0.017822 0.029167
0 0.230957 0.905556 0.014648 0.026852
0 0.174561 0.884259 0.018555 0.025926
0 0.083374 0.904167 0.016846 0.024074
0 0.062012 0.978241 0.020996 0.031481
0 0.596191 0.628935 0.014648 0.022685
0 0.596069 0.690278 0.010986 0.022222
0 0.610474 0.807407 0.011475 0.024074
0 0.618408 0.945833 0.015137 0.026852
0 0.665649 0.832407 0.013428 0.025926
0 0.654053 0.597222 0.013184 0.025926
0 0.635742 0.491898 0.010742 0.021759
0 0.621338 0.381713 0.011230 0.026389
0 0.571777 0.248148 0.009766 0.024074
0 0.580444 0.325231 0.009033 0.019907
0 0.751221 0.876389 0.013672 0.026852
0 0.764282 0.943981 0.017822 0.030556
0 0.738159 0.743981 0.015869 0.027778
0 0.790771 0.710880 0.012695 0.026389
0 0.780884 0.650926 0.012939 0.019444
0 0.768066 0.550463 0.019043 0.035185
0 0.726074 0.562731 0.017090 0.032870
0 0.712402 0.532870 0.013184 0.019444
0 0.642700 0.651157 0.010986 0.021759
0 0.656982 0.697454 0.010254 0.028241
0 0.825562 0.975926 0.017334 0.028704
0 0.811401 0.891204 0.015869 0.036111
0 0.791870 0.764815 0.013916 0.028704
0 0.859741 0.638889 0.014404 0.024074
0 0.853638 0.585648 0.017334 0.022222
0 0.843018 0.522917 0.014160 0.023611
0 0.901611 0.591898 0.013672 0.029167
0 0.867798 0.691898 0.015381 0.024537
0 0.877686 0.750231 0.018555 0.024537
0 0.886841 0.819444 0.017334 0.024074
0 0.897583 0.878472 0.015381 0.024537
0 0.902344 0.956250 0.018555 0.029167
0 0.973022 0.976852 0.020264 0.029630
0 0.968018 0.911806 0.019043 0.033796
0 0.990234 0.668981 0.019043 0.031481
0 0.979370 0.607407 0.018311 0.034259
0 0.863892 0.396296 0.011963 0.030556
0 0.825317 0.425231 0.012451 0.030093
0 0.753174 0.443056 0.012695 0.028704
0 0.757935 0.502778 0.011963 0.022222
0 0.675049 0.171528 0.011230 0.026389
0 0.724121 0.221759 0.010742 0.027778
0 0.785645 0.134028 0.009766 0.024537
0 0.913086 0.313657 0.015137 0.030093
0 0.949097 0.491204 0.018311 0.029630
0 0.971924 0.372685 0.014648 0.027778
0 0.684204 0.205787 0.011963 0.030093
0 0.621094 0.271759 0.010254 0.024074
0 0.814331 0.332176 0.012451 0.027315
0 0.854736 0.300463 0.013184 0.029630
0 0.594360 0.569676 0.011963 0.023611
0 0.590576 0.514352 0.012207 0.020370
0 0.586548 0.466667 0.010986 0.025000
0 0.059570 0.223611 0.010742 0.019444
0 0.069946 0.116898 0.009521 0.018981
0 0.057739 0.608796 0.015381 0.023148
0 0.141602 0.386343 0.013184 0.019907
0 0.151855 0.326852 0.014160 0.024074
0 0.087646 0.838426 0.016602 0.023148
0 0.172241 0.966667 0.015381 0.023148
0 0.279175 0.256250 0.009521 0.028241
0 0.275391 0.305787 0.009277 0.021759
0 0.321289 0.733102 0.013184 0.025463
0 0.331177 0.510880 0.009521 0.019907
0 0.351196 0.129630 0.009033 0.025000
0 0.396362 0.121991 0.010010 0.026389
0 0.520508 0.828241 0.013184 0.026852
0 0.516479 0.645602 0.013428 0.026389
0 0.674194 0.982639 0.013916 0.031019
0 0.688843 0.297685 0.011475 0.021296
0 0.728394 0.275231 0.012939 0.021759
0 0.626953 0.344676 0.009277 0.020833
0 0.677368 0.128704 0.013428 0.027778
0 0.707886 0.146065 0.009033 0.027315
0 0.912720 0.662269 0.015381 0.027315
0 0.886597 0.504167 0.013428 0.027778
0 0.860962 0.351620 0.011963 0.030093
0 0.821167 0.151157 0.012939 0.029167
0 0.947266 0.439120 0.013672 0.021759
0 0.375366 0.894907 0.012451 0.021296
0 0.458862 0.116898 0.011963 0.021759
0 0.968384 0.560417 0.018311 0.024537
0 0.235718 0.840509 0.013916 0.027315
0 0.175171 0.810648 0.015869 0.025000
0 0.338379 0.548611 0.010254 0.024074
0 0.388428 0.478935 0.011719 0.024537
0 0.505249 0.181481 0.011475 0.027778
0 0.509888 0.534722 0.010498 0.023148
0 0.067017 0.501852 0.013428 0.022222
0 0.080811 0.457639 0.011230 0.019907
0 0.461182 0.933565 0.011230 0.025463
0 0.606079 0.757870 0.009033 0.021296
0 0.611938 0.186343 0.009521 0.023611
0 0.712646 0.106944 0.011230 0.026852
0 0.566895 0.128935 0.011230 0.020833
0 0.624878 0.221528 0.007568 0.023611
0 0.771362 0.065972 0.011475 0.026389
0 0.040283 0.737037 0.017090 0.023148
0 0.186890 0.058796 0.011963 0.024074
0 0.801636 0.051620 0.012939 0.021759
0 0.111938 0.218750 0.010010 0.020833
0 0.575806 0.285185 0.011475 0.024074
0 0.046387 0.270833 0.013184 0.018519
0 0.597412 0.041204 0.011719 0.018519
0 0.637085 0.443750 0.009033 0.021759
0 0.939575 0.196759 0.011963 0.037963
0 0.702271 0.433333 0.012939 0.027778
0 0.243774 0.042361 0.013428 0.022685
0 0.571289 0.028935 0.007812 0.020833
0 0.926758 0.716435 0.017578 0.030093
0 0.293213 0.021296 0.012207 0.017593
0 0.355835 0.033796 0.009521 0.017593
0 0.500610 0.078935 0.010010 0.020833
0 0.296143 0.065278 0.010742 0.027778
0 0.517456 0.698380 0.009521 0.020833
0 0.972656 0.056019 0.010742 0.025000
0 0.079468 0.073148 0.010010 0.025926
0 0.397339 0.026620 0.009033 0.023611
0 0.390503 0.243750 0.008545 0.022685
0 0.711182 0.467130 0.012207 0.022222
0 0.840942 0.268750 0.010986 0.023611