0 0.067871 0.090046 0.024902 0.040278
0 0.027222 0.169213 0.028564 0.053241
0 0.257812 0.051389 0.006836 0.019444
0 0.392944 0.064120 0.014404 0.039352
0 0.520264 0.084722 0.015137 0.036111
0 0.517212 0.187963 0.020752 0.041667
0 0.363770 0.172685 0.013672 0.035185
0 0.240479 0.160880 0.021484 0.040278
0 0.332397 0.256019 0.020264 0.044444
0 0.477173 0.290509 0.020752 0.042130
0 0.454224 0.407639 0.014893 0.033796
0 0.298340 0.381944 0.019043 0.040741
0 0.179810 0.374074 0.016846 0.037963
0 0.281982 0.502778 0.018066 0.038889
0 0.433105 0.544676 0.017090 0.036574
0 0.401855 0.649074 0.023438 0.046296
0 0.244873 0.621759 0.015625 0.037963
0 0.121582 0.635648 0.027832 0.043519
0 0.148193 0.520370 0.026367 0.037037
0 0.209839 0.271991 0.022217 0.038426
0 0.499878 0.802315 0.021729 0.047222
0 0.376953 0.778009 0.014648 0.036574
0 0.467163 0.903704 0.017822 0.035185
0 0.356323 0.897454 0.017334 0.042130
0 0.225464 0.777083 0.021729 0.038426
0 0.087769 0.724769 0.014404 0.036574
0 0.062256 0.839352 0.027832 0.037963
0 0.024414 0.979630 0.031738 0.040741
0 0.154785 0.980324 0.029785 0.039352
0 0.332520 0.993519 0.011230 0.012963
0 0.627319 0.996759 0.012451 0.006481
0 0.664673 0.928472 0.019287 0.038426
0 0.779297 0.910417 0.022949 0.034722
0 0.813843 0.810648 0.017822 0.042593
0 0.827148 0.663657 0.013184 0.036574
0 0.706543 0.654398 0.006836 0.010648
0 0.682617 0.763426 0.022461 0.040741
0 0.538574 0.668056 0.018555 0.029630
0 0.733643 0.545833 0.012207 0.032407
0 0.840942 0.546065 0.018799 0.039352
0 0.879150 0.453935 0.020996 0.036574
0 0.752319 0.434722 0.022217 0.044444
0 0.584595 0.449074 0.018799 0.035185
0 0.556519 0.561343 0.022705 0.039352
0 0.593018 0.313889 0.018555 0.040741
0 0.780762 0.300231 0.018066 0.032870
0 0.795654 0.218287 0.015625 0.036574
0 0.626953 0.200694 0.017090 0.039352
0 0.675415 0.003241 0.007568 0.005556
0 0.645264 0.089352 0.023438 0.049074
0 0.834229 0.093981 0.013672 0.031481
0 0.838989 0.006713 0.023682 0.012500
0 0.955444 0.105787 0.032471 0.043981
0 0.923950 0.219444 0.034424 0.044444
0 0.900146 0.288889 0.025391 0.041667
0 0.920776 0.372454 0.020752 0.027315
0 0.995117 0.630556 0.009766 0.047222
0 0.989380 0.754398 0.021240 0.031019
0 0.965088 0.870833 0.029785 0.040741
0 0.948120 0.989352 0.021729 0.021296
0 0.002075 0.403472 0.003662 0.008796