0 0.090942 0.031250 0.023682 0.035648
0 0.046021 0.104861 0.029053 0.049537
0 0.006958 0.218981 0.013428 0.015741
0 0.006470 0.334259 0.012451 0.019444
0 0.279297 0.015046 0.006836 0.019907
0 0.416138 0.047917 0.017822 0.031019
0 0.379517 0.152083 0.015381 0.030093
0 0.257324 0.122685 0.020996 0.041667
0 0.224976 0.227315 0.019287 0.040741
0 0.346802 0.229861 0.018311 0.048611
0 0.489624 0.283333 0.021729 0.041667
0 0.307617 0.350231 0.019531 0.034722
0 0.190430 0.329861 0.021484 0.042130
0 0.462402 0.397917 0.013184 0.031019
0 0.437256 0.526852 0.019043 0.035185
0 0.286255 0.471296 0.019287 0.033333
0 0.153931 0.465972 0.023682 0.026389
0 0.124390 0.574537 0.025146 0.040741
0 0.247437 0.583102 0.013916 0.034722
0 0.400879 0.630556 0.019531 0.044444
0 0.085449 0.664583 0.017578 0.031944
0 0.375122 0.756250 0.016846 0.030093
0 0.492920 0.794676 0.019043 0.045833
0 0.218262 0.733102 0.027344 0.044907
0 0.057861 0.772917 0.027832 0.032870
0 0.347778 0.872685 0.014893 0.040741
0 0.315308 0.972685 0.017334 0.037037
0 0.458496 0.895139 0.016113 0.030093
0 0.145752 0.925694 0.028320 0.038426
0 0.016235 0.907870 0.031982 0.038889
0 0.536011 0.666435 0.017334 0.027315
0 0.651489 0.941435 0.023193 0.044907
0 0.767700 0.943750 0.030518 0.040278
0 0.805176 0.845602 0.024414 0.044907
0 0.825806 0.704398 0.015869 0.036574
0 0.843140 0.584954 0.017822 0.036574
0 0.736206 0.571991 0.010010 0.027315
0 0.757324 0.464352 0.021484 0.042593
0 0.701904 0.675000 0.011230 0.014815
0 0.675293 0.781481 0.022949 0.040741
0 0.555908 0.562963 0.019531 0.038889
0 0.589478 0.456019 0.019287 0.036111
0 0.791016 0.331019 0.014648 0.035185
0 0.809692 0.252083 0.016357 0.035648
0 0.604370 0.323148 0.021729 0.042593
0 0.641113 0.209491 0.019043 0.030093
0 0.531982 0.182870 0.025391 0.039815
0 0.662354 0.105093 0.022949 0.048148
0 0.538696 0.084491 0.014404 0.038426
0 0.695312 0.014352 0.020996 0.027778
0 0.850464 0.132870 0.014404 0.030556
0 0.863281 0.031481 0.022461 0.040741
0 0.986694 0.036806 0.026611 0.047685
0 0.972412 0.162037 0.030273 0.044444
0 0.938843 0.270833 0.030518 0.037037
0 0.910278 0.336806 0.022217 0.038426
0 0.929810 0.421528 0.020264 0.029167
0 0.884644 0.497685 0.020264 0.032407
0 0.995850 0.690509 0.008301 0.039352
0 0.983276 0.813889 0.022217 0.035185
0 0.953491 0.926852 0.023682 0.046296