0 0.079468 0.067130 0.017334 0.022222
0 0.033569 0.159722 0.024658 0.041667
0 0.352539 0.012731 0.020020 0.024537
0 0.304810 0.081944 0.014404 0.040741
0 0.418823 0.149537 0.022705 0.051852
0 0.258789 0.158565 0.019531 0.037500
0 0.363892 0.240278 0.020752 0.035185
0 0.325806 0.344907 0.023193 0.031481
0 0.201660 0.266898 0.025391 0.035648
0 0.156494 0.356944 0.023926 0.037037
0 0.110474 0.419676 0.016357 0.029167
0 0.064575 0.510417 0.028564 0.038426
0 0.272949 0.429630 0.017090 0.027778
0 0.410767 0.555556 0.020264 0.037037
0 0.223389 0.554398 0.023438 0.031944
0 0.011719 0.608796 0.022949 0.035185
0 0.126709 0.699537 0.028809 0.034259
0 0.074097 0.797685 0.028564 0.044444
0 0.276978 0.835185 0.020752 0.035185
0 0.231567 0.945139 0.018799 0.042130
0 0.375122 0.952778 0.016357 0.041667
0 0.423828 0.842130 0.016113 0.031481
0 0.324463 0.759028 0.015137 0.032870
0 0.365112 0.663194 0.013916 0.035648
0 0.601807 0.990046 0.026855 0.019907
0 0.650391 0.855787 0.021484 0.039352
0 0.474243 0.765278 0.019775 0.038889
0 0.531616 0.668750 0.017334 0.031019
0 0.568848 0.581713 0.015625 0.034722
0 0.739624 0.690278 0.010986 0.027778
0 0.690063 0.770602 0.009521 0.018981
0 0.458496 0.482176 0.018066 0.032870
0 0.615967 0.498148 0.018066 0.036111
0 0.503906 0.367593 0.019531 0.034259
0 0.652222 0.378241 0.021240 0.037037
0 0.703003 0.290278 0.018311 0.038889
0 0.549072 0.274074 0.015625 0.036111
0 0.603760 0.206019 0.024414 0.042593
0 0.741211 0.199074 0.020020 0.040741
0 0.624268 0.111111 0.016113 0.031481
0 0.461670 0.092593 0.014648 0.028704
0 0.511230 0.012500 0.018555 0.024074
0 0.692505 0.025000 0.017822 0.038889
0 0.786987 0.122685 0.018311 0.031481
0 0.833496 0.033796 0.021484 0.030556
0 0.946655 0.238657 0.022705 0.039352
0 0.921265 0.332639 0.017822 0.028241
0 0.861206 0.424074 0.018311 0.034259
0 0.984253 0.516204 0.029541 0.048148
0 0.997437 0.132639 0.005127 0.027315
0 0.945557 0.562269 0.029297 0.036574
0 0.778442 0.598611 0.027100 0.040741
0 0.949829 0.653009 0.026123 0.038426
0 0.894409 0.705093 0.021729 0.032407
0 0.840820 0.766898 0.018555 0.034722
0 0.803223 0.868519 0.022461 0.029630
0 0.986084 0.964352 0.027832 0.055556
0 0.763184 0.984259 0.029297 0.031481