0 0.290161 0.128935 0.008545 0.020833
0 0.343872 0.253935 0.008057 0.019907
0 0.339722 0.335648 0.009521 0.022222
0 0.332642 0.472685 0.008545 0.025000
0 0.256348 0.488194 0.010254 0.018981
0 0.213867 0.452083 0.009277 0.015278
0 0.216187 0.412037 0.010986 0.021296
0 0.224609 0.313194 0.009766 0.013426
0 0.151001 0.364352 0.008545 0.019444
0 0.131470 0.474769 0.011475 0.018056
0 0.125122 0.516435 0.009521 0.016204
0 0.114990 0.559954 0.011719 0.021759
0 0.110596 0.636806 0.014648 0.017130
0 0.257202 0.594676 0.009033 0.019907
0 0.208008 0.507639 0.009766 0.022685
0 0.034180 0.336806 0.008789 0.017130
0 0.347290 0.135185 0.008545 0.015741
0 0.345337 0.161343 0.007568 0.020833
0 0.279663 0.255556 0.008057 0.018519
0 0.268921 0.374769 0.010498 0.021759
0 0.237427 0.152778 0.008545 0.018519
0 0.236084 0.186806 0.009766 0.021759
0 0.324097 0.656713 0.013428 0.023611
0 0.333618 0.546991 0.009521 0.022685
0 0.390259 0.636574 0.008545 0.024074
0 0.382324 0.574537 0.006836 0.023148
0 0.390259 0.508796 0.007568 0.017593
0 0.392700 0.281019 0.007080 0.019444
0 0.395142 0.199537 0.007080 0.013889
0 0.384277 0.700926 0.007812 0.018519
0 0.463135 0.657176 0.008789 0.018056
0 0.459961 0.599074 0.006836 0.018519
0 0.460083 0.493519 0.006592 0.020370
0 0.460205 0.441435 0.006836 0.018056
0 0.457031 0.398148 0.007324 0.016667
0 0.455688 0.350231 0.007568 0.019907
0 0.461182 0.264583 0.008301 0.019907
0 0.461670 0.221759 0.007812 0.020370
0 0.459106 0.179167 0.006104 0.017593
0 0.452881 0.140046 0.007324 0.015278
0 0.455078 0.094907 0.007324 0.020370
0 0.501831 0.158102 0.007568 0.021759
0 0.502319 0.251852 0.007568 0.015741
0 0.505005 0.323611 0.007080 0.022222
0 0.511719 0.467130 0.008789 0.021296
0 0.516602 0.634028 0.008789 0.020833
0 0.465942 0.716898 0.008545 0.018056
0 0.520996 0.749537 0.005859 0.021296
0 0.519897 0.805556 0.009521 0.019444
0 0.469360 0.848380 0.010010 0.017130
0 0.375732 0.821065 0.009766 0.016204
0 0.377075 0.941204 0.010010 0.020370
0 0.317383 0.776852 0.010742 0.021296
0 0.239868 0.825231 0.009521 0.021759
0 0.240845 0.751852 0.009521 0.017593
0 0.186157 0.734954 0.011475 0.018056
0 0.100952 0.754167 0.011475 0.019444
0 0.080811 0.818519 0.016113 0.021296
0 0.078613 0.889815 0.013184 0.019444
0 0.223389 0.896296 0.012695 0.018519
0 0.236450 0.964815 0.009033 0.019444
0 0.304077 0.993287 0.011475 0.013426
0 0.471436 0.913889 0.008301 0.018519
0 0.589478 0.507176 0.007568 0.018056
0 0.587891 0.563194 0.007812 0.017130
0 0.602173 0.668056 0.007568 0.020370
0 0.608032 0.793519 0.010010 0.020370
0 0.617676 0.922685 0.007324 0.017593
0 0.653809 0.692361 0.009766 0.018056
0 0.643921 0.478472 0.010010 0.020833
0 0.626831 0.384954 0.006592 0.017130
0 0.613525 0.280093 0.008301 0.019444
0 0.311157 0.914120 0.011963 0.018981
0 0.316528 0.846991 0.011475 0.019907
0 0.523071 0.945139 0.007568 0.017130
0 0.566162 0.160880 0.006836 0.016204
0 0.574097 0.233102 0.006104 0.021759
0 0.737793 0.732407 0.010254 0.022222
0 0.674561 0.888889 0.009277 0.017593
0 0.680054 0.956481 0.009521 0.016667
0 0.759644 0.932176 0.010010 0.019907
0 0.750488 0.852778 0.010254 0.023148
0 0.748901 0.792130 0.011963 0.021296
0 0.723511 0.616667 0.008545 0.020370
0 0.775391 0.585185 0.009277 0.022222
0 0.765137 0.531713 0.008301 0.018056
0 0.753296 0.439120 0.012939 0.022685
0 0.713501 0.446991 0.010010 0.023611
0 0.701782 0.420139 0.008545 0.016204
0 0.633911 0.531250 0.009033 0.020833
0 0.647461 0.587500 0.005859 0.018519
0 0.824707 0.947685 0.011719 0.021296
0 0.807861 0.821991 0.012695 0.019907
0 0.791748 0.743519 0.009766 0.023148
0 0.775391 0.629861 0.008301 0.017130
0 0.839478 0.518056 0.009033 0.017593
0 0.834351 0.472222 0.009521 0.015741
0 0.825562 0.412500 0.008057 0.017593
0 0.881592 0.475231 0.006836 0.023611
0 0.847656 0.569444 0.009766 0.020370
0 0.854858 0.619444 0.008545 0.020370
0 0.866333 0.683565 0.009033 0.018981
0 0.874146 0.736111 0.010010 0.021296
0 0.879150 0.810648 0.008789 0.015741
0 0.899414 0.935417 0.011230 0.018981
0 0.981567 0.967824 0.010986 0.018981
0 0.945679 0.823843 0.012451 0.022685
0 0.940186 0.761806 0.010742 0.019907
0 0.981812 0.642361 0.011963 0.019907
0 0.967041 0.546528 0.014160 0.018981
0 0.956055 0.493287 0.012695 0.018056
0 0.982910 0.409722 0.009766 0.020370
0 0.845825 0.295370 0.009033 0.021296
0 0.809570 0.321296 0.008789 0.018519
0 0.740112 0.342361 0.008545 0.018981
0 0.743042 0.389583 0.008545 0.015278
0 0.691040 0.329630 0.008545 0.020370
0 0.665894 0.093519 0.007568 0.019444
0 0.712646 0.137963 0.007324 0.023148
0 0.773071 0.056019 0.007568 0.013889
0 0.893799 0.220139 0.007812 0.017130
0 0.928833 0.384259 0.008545 0.015741
0 0.950684 0.277546 0.007812 0.019907
0 0.919189 0.119907 0.008301 0.024074
0 0.673950 0.123611 0.006592 0.020370
0 0.612427 0.178935 0.006104 0.015278
0 0.799561 0.239352 0.010254 0.020370
0 0.825562 0.179167 0.009033 0.018519
0 0.838623 0.208333 0.007324 0.020370
0 0.979248 0.366435 0.011230 0.018056
0 0.587646 0.457407 0.009277 0.021296
0 0.583618 0.406019 0.008057 0.018519
0 0.579224 0.360648 0.007080 0.018519
0 0.073364 0.135648 0.009521 0.024074
0 0.083008 0.037963 0.006836 0.013889
0 0.074707 0.490278 0.011230 0.017593
0 0.154053 0.283565 0.009277 0.018981
0 0.161621 0.229630 0.008789 0.017593
0 0.166138 0.191435 0.006104 0.016204
0 0.104370 0.694676 0.009521 0.017130
0 0.056641 0.604861 0.008301 0.015278
0 0.185547 0.806713 0.010254 0.015278
0 0.286377 0.165741 0.007324 0.016667
0 0.280273 0.209259 0.004883 0.015741
0 0.326294 0.602778 0.008057 0.020370
0 0.334473 0.399306 0.006348 0.017130
0 0.354248 0.048611 0.008789 0.023148
0 0.397339 0.042130 0.008057 0.020370
0 0.378906 0.877083 0.008301 0.019907
0 0.515869 0.684259 0.007324 0.016667
0 0.512329 0.571528 0.008057 0.017130
0 0.511597 0.519444 0.008057 0.018519
0 0.656128 0.749306 0.008545 0.019907
0 0.663086 0.825000 0.009766 0.020370
0 0.698853 0.357870 0.007080 0.018519
0 0.677856 0.203704 0.006592 0.017593
0 0.716431 0.180787 0.009521 0.017130
0 0.618042 0.250000 0.007080 0.021296
0 0.668091 0.051852 0.008057 0.019444
0 0.697754 0.066204 0.006348 0.018519
0 0.891846 0.539352 0.010254 0.017593
0 0.866333 0.389583 0.010010 0.017130
0 0.844116 0.257870 0.005615 0.019444
0 0.807129 0.070602 0.007324 0.017130
0 0.987671 0.108333 0.009521 0.022222
0 0.926392 0.335880 0.010010 0.013426
0 0.253174 0.641435 0.010742 0.019907
0 0.290894 0.061343 0.007568 0.017130
0 0.377563 0.747454 0.009033 0.020833
0 0.626831 0.339583 0.007080 0.018056
0 0.457520 0.038657 0.008301 0.014352
0 0.942261 0.453241 0.005615 0.014815
0 0.014038 0.435417 0.006592 0.014352
0 0.245850 0.698380 0.010254 0.018056
0 0.190308 0.672222 0.011963 0.023148
0 0.793457 0.689583 0.012207 0.018981
0 0.341431 0.434491 0.007080 0.016204
0 0.390503 0.369444 0.007568 0.018519
0 0.502808 0.096528 0.006592 0.018981
0 0.713501 0.512269 0.009521 0.021759
0 0.506348 0.423843 0.008301 0.017130
0 0.004150 0.991898 0.007812 0.016204
0 0.084595 0.396528 0.012939 0.014352
0 0.098877 0.349769 0.007812 0.015278
0 0.895996 0.190741 0.008789 0.019444
0 0.162476 0.934954 0.011963 0.018981
0 0.683594 0.279167 0.009766 0.016667
0 0.925049 0.694444 0.010742 0.020370
0 0.459351 0.780787 0.008057 0.016204
0 0.598389 0.622454 0.005371 0.018056
0 0.606079 0.103935 0.007080 0.016204
0 0.224365 0.356944 0.008301 0.016667
0 0.708496 0.094213 0.004883 0.021759
0 0.040039 0.726852 0.015137 0.021296
0 0.123535 0.134722 0.008301 0.018519
0 0.521729 0.870602 0.004883 0.017130
0 0.236694 0.230787 0.006104 0.016204
0 0.005615 0.488657 0.010254 0.014352
0 0.571167 0.196759 0.007568 0.012037
0 0.701172 0.031944 0.007324 0.019444
0 0.965454 0.041435 0.006592 0.016204
0 0.571777 0.123148 0.003906 0.013889
0 0.572021 0.270833 0.006836 0.012963
0 0.863892 0.044907 0.007568 0.020370