0 0.004517 0.937731 0.008545 0.030093
0 0.010742 0.866898 0.015137 0.021759
0 0.019409 0.791435 0.015869 0.026389
0 0.040161 0.720833 0.011475 0.022222
0 0.050049 0.659259 0.012695 0.023148
0 0.129395 0.699074 0.012695 0.021296
0 0.118286 0.758796 0.013428 0.027778
0 0.109863 0.842130 0.011719 0.022222
0 0.101318 0.922454 0.013184 0.024537
0 0.169312 0.948843 0.010986 0.024537
0 0.165894 0.857639 0.011475 0.019907
0 0.166870 0.793056 0.011475 0.022222
0 0.188721 0.728704 0.013184 0.021296
0 0.190552 0.660648 0.011475 0.024074
0 0.201660 0.592824 0.010742 0.024537
0 0.336060 0.574306 0.010986 0.024537
0 0.336548 0.650926 0.007080 0.019444
0 0.335205 0.697917 0.012207 0.026389
0 0.322144 0.853935 0.012939 0.023611
0 0.263062 0.892824 0.010498 0.022685
0 0.256958 0.961343 0.012939 0.023611
0 0.322388 0.918519 0.010010 0.023148
0 0.321289 0.993981 0.013184 0.011111
0 0.267944 0.813194 0.011475 0.025463
0 0.270874 0.748611 0.012451 0.025926
0 0.291260 0.622917 0.008301 0.012500
0 0.334595 0.521065 0.010986 0.025463
0 0.352173 0.462037 0.010010 0.025000
0 0.287842 0.554861 0.009766 0.021759
0 0.140015 0.578472 0.012939 0.025463
0 0.057495 0.598380 0.012939 0.018981
0 0.063232 0.538657 0.012695 0.021759
0 0.076050 0.483796 0.008545 0.021296
0 0.009155 0.518287 0.012939 0.026389
0 0.026855 0.459954 0.011719 0.023611
0 0.077148 0.421991 0.014648 0.029167
0 0.096680 0.373148 0.009766 0.024074
0 0.164062 0.405556 0.010254 0.026852
0 0.216919 0.415278 0.011475 0.021296
0 0.226074 0.364815 0.009766 0.024074
0 0.296265 0.388657 0.010010 0.024537
0 0.295654 0.432639 0.009277 0.024537
0 0.209595 0.468519 0.005615 0.020370
0 0.166016 0.348380 0.012207 0.023611
0 0.179321 0.307639 0.008545 0.019907
0 0.224731 0.314352 0.010986 0.020370
0 0.232056 0.273148 0.009521 0.020370
0 0.095215 0.325463 0.013184 0.024074
0 0.106323 0.275000 0.011963 0.026852
0 0.122192 0.219907 0.011475 0.027778
0 0.124634 0.164583 0.009521 0.024537
0 0.351196 0.405556 0.008545 0.024074
0 0.353760 0.359954 0.009766 0.022685
0 0.311646 0.282870 0.008545 0.027778
0 0.366455 0.300000 0.008301 0.025926
0 0.316895 0.231481 0.008789 0.024074
0 0.321533 0.153704 0.009277 0.024074
0 0.368164 0.165278 0.009277 0.024074
0 0.361694 0.220833 0.005615 0.023148
0 0.242920 0.221759 0.009277 0.024074
0 0.241211 0.181713 0.009766 0.023611
0 0.250244 0.094907 0.009277 0.024074
0 0.326294 0.023148 0.006592 0.020370
0 0.370972 0.076620 0.009033 0.024537
0 0.059570 0.250463 0.011719 0.025926
0 0.074585 0.167130 0.007080 0.022222
0 0.091919 0.086343 0.011963 0.029167
0 0.137329 0.103935 0.009033 0.023611
0 0.147705 0.057407 0.008301 0.019444
0 0.154785 0.027546 0.006836 0.019907
0 0.093750 0.050463 0.007324 0.022222
0 0.028809 0.035417 0.008789 0.024537
0 0.433105 0.932176 0.011230 0.031944
0 0.436890 0.857639 0.010010 0.022685
0 0.434570 0.790046 0.012695 0.024537
0 0.429565 0.719676 0.009521 0.023611
0 0.432739 0.654167 0.009033 0.018519
0 0.432495 0.603241 0.010010 0.021296
0 0.434326 0.538657 0.010254 0.024537
0 0.427124 0.473843 0.006592 0.018981
0 0.434448 0.427315 0.006104 0.021296
0 0.438477 0.370139 0.006836 0.016204
0 0.437256 0.314352 0.009277 0.025926
0 0.436401 0.254398 0.009033 0.026389
0 0.446289 0.212500 0.005859 0.017593
0 0.431030 0.135417 0.008545 0.021759
0 0.440063 0.083565 0.007080 0.025463
0 0.436401 0.052778 0.007568 0.023148
0 0.483887 0.112731 0.008789 0.025463
0 0.498291 0.078009 0.005859 0.018981
0 0.491211 0.238194 0.008789 0.025463
0 0.484131 0.297454 0.007324 0.025463
0 0.490845 0.379630 0.009033 0.025926
0 0.489624 0.342593 0.006592 0.024074
0 0.485840 0.453935 0.009277 0.023611
0 0.486816 0.553472 0.009277 0.027315
0 0.496826 0.621528 0.007812 0.022685
0 0.490356 0.680324 0.007568 0.022685
0 0.491089 0.756250 0.016846 0.022685
0 0.491821 0.833565 0.008057 0.020833
0 0.495850 0.901157 0.011230 0.017130
0 0.489380 0.962500 0.009033 0.018519
0 0.604126 0.945139 0.011963 0.022685
0 0.660034 0.971991 0.012451 0.025463
0 0.756348 0.906019 0.016113 0.025000
0 0.659058 0.909954 0.012451 0.021759
0 0.593262 0.861111 0.010742 0.022222
0 0.651245 0.832870 0.011475 0.020370
0 0.590576 0.792361 0.009277 0.024537
0 0.587769 0.719213 0.009521 0.025463
0 0.586670 0.653935 0.011719 0.023611
0 0.745239 0.824769 0.014404 0.025463
0 0.799072 0.782407 0.009277 0.018519
0 0.802979 0.798148 0.010254 0.013889
0 0.791504 0.728241 0.012695 0.021296
0 0.738281 0.734954 0.015137 0.025463
0 0.651733 0.746759 0.013428 0.024074
0 0.735962 0.690278 0.011475 0.024074
0 0.640869 0.683102 0.009766 0.019907
0 0.643677 0.623148 0.010986 0.023148
0 0.637695 0.559259 0.010742 0.023148
0 0.581177 0.540278 0.011963 0.024074
0 0.569824 0.480093 0.008789 0.019444
0 0.576416 0.421528 0.008301 0.018981
0 0.569946 0.378935 0.009521 0.026389
0 0.575073 0.316204 0.011963 0.025000
0 0.567871 0.275000 0.010254 0.025000
0 0.570557 0.224769 0.009277 0.025463
0 0.564575 0.173843 0.008057 0.023611
0 0.561768 0.136111 0.009277 0.026852
0 0.562134 0.106250 0.008545 0.018981
0 0.559326 0.048843 0.009277 0.024537
0 0.555054 0.025926 0.005127 0.020370
0 0.604736 0.037963 0.007324 0.019444
0 0.614136 0.116898 0.007080 0.018981
0 0.612549 0.205787 0.009766 0.025463
0 0.619873 0.285185 0.006836 0.025926
0 0.633667 0.388889 0.011963 0.023148
0 0.621826 0.337269 0.010254 0.023611
0 0.629639 0.441667 0.011719 0.026852
0 0.631104 0.504398 0.008301 0.018981
0 0.807983 0.929398 0.013428 0.021759
0 0.936768 0.987963 0.015137 0.023148
0 0.979126 0.938194 0.016846 0.023611
0 0.970459 0.859259 0.015625 0.020370
0 0.907104 0.906250 0.013428 0.022685
0 0.904541 0.826389 0.015625 0.022222
0 0.954468 0.796759 0.011963 0.017593
0 0.903687 0.758102 0.016357 0.024537
0 0.941528 0.728241 0.014404 0.020370
0 0.888916 0.690278 0.012207 0.025000
0 0.879761 0.635417 0.015381 0.022685
0 0.937378 0.658102 0.010986 0.022685
0 0.725830 0.625000 0.012207 0.022222
0 0.785034 0.647917 0.010498 0.024537
0 0.779053 0.590741 0.010254 0.024074
0 0.770996 0.515046 0.011230 0.025463
0 0.713013 0.548611 0.010010 0.018519
0 0.712158 0.505324 0.010254 0.019907
0 0.704224 0.446991 0.006592 0.020833
0 0.703613 0.394213 0.012695 0.023611
0 0.696655 0.342361 0.009033 0.022685
0 0.695068 0.282407 0.010254 0.022222
0 0.748535 0.362963 0.010254 0.021296
0 0.743896 0.317130 0.012695 0.014815
0 0.736450 0.258796 0.008057 0.018519
0 0.686768 0.234259 0.009766 0.024074
0 0.734985 0.212500 0.009033 0.016667
0 0.682495 0.154398 0.010986 0.025463
0 0.728760 0.166898 0.005859 0.018056
0 0.719849 0.136111 0.009033 0.019444
0 0.672119 0.111111 0.009766 0.026852
0 0.720459 0.093519 0.006348 0.018519
0 0.717651 0.051157 0.004639 0.013426
0 0.789917 0.080324 0.008057 0.021759
0 0.786133 0.048611 0.010254 0.021296
0 0.779785 0.009722 0.008789 0.018519
0 0.799683 0.106944 0.010498 0.027778
0 0.805420 0.158796 0.008301 0.021296
0 0.827637 0.244213 0.011719 0.018981
0 0.846069 0.055324 0.007568 0.021759
0 0.848511 0.136343 0.008545 0.026389
0 0.858887 0.172685 0.010742 0.018519
0 0.881104 0.278241 0.010742 0.017593
0 0.824585 0.294907 0.012451 0.025926
0 0.837402 0.348148 0.012207 0.022222
0 0.883667 0.324074 0.013916 0.023148
0 0.866699 0.572917 0.011230 0.018056
0 0.859131 0.512731 0.014160 0.024537
0 0.853516 0.454398 0.013184 0.021759
0 0.848877 0.409954 0.010742 0.019907
0 0.915039 0.477546 0.014160 0.021759
0 0.883667 0.427546 0.010498 0.016204
0 0.925171 0.552083 0.007568 0.011574
0 0.989502 0.493056 0.012207 0.023148
0 0.978760 0.427546 0.013184 0.028241
0 0.975220 0.379398 0.013916 0.026389
0 0.951294 0.331019 0.010010 0.020370
0 0.948120 0.273148 0.012939 0.028704
0 0.939453 0.238889 0.012695 0.022222
0 0.935181 0.186806 0.014404 0.023611
0 0.922974 0.135185 0.012939 0.029630
0 0.991943 0.248380 0.009277 0.017130
0 0.978638 0.197454 0.008545 0.016204
0 0.910400 0.096065 0.011719 0.030093
0 0.954956 0.078241 0.009521 0.020370
0 0.972534 0.156713 0.009033 0.018981
0 0.195679 0.072917 0.005127 0.017130