0 0.007202 0.142130 0.012451 0.030556
0 0.062012 0.074537 0.022949 0.034259
0 0.174927 0.292361 0.023682 0.036574
0 0.223389 0.212037 0.021484 0.034259
0 0.077393 0.423843 0.025879 0.031019
0 0.129028 0.350000 0.021240 0.025000
0 0.014893 0.517824 0.028320 0.034722
0 0.126587 0.626389 0.025146 0.031481
0 0.070801 0.714815 0.027344 0.028704
0 0.230347 0.500463 0.021729 0.034259
0 0.153320 0.987037 0.021973 0.022222
0 0.220337 0.885880 0.018799 0.036574
0 0.284180 0.115046 0.019531 0.040278
0 0.335449 0.050463 0.014648 0.034259
0 0.385864 0.213194 0.019775 0.039352
0 0.444580 0.134259 0.020020 0.044444
0 0.343628 0.311343 0.018311 0.032870
0 0.284058 0.384491 0.016357 0.024537
0 0.415405 0.536343 0.019287 0.037500
0 0.320557 0.719444 0.017090 0.031481
0 0.269165 0.788426 0.018799 0.029630
0 0.360474 0.921296 0.017334 0.038889
0 0.415039 0.820370 0.013672 0.027778
0 0.467041 0.754630 0.017090 0.040741
0 0.531372 0.669676 0.018311 0.031019
0 0.572510 0.590278 0.017578 0.029630
0 0.466553 0.471528 0.017090 0.032870
0 0.517944 0.372917 0.017334 0.031944
0 0.566772 0.280787 0.018311 0.037500
0 0.491211 0.087500 0.015137 0.030556
0 0.545288 0.017824 0.018311 0.031944
0 0.638306 0.881713 0.024658 0.042130
0 0.794312 0.923843 0.019287 0.039352
0 0.780884 0.643519 0.022705 0.035185
0 0.624512 0.516204 0.018555 0.029630
0 0.664062 0.403241 0.020508 0.037037
0 0.723267 0.327315 0.019287 0.032407
0 0.625488 0.223843 0.021484 0.038426
0 0.764404 0.241667 0.020996 0.031481
0 0.651611 0.134722 0.014648 0.031481
0 0.723511 0.061111 0.018799 0.037963
0 0.813477 0.175463 0.020020 0.025926
0 0.861572 0.098380 0.026855 0.031019
0 0.968872 0.321759 0.025146 0.033333
0 0.934204 0.407639 0.019287 0.023611
0 0.871216 0.491898 0.016846 0.028241
0 0.988037 0.603472 0.021973 0.031944
0 0.949829 0.644907 0.028076 0.033333
0 0.890747 0.773148 0.022705 0.026852
0 0.834106 0.824306 0.019775 0.028241
0 0.951050 0.736111 0.019775 0.031481
0 0.902100 0.052315 0.016113 0.024074