0 0.017578 0.432639 0.010254 0.024537
0 0.216553 0.458796 0.013184 0.028704
0 0.247681 0.418287 0.011475 0.024537
0 0.201172 0.490741 0.012207 0.029630
0 0.097412 0.523380 0.011719 0.032870
0 0.178711 0.550926 0.012695 0.024074
0 0.325806 0.489120 0.011963 0.031019
0 0.355469 0.509954 0.010742 0.022685
0 0.417847 0.519213 0.012939 0.032870
0 0.418091 0.467130 0.007568 0.025000
0 0.344971 0.445602 0.007324 0.031019
0 0.373535 0.379861 0.005859 0.016204
0 0.447021 0.330324 0.006836 0.017130
0 0.512573 0.600463 0.012939 0.034259
0 0.556641 0.586806 0.011719 0.032870
0 0.598022 0.571296 0.012939 0.039815
0 0.522827 0.518056 0.009521 0.025926
0 0.612183 0.448380 0.011963 0.030093
0 0.537720 0.375231 0.014404 0.027315
0 0.701050 0.281713 0.005615 0.014352
0 0.701416 0.305787 0.004883 0.015278
0 0.715332 0.369907 0.006836 0.016667
0 0.713745 0.393056 0.007568 0.023148
0 0.717529 0.428009 0.007812 0.026389
0 0.718262 0.470833 0.011230 0.030556
0 0.728760 0.529861 0.006836 0.023611
0 0.736328 0.565741 0.016113 0.036111
0 0.724243 0.629861 0.012939 0.033796
0 0.780762 0.627315 0.015137 0.034259
0 0.832397 0.614120 0.019775 0.040278
0 0.820923 0.556944 0.012939 0.027778
0 0.983765 0.678704 0.016846 0.036111
0 0.956055 0.603009 0.012207 0.027315
0 0.933350 0.543750 0.009766 0.026389
0 0.930054 0.507639 0.010010 0.032870
0 0.804932 0.506481 0.008301 0.032407
0 0.799805 0.432407 0.010742 0.024074
0 0.840454 0.277315 0.007080 0.016667
0 0.750244 0.269444 0.004883 0.013889
0 0.296509 0.320139 0.005127 0.016204