0 0.339844 0.366435 0.012207 0.026389
0 0.334229 0.450231 0.011230 0.026389
0 0.326172 0.614815 0.012207 0.028704
0 0.247070 0.628009 0.014648 0.029167
0 0.201904 0.588426 0.013672 0.022222
0 0.205566 0.540509 0.015625 0.022685
0 0.215088 0.431944 0.013672 0.022222
0 0.135864 0.488426 0.012451 0.025926
0 0.113525 0.610648 0.015625 0.023148
0 0.107422 0.662500 0.014160 0.024074
0 0.096069 0.713194 0.014404 0.026389
0 0.091675 0.796991 0.017822 0.025463
0 0.245605 0.739815 0.013672 0.024074
0 0.194458 0.648843 0.015381 0.022685
0 0.012085 0.462963 0.012451 0.022222
0 0.343628 0.236806 0.011963 0.019907
0 0.272339 0.365741 0.011963 0.023148
0 0.259644 0.504630 0.011475 0.026852
0 0.230835 0.245370 0.013916 0.021296
0 0.227295 0.288426 0.013184 0.024074
0 0.316528 0.815046 0.012939 0.026389
0 0.326538 0.689815 0.013428 0.021296
0 0.385742 0.793056 0.010742 0.023148
0 0.378540 0.724537 0.010986 0.025926
0 0.385742 0.653009 0.013184 0.019907
0 0.390625 0.395370 0.011230 0.023148
0 0.393311 0.305556 0.011230 0.021296
0 0.379395 0.865046 0.010254 0.020833
0 0.463257 0.816435 0.013428 0.023611
0 0.458862 0.752315 0.012451 0.024074
0 0.461914 0.632407 0.011230 0.023148
0 0.461060 0.575000 0.009521 0.013889
0 0.456909 0.526157 0.010498 0.020833
0 0.454712 0.475231 0.010986 0.022685
0 0.462036 0.373380 0.009033 0.021759
0 0.461060 0.325000 0.011963 0.025926
0 0.459473 0.276852 0.010742 0.020370
0 0.454346 0.237731 0.011230 0.022685
0 0.456177 0.186806 0.011475 0.025463
0 0.503296 0.251620 0.009521 0.018981
0 0.504761 0.356944 0.011963 0.018519
0 0.507690 0.430093 0.010498 0.023148
0 0.515015 0.599306 0.011963 0.026389
0 0.522461 0.793287 0.012207 0.020833
0 0.467773 0.881250 0.013184 0.026389
0 0.526733 0.915046 0.013428 0.025463
0 0.522827 0.983796 0.013916 0.023148
0 0.370605 0.991898 0.010254 0.016204
0 0.309082 0.952083 0.013184 0.027315
0 0.228271 0.990972 0.016113 0.015278
0 0.228271 0.923148 0.014648 0.026852
0 0.171387 0.903241 0.018555 0.025926
0 0.078003 0.925463 0.016846 0.024074
0 0.058960 0.987269 0.021240 0.025463
0 0.596680 0.644213 0.011719 0.022685
0 0.596069 0.708102 0.011475 0.022685
0 0.609741 0.826389 0.011475 0.024074
0 0.617676 0.965278 0.015137 0.026852
0 0.664673 0.853241 0.013428 0.025926
0 0.653076 0.613889 0.014160 0.033333
0 0.635986 0.508102 0.010742 0.021759
0 0.620605 0.396991 0.011230 0.026389
0 0.572144 0.257407 0.009521 0.020370
0 0.579224 0.344676 0.009033 0.019907
0 0.751221 0.876389 0.013672 0.026852
0 0.764282 0.943981 0.017822 0.030556
0 0.737671 0.757870 0.015869 0.027778
0 0.788818 0.721991 0.012695 0.028241
0 0.781982 0.670602 0.011230 0.018981
0 0.769043 0.556019 0.019043 0.035185
0 0.725952 0.578241 0.015869 0.033333
0 0.713989 0.543981 0.010986 0.024074
0 0.642700 0.673380 0.010986 0.021759
0 0.658081 0.726852 0.009033 0.025926
0 0.825562 0.975926 0.017334 0.028704
0 0.811401 0.891204 0.015869 0.036111
0 0.803955 0.871759 0.012695 0.025926
0 0.859497 0.650463 0.014404 0.024074
0 0.855469 0.594676 0.018066 0.025463
0 0.843506 0.534028 0.014160 0.023611
0 0.901855 0.603935 0.013672 0.029167
0 0.869507 0.709491 0.015381 0.024537
0 0.878418 0.764120 0.018555 0.024537
0 0.890503 0.832407 0.017334 0.024074
0 0.901978 0.969213 0.020264 0.035648
0 0.973755 0.981944 0.020264 0.029630
0 0.968506 0.915509 0.019043 0.033796
0 0.990234 0.668981 0.019043 0.031481
0 0.978882 0.615278 0.018311 0.034259
0 0.864136 0.401389 0.011963 0.030556
0 0.825806 0.428009 0.012451 0.030093
0 0.753906 0.455787 0.012207 0.022685
0 0.757690 0.514815 0.011963 0.022222
0 0.675781 0.183102 0.011230 0.027315
0 0.724854 0.232407 0.010742 0.027778
0 0.786377 0.136806 0.009766 0.024537
0 0.914062 0.318056 0.013672 0.025000
0 0.953125 0.502546 0.013672 0.017130
0 0.970703 0.372454 0.017090 0.028241
0 0.684448 0.221991 0.010986 0.022685
0 0.620605 0.286111 0.010254 0.024074
0 0.815063 0.337500 0.011963 0.026852
0 0.854736 0.307407 0.013184 0.029630
0 0.595337 0.591435 0.011963 0.023611
0 0.589722 0.530093 0.010010 0.020370
0 0.585815 0.479630 0.009033 0.023148
0 0.054443 0.234722 0.010742 0.019444
0 0.067505 0.127315 0.009521 0.019444
0 0.053589 0.629167 0.015381 0.023148
0 0.138916 0.401620 0.013184 0.019907
0 0.148193 0.339352 0.014160 0.024074
0 0.083008 0.856481 0.016602 0.023148
0 0.169800 0.988426 0.015381 0.023148
0 0.277588 0.260880 0.010742 0.030093
0 0.273926 0.313889 0.009766 0.022222
0 0.318970 0.755093 0.011963 0.025000
0 0.330200 0.520602 0.009521 0.019907
0 0.395020 0.127546 0.012207 0.029167
0 0.520752 0.843981 0.011230 0.024074
0 0.514282 0.662269 0.011475 0.021759
0 0.689331 0.308796 0.011475 0.021296
0 0.729370 0.280324 0.012939 0.021759
0 0.627319 0.359491 0.006592 0.018981
0 0.677979 0.140972 0.012695 0.027315
0 0.709229 0.155556 0.008789 0.022222
0 0.915161 0.675231 0.015381 0.027315
0 0.887207 0.511806 0.013672 0.031019
0 0.860962 0.360417 0.010986 0.026389
0 0.821533 0.154630 0.011719 0.028704
0 0.458374 0.128472 0.011963 0.021759
0 0.967407 0.571991 0.007568 0.019907
0 0.234131 0.864352 0.013672 0.025926
0 0.174683 0.832407 0.015869 0.025000
0 0.337646 0.560185 0.010742 0.021296
0 0.387207 0.496991 0.011719 0.024537
0 0.505005 0.181944 0.011475 0.027778
0 0.509766 0.550463 0.010254 0.019444
0 0.062134 0.519444 0.013428 0.022222
0 0.079834 0.472917 0.011230 0.019907
0 0.458618 0.956250 0.010498 0.022685
0 0.605835 0.772917 0.010010 0.022685
0 0.614502 0.197685 0.007812 0.023148
0 0.712891 0.117361 0.010742 0.021759
0 0.565796 0.140741 0.008545 0.018519
0 0.623047 0.232639 0.006348 0.020833
0 0.770386 0.071528 0.011475 0.026389
0 0.185913 0.075463 0.011963 0.024074
0 0.801880 0.053472 0.012939 0.021759
0 0.108032 0.236806 0.010010 0.020833
0 0.596069 0.049074 0.010010 0.018519
0 0.635498 0.458102 0.006836 0.018981
0 0.939575 0.198148 0.011963 0.035185
0 0.702393 0.446065 0.012695 0.026389
0 0.243774 0.042361 0.013428 0.022685
0 0.568726 0.038194 0.005127 0.016204
0 0.929565 0.736343 0.013428 0.019907
0 0.291992 0.026852 0.012207 0.017593
0 0.355347 0.037500 0.009521 0.017593
0 0.500610 0.078935 0.010010 0.020833
0 0.295410 0.068287 0.009277 0.021759
0 0.517212 0.715509 0.009521 0.020833
0 0.972656 0.056019 0.010742 0.025000
0 0.076050 0.083796 0.010010 0.025926
0 0.397339 0.026620 0.009033 0.023611
0 0.390015 0.249769 0.008545 0.022685
0 0.711426 0.476852 0.012207 0.022222
0 0.841431 0.276620 0.010986 0.023611
0 0.227905 0.335417 0.014893 0.019907
0 0.600952 0.012963 0.009521 0.013889
0 0.034302 0.756019 0.013916 0.021296
0 0.282959 0.227778 0.010742 0.022222
0 0.283447 0.152546 0.009766 0.020833
0 0.239258 0.159722 0.011719 0.023148
0 0.340820 0.264815 0.011719 0.021296
0 0.043945 0.284491 0.015137 0.020833
0 0.022217 0.370370 0.011230 0.017593
0 0.374634 0.918981 0.014404 0.023148