0 0.333740 0.416435 0.013672 0.029167
0 0.325928 0.512963 0.015137 0.037037
0 0.318726 0.672454 0.014404 0.035648
0 0.193237 0.644907 0.021729 0.028704
0 0.193604 0.599306 0.017090 0.029167
0 0.205566 0.484259 0.017578 0.031481
0 0.125122 0.545139 0.017334 0.031019
0 0.101562 0.676852 0.019043 0.027778
0 0.094849 0.725926 0.019287 0.028704
0 0.081787 0.778935 0.016602 0.030093
0 0.076294 0.868287 0.020752 0.028241
0 0.236572 0.811111 0.015625 0.025000
0 0.183105 0.707870 0.019043 0.032407
0 0.005127 0.518750 0.009766 0.026389
0 0.336914 0.281944 0.014160 0.024074
0 0.266113 0.412269 0.016602 0.028241
0 0.251465 0.560417 0.017578 0.031944
0 0.218628 0.342130 0.014893 0.028704
0 0.309082 0.885185 0.016113 0.033333
0 0.320190 0.755093 0.015381 0.025926
0 0.379517 0.863889 0.014404 0.033333
0 0.372070 0.793750 0.013184 0.036574
0 0.380737 0.720602 0.016357 0.028241
0 0.384766 0.448843 0.013184 0.027315
0 0.386841 0.354861 0.012939 0.024537
0 0.374634 0.937731 0.013916 0.031019
0 0.459717 0.887037 0.014160 0.027778
0 0.455078 0.818056 0.014160 0.029630
0 0.457764 0.691204 0.012207 0.027778
0 0.456177 0.628704 0.010010 0.026852
0 0.453247 0.576389 0.011475 0.025000
0 0.452881 0.523148 0.013184 0.034259
0 0.459106 0.431019 0.013916 0.032407
0 0.457397 0.378009 0.013916 0.028241
0 0.455688 0.330787 0.011963 0.026389
0 0.450562 0.285880 0.013428 0.031019
0 0.453003 0.234954 0.013428 0.033796
0 0.501831 0.301157 0.012939 0.038426
0 0.503052 0.410185 0.013428 0.028704
0 0.505005 0.494444 0.011475 0.034259
0 0.510742 0.659259 0.015137 0.035185
0 0.517822 0.853472 0.014648 0.027315
0 0.461792 0.957407 0.013916 0.029630
0 0.217529 0.989583 0.012207 0.020833
0 0.164307 0.901389 0.018555 0.025926
0 0.596436 0.707870 0.013672 0.031481
0 0.594727 0.776620 0.013184 0.025463
0 0.610107 0.893519 0.014160 0.030556
0 0.665161 0.925463 0.015381 0.032407
0 0.654541 0.671065 0.013672 0.030093
0 0.635986 0.563889 0.013184 0.029630
0 0.619751 0.449306 0.012939 0.031019
0 0.570801 0.301620 0.011230 0.024537
0 0.578491 0.389815 0.012451 0.028704
0 0.757446 0.970833 0.015381 0.029630
0 0.740112 0.833796 0.015869 0.027778
0 0.795410 0.799306 0.015625 0.030093
0 0.785889 0.733102 0.014160 0.028241
0 0.771362 0.622454 0.015381 0.035648
0 0.729614 0.640972 0.016357 0.031944
0 0.715210 0.601157 0.011475 0.023611
0 0.643799 0.731713 0.012695 0.027315
0 0.658936 0.790509 0.012695 0.028241
0 0.814697 0.981019 0.016602 0.037963
0 0.866821 0.717824 0.020264 0.037500
0 0.860718 0.662500 0.021240 0.036111
0 0.847534 0.597454 0.018799 0.032870
0 0.912598 0.669213 0.020508 0.031944
0 0.875366 0.775694 0.017334 0.031944
0 0.884277 0.834954 0.018555 0.033796
0 0.895996 0.909028 0.016602 0.031944
0 0.991089 0.687037 0.017822 0.028704
0 0.870117 0.456250 0.021484 0.037500
0 0.833252 0.490046 0.019531 0.032870
0 0.757812 0.519676 0.014648 0.029167
0 0.760620 0.571759 0.014404 0.028704
0 0.677002 0.226620 0.011230 0.027315
0 0.727295 0.269676 0.013184 0.030093
0 0.790771 0.177778 0.013184 0.027778
0 0.957520 0.562269 0.016602 0.024537
0 0.685913 0.263194 0.011963 0.030093
0 0.620605 0.328472 0.011230 0.026389
0 0.817749 0.395139 0.016846 0.039352
0 0.593994 0.649537 0.012207 0.025926
0 0.588989 0.589815 0.012451 0.029630
0 0.584106 0.537731 0.013428 0.031944
0 0.042603 0.278704 0.014404 0.025926
0 0.057617 0.174074 0.011719 0.019444
0 0.130127 0.449074 0.016113 0.025926
0 0.135254 0.392130 0.017090 0.033333
0 0.069458 0.933565 0.018799 0.027315
0 0.271851 0.311111 0.016846 0.033333
0 0.263672 0.359259 0.015137 0.029630
0 0.311157 0.821528 0.015869 0.029167
0 0.321167 0.580324 0.014893 0.027315
0 0.391235 0.178704 0.013916 0.028704
0 0.517700 0.916898 0.012451 0.029167
0 0.689575 0.357870 0.011475 0.021296
0 0.731079 0.328935 0.012939 0.028241
0 0.624634 0.409954 0.009033 0.026389
0 0.678711 0.179861 0.012695 0.027315
0 0.710571 0.193981 0.010986 0.026852
0 0.921875 0.747222 0.017090 0.030556
0 0.890869 0.567361 0.020020 0.033796
0 0.869019 0.410880 0.017334 0.029167
0 0.825684 0.194444 0.014648 0.027778
0 0.455078 0.171065 0.012695 0.026389
0 0.976929 0.636343 0.017334 0.025463
0 0.222290 0.933796 0.014404 0.025926
0 0.329834 0.627315 0.012695 0.026852
0 0.380249 0.553935 0.013916 0.028241
0 0.502075 0.224769 0.012939 0.031019
0 0.507202 0.606713 0.012451 0.030093
0 0.050903 0.576389 0.016357 0.031481
0 0.067993 0.529861 0.015381 0.020833
0 0.606689 0.842361 0.013672 0.027315
0 0.613525 0.236343 0.011719 0.030093
0 0.715942 0.156713 0.010498 0.029167
0 0.563354 0.173843 0.011475 0.029167
0 0.623291 0.277315 0.011719 0.025000
0 0.774292 0.114120 0.015381 0.031944
0 0.174927 0.111111 0.014893 0.029630
0 0.805054 0.092361 0.018311 0.038426
0 0.097656 0.284028 0.013672 0.021759
0 0.595337 0.078472 0.011963 0.027315
0 0.705200 0.498843 0.013916 0.027315
0 0.567627 0.071759 0.011230 0.027778
0 0.284424 0.066204 0.013672 0.020370
0 0.348755 0.074769 0.011475 0.028241
0 0.498291 0.121296 0.013672 0.036111
0 0.065918 0.122917 0.012207 0.034722
0 0.392090 0.072222 0.012207 0.029630
0 0.844238 0.314815 0.018066 0.035185
0 0.601807 0.043056 0.010742 0.024074
0 0.020264 0.822454 0.014648 0.026389
0 0.277222 0.268981 0.013916 0.028704
0 0.334473 0.318056 0.013672 0.029630
0 0.029175 0.335880 0.013916 0.028241
0 0.219238 0.393287 0.014160 0.026389
0 0.220947 0.302778 0.015625 0.025926
0 0.237671 0.682870 0.017822 0.028704
0 0.278198 0.188889 0.014893 0.027778
0 0.343506 0.187500 0.012207 0.028704
0 0.906128 0.972454 0.015869 0.028241
0 0.920044 0.373611 0.012939 0.033333
0 0.798218 0.850926 0.016846 0.028704
0 0.235596 0.090741 0.013672 0.024074
0 0.456665 0.031944 0.013428 0.022222
0 0.859131 0.357639 0.013672 0.026389
0 0.981201 0.437731 0.015137 0.030093
0 0.513306 0.784491 0.013916 0.031019
0 0.510986 0.724769 0.012695 0.032870
0 0.042603 0.686111 0.016357 0.025926
0 0.899414 0.079861 0.012207 0.026389
0 0.946777 0.260417 0.017578 0.026389
0 0.295166 0.015046 0.020020 0.027315
0 0.609497 0.193287 0.011963 0.030093
0 0.250122 0.026852 0.010986 0.021296
0 0.203735 0.537500 0.018311 0.027778
0 0.259644 0.460648 0.019287 0.025926
0 0.573975 0.348611 0.012695 0.023148
0 0.700195 0.062037 0.014648 0.025926
0 0.764160 0.048380 0.011719 0.028241
0 0.831177 0.240046 0.013916 0.024537