0 0.066650 0.064352 0.023438 0.037037
0 0.009033 0.129167 0.017578 0.039815
0 0.338257 0.044907 0.014404 0.039815
0 0.287720 0.108565 0.020264 0.038426
0 0.227783 0.206713 0.022461 0.037500
0 0.178223 0.285417 0.024414 0.037500
0 0.389282 0.211806 0.018799 0.041204
0 0.346069 0.304861 0.019287 0.035648
0 0.286621 0.380556 0.015625 0.029630
0 0.231934 0.493981 0.021484 0.034259
0 0.126343 0.338426 0.013916 0.029630
0 0.079102 0.414120 0.021484 0.031019
0 0.015137 0.505556 0.029785 0.037037
0 0.126587 0.616204 0.025635 0.036111
0 0.363403 0.626157 0.010986 0.031944
0 0.071655 0.702778 0.025635 0.039815
0 0.317383 0.715278 0.017578 0.037037
0 0.267822 0.783565 0.020508 0.031944
0 0.215332 0.878009 0.017578 0.039352
0 0.150024 0.983102 0.024658 0.033796
0 0.357300 0.917130 0.020264 0.044444
0 0.415283 0.821296 0.010254 0.023148
0 0.466553 0.755324 0.019043 0.044907
0 0.579956 0.996991 0.013428 0.006019
0 0.634888 0.886574 0.022217 0.046296
0 0.529907 0.671065 0.017822 0.031944
0 0.572998 0.594213 0.015625 0.031944
0 0.625244 0.520139 0.018555 0.034722
0 0.416626 0.534491 0.020752 0.039352
0 0.467773 0.471528 0.016113 0.037500
0 0.519409 0.368750 0.018799 0.028241
0 0.665161 0.408333 0.023193 0.037037
0 0.568848 0.281713 0.018555 0.036574
0 0.628174 0.228241 0.022461 0.039815
0 0.656006 0.137963 0.017578 0.036111
0 0.449097 0.131481 0.022217 0.044444
0 0.495483 0.084259 0.015381 0.031481
0 0.549072 0.015741 0.018066 0.027778
0 0.765869 0.003704 0.016113 0.006481
0 0.727295 0.066667 0.018066 0.037037
0 0.908691 0.061806 0.012695 0.027315
0 0.866577 0.106250 0.025146 0.032870
0 0.816650 0.182407 0.018066 0.033333
0 0.765625 0.248843 0.020508 0.035648
0 0.724121 0.336111 0.016602 0.036111
0 0.970703 0.332870 0.025879 0.038889
0 0.935547 0.419213 0.015625 0.025463
0 0.873779 0.496991 0.013672 0.031019
0 0.838867 0.555556 0.012207 0.029630
0 0.988403 0.615278 0.023193 0.042593
0 0.951782 0.656250 0.028076 0.034722
0 0.947876 0.748843 0.022705 0.035648
0 0.779663 0.651620 0.022217 0.038426
0 0.735229 0.734722 0.013428 0.025926
0 0.890991 0.785417 0.025146 0.032870
0 0.831665 0.835880 0.019775 0.032870
0 0.791382 0.931944 0.021240 0.038889
0 0.682251 0.810417 0.008545 0.012500