0 0.075195 0.029167 0.006836 0.018519
0 0.032227 0.264815 0.009766 0.013889
0 0.041260 0.211343 0.009766 0.018056
0 0.156860 0.198380 0.010498 0.022685
0 0.133423 0.099074 0.008545 0.018519
0 0.016846 0.385417 0.009766 0.017130
0 0.131104 0.073843 0.009277 0.018981
0 0.074463 0.382176 0.012695 0.017130
0 0.187012 0.009722 0.006836 0.018519
0 0.179321 0.029630 0.008545 0.022222
0 0.184570 0.111111 0.006348 0.013889
0 0.149780 0.280324 0.007568 0.019907
0 0.136230 0.315046 0.006836 0.019907
0 0.118896 0.454398 0.007812 0.016204
0 0.241211 0.029861 0.008301 0.016204
0 0.233398 0.105093 0.008301 0.013889
0 0.217651 0.177315 0.008545 0.014815
0 0.210815 0.299306 0.008545 0.024537
0 0.200073 0.406481 0.008545 0.016667
0 0.197144 0.448148 0.010498 0.018519
0 0.249512 0.480093 0.009766 0.017593
0 0.252808 0.415972 0.009033 0.018056
0 0.258789 0.373843 0.009766 0.019907
0 0.261230 0.287500 0.008301 0.019444
0 0.274170 0.205556 0.008301 0.016667
0 0.269653 0.154167 0.009521 0.020370
0 0.277954 0.099074 0.009521 0.016667
0 0.284668 0.066204 0.008301 0.018519
0 0.287476 0.021528 0.007080 0.017130
0 0.344238 0.013426 0.008789 0.015741
0 0.337036 0.170602 0.008545 0.017130
0 0.329834 0.276852 0.007812 0.020370
0 0.322021 0.384259 0.010254 0.018519
0 0.319824 0.418981 0.009277 0.020370
0 0.374878 0.460417 0.007080 0.016204
0 0.378784 0.269213 0.008545 0.020833
0 0.378174 0.224537 0.007812 0.019444
0 0.382080 0.156019 0.006836 0.017593
0 0.385742 0.070370 0.008301 0.022222
0 0.450073 0.071065 0.007080 0.022685
0 0.448120 0.109954 0.007080 0.018056
0 0.445923 0.262037 0.007568 0.018519
0 0.442627 0.333565 0.008789 0.024537
0 0.440796 0.388889 0.009521 0.018519
0 0.445923 0.435417 0.006104 0.020833
0 0.448242 0.488657 0.007324 0.019907
0 0.038086 0.651852 0.011719 0.014815
0 0.057617 0.525463 0.011719 0.020370
0 0.097534 0.673148 0.011963 0.022222
0 0.102783 0.569213 0.011719 0.017130
0 0.112915 0.503241 0.011475 0.018519
0 0.020386 0.712500 0.014893 0.015741
0 0.071655 0.812963 0.014404 0.019444
0 0.062378 0.868750 0.013428 0.018056
0 0.157959 0.849769 0.013184 0.017130
0 0.168945 0.731481 0.011719 0.017593
0 0.165771 0.784722 0.011719 0.014815
0 0.180542 0.606019 0.011475 0.015741
0 0.179810 0.660648 0.010498 0.015741
0 0.182739 0.545139 0.011475 0.013426
0 0.197021 0.499769 0.011230 0.017130
0 0.244873 0.528935 0.010254 0.017130
0 0.239868 0.577083 0.007568 0.017130
0 0.236816 0.633565 0.006348 0.018981
0 0.229858 0.689815 0.013428 0.018519
0 0.214478 0.826389 0.013428 0.019444
0 0.301636 0.908102 0.009033 0.021759
0 0.299927 0.816204 0.010498 0.024074
0 0.311401 0.760185 0.008545 0.019444
0 0.304565 0.713426 0.009521 0.017593
0 0.310669 0.637037 0.010986 0.022222
0 0.316895 0.530787 0.010254 0.019907
0 0.370850 0.563657 0.008789 0.019907
0 0.367310 0.681713 0.010010 0.019907
0 0.366211 0.860417 0.010254 0.018056
0 0.445923 0.831944 0.008545 0.019444
0 0.446655 0.764352 0.006592 0.016667
0 0.442993 0.710185 0.008545 0.019444
0 0.441284 0.648148 0.008545 0.020370
0 0.447876 0.541898 0.007080 0.018981
0 0.504761 0.800231 0.010010 0.019907
0 0.503174 0.870139 0.008789 0.018056
0 0.498047 0.610648 0.008301 0.018519
0 0.498413 0.743750 0.009521 0.018056
0 0.494263 0.523611 0.008545 0.016667
0 0.493774 0.409259 0.007568 0.021296
0 0.591553 0.919676 0.009277 0.020833
0 0.592651 0.846528 0.009033 0.020833
0 0.589722 0.783333 0.009033 0.020370
0 0.584961 0.716898 0.007812 0.018056
0 0.579834 0.659722 0.008789 0.018519
0 0.571655 0.552546 0.009521 0.019907
0 0.573608 0.497222 0.006592 0.018519
0 0.570801 0.452315 0.006348 0.019444
0 0.565430 0.406481 0.006836 0.016667
0 0.616699 0.431944 0.006836 0.017593
0 0.619263 0.481944 0.006592 0.016667
0 0.624146 0.521065 0.008057 0.018981
0 0.618042 0.561111 0.008057 0.018519
0 0.634277 0.690046 0.008301 0.018056
0 0.652344 0.810648 0.011719 0.022222
0 0.641846 0.880093 0.009277 0.017593
0 0.733765 0.853009 0.010010 0.019907
0 0.731812 0.775463 0.010986 0.022222
0 0.718262 0.733333 0.008789 0.015741
0 0.714478 0.659954 0.008545 0.019907
0 0.706177 0.620833 0.010498 0.019444
0 0.699341 0.558333 0.009033 0.015741
0 0.690674 0.460648 0.006348 0.016667
0 0.733643 0.434491 0.010742 0.018056
0 0.761108 0.637269 0.009521 0.018056
0 0.765747 0.698843 0.010498 0.018056
0 0.777466 0.759491 0.012451 0.028241
0 0.782593 0.807639 0.006592 0.015278
0 0.792236 0.875231 0.009277 0.017130
0 0.827393 0.504630 0.011719 0.019444
0 0.875977 0.860185 0.010742 0.016667
0 0.935791 0.889815 0.014648 0.018519
0 0.870361 0.801157 0.013184 0.018056
0 0.857788 0.729861 0.011475 0.018056
0 0.838867 0.612037 0.010254 0.018519
0 0.854492 0.429861 0.008301 0.018056
0 0.869507 0.468287 0.008545 0.018981
0 0.879517 0.577315 0.011963 0.022222
0 0.904297 0.697454 0.012695 0.018056
0 0.921509 0.807407 0.011963 0.019444
0 0.877441 0.529861 0.007812 0.017130
0 0.932007 0.484491 0.010498 0.018056
0 0.956909 0.581713 0.009521 0.014352
0 0.968140 0.634028 0.009033 0.020833
0 0.973267 0.688657 0.010010 0.018056
0 0.907959 0.161574 0.008301 0.017593
0 0.840576 0.018056 0.007324 0.014815
0 0.845947 0.045602 0.006348 0.019907
0 0.858276 0.077778 0.007080 0.019444
0 0.862183 0.103241 0.006104 0.011111
0 0.877808 0.186111 0.006104 0.013889
0 0.812134 0.179398 0.007568 0.014352
0 0.904541 0.303935 0.010254 0.015278
0 0.958862 0.357176 0.010498 0.020833
0 0.933105 0.242593 0.012207 0.020370
0 0.913452 0.383796 0.006592 0.011111
0 0.832275 0.296065 0.009277 0.014352
0 0.838989 0.333565 0.008057 0.019907
0 0.806763 0.361343 0.009033 0.015278
0 0.728760 0.379861 0.008789 0.017130
0 0.724976 0.324537 0.007568 0.022222
0 0.711670 0.290741 0.007324 0.016667
0 0.715210 0.249537 0.007080 0.018519
0 0.702759 0.141667 0.005615 0.019444
0 0.691406 0.069907 0.006348 0.018519
0 0.658936 0.128009 0.006836 0.013426
0 0.679077 0.273611 0.007080 0.019444
0 0.676514 0.323148 0.005859 0.018519
0 0.685669 0.362269 0.007568 0.019907
0 0.621582 0.377778 0.005371 0.014815
0 0.610840 0.335417 0.005371 0.016204
0 0.607666 0.285648 0.004395 0.015741
0 0.560059 0.270139 0.006836 0.012500
0 0.559204 0.224769 0.004150 0.014352
0 0.564941 0.156944 0.006348 0.015741
0 0.592896 0.167824 0.007568 0.015278
0 0.598511 0.126157 0.007568 0.017130
0 0.772095 0.163194 0.007568 0.018056
0 0.778442 0.200463 0.008057 0.021296
0 0.794556 0.279630 0.008545 0.017593
0 0.761108 0.043750 0.007080 0.019907
0 0.758301 0.020370 0.005371 0.015741
0 0.656494 0.018056 0.007812 0.020370
0 0.661865 0.083565 0.007812 0.019907
0 0.664185 0.196065 0.006104 0.018981
0 0.664673 0.165046 0.007080 0.018056
0 0.602295 0.240509 0.006348 0.019907
0 0.595947 0.092361 0.006836 0.017130
0 0.559204 0.107870 0.006592 0.015741
0 0.560059 0.078009 0.006836 0.018056
0 0.557861 0.045833 0.005371 0.020370
0 0.562744 0.192824 0.007324 0.017130
0 0.768311 0.123611 0.006348 0.016667
0 0.798950 0.109722 0.007568 0.016667
0 0.978882 0.108333 0.012451 0.019444
0 0.790039 0.035185 0.007324 0.019444
0 0.490845 0.211343 0.006592 0.013426
0 0.488892 0.054167 0.006104 0.018519
0 0.498657 0.021065 0.004639 0.014352
0 0.494873 0.325926 0.007812 0.018519
0 0.572510 0.357870 0.007324 0.011111
0 0.116577 0.170602 0.008545 0.014352
0 0.371948 0.405787 0.009521 0.018981
0 0.489380 0.154398 0.005615 0.020833
0 0.716187 0.211343 0.006104 0.017130
0 0.690308 0.035417 0.003662 0.019907
0 0.847168 0.374537 0.008789 0.023148
0 0.851196 0.675000 0.008057 0.015741
0 0.745850 0.529861 0.007324 0.016204
0 0.685303 0.418750 0.008789 0.019907
0 0.318726 0.476157 0.010498 0.018056
0 0.045654 0.593056 0.011230 0.018519
0 0.334473 0.208333 0.009277 0.019444
0 0.442383 0.303472 0.006836 0.017130
0 0.447021 0.040509 0.008301 0.021759
0 0.385010 0.197222 0.005371 0.016667
0 0.448730 0.152778 0.005371 0.014815
0 0.360962 0.793981 0.008057 0.020370
0 0.593750 0.205324 0.007324 0.015278
0 0.885498 0.223843 0.007812 0.014352
0 0.983643 0.450231 0.007812 0.019907
0 0.150146 0.921296 0.013184 0.016667
0 0.887451 0.924537 0.009277 0.020370
0 0.048828 0.930556 0.015137 0.020370
0 0.803467 0.947222 0.012207 0.020370
0 0.357422 0.947917 0.012695 0.023611
0 0.212891 0.963194 0.011719 0.023611
0 0.659424 0.949769 0.008789 0.020833
0 0.504272 0.937731 0.006592 0.023611
0 0.442627 0.972454 0.011230 0.021759
0 0.951416 0.958102 0.014160 0.018981
0 0.991699 0.771991 0.008789 0.017130
0 0.291138 0.977778 0.012451 0.023148
0 0.895996 0.990509 0.014648 0.018981
0 0.744263 0.987731 0.011475 0.024537