0 0.287842 0.071528 0.021484 0.043981
0 0.448853 0.026620 0.019287 0.035648
0 0.408325 0.124306 0.016846 0.031019
0 0.371338 0.194676 0.019531 0.049537
0 0.249634 0.170139 0.015381 0.040278
0 0.325562 0.304398 0.018311 0.039352
0 0.209839 0.262500 0.020752 0.040741
0 0.166504 0.391435 0.026367 0.034722
0 0.082275 0.020602 0.028809 0.040278
0 0.036865 0.118981 0.016602 0.022222
0 0.029785 0.239815 0.017578 0.025926
0 0.298706 0.421296 0.017822 0.037037
0 0.443237 0.511806 0.018311 0.037500
0 0.252930 0.524537 0.018066 0.035185
0 0.130981 0.495370 0.024170 0.039815
0 0.402588 0.600463 0.020508 0.037037
0 0.217407 0.670602 0.020752 0.035648
0 0.086792 0.578472 0.014893 0.030093
0 0.051514 0.675000 0.023926 0.035185
0 0.367554 0.723380 0.015381 0.034722
0 0.444580 0.876620 0.015137 0.028241
0 0.336304 0.828935 0.018311 0.039352
0 0.010742 0.801157 0.020996 0.035648
0 0.133301 0.847454 0.027344 0.040278
0 0.092163 0.962731 0.028076 0.040278
0 0.297852 0.925000 0.018555 0.037037
0 0.407227 0.988889 0.019531 0.022222
0 0.792725 0.899306 0.021973 0.043981
0 0.749756 0.980787 0.028809 0.038426
0 0.634888 0.961806 0.023682 0.043056
0 0.666870 0.809491 0.022705 0.042130
0 0.533325 0.665046 0.021240 0.031019
0 0.487061 0.781944 0.022461 0.039815
0 0.699219 0.711111 0.008789 0.018519
0 0.740234 0.612269 0.009766 0.034722
0 0.561157 0.567593 0.018311 0.040741
0 0.766479 0.507870 0.023682 0.043519
0 0.601318 0.467361 0.017578 0.035648
0 0.620361 0.337037 0.020020 0.039815
0 0.474976 0.382407 0.016357 0.037037
0 0.511108 0.275926 0.016357 0.040741
0 0.664673 0.231944 0.016846 0.033333
0 0.807617 0.383565 0.016113 0.034722
0 0.555542 0.185648 0.023193 0.045370
0 0.691406 0.130324 0.020020 0.043056
0 0.570435 0.085880 0.015869 0.040278
0 0.728149 0.043750 0.018311 0.043056
0 0.895630 0.095833 0.025146 0.045370
0 0.992798 0.248148 0.014404 0.040741
0 0.879761 0.196759 0.012451 0.032407
0 0.830200 0.303704 0.013428 0.036111
0 0.958862 0.354398 0.030518 0.042130
0 0.928833 0.411343 0.025635 0.033796
0 0.941772 0.497454 0.015869 0.031019
0 0.891846 0.568056 0.022949 0.036111
0 0.845093 0.648380 0.018311 0.031944
0 0.822144 0.763426 0.020752 0.035185
0 0.994141 0.781944 0.011719 0.039815
0 0.973267 0.904861 0.020752 0.034722
0 0.931396 0.992593 0.017578 0.014815