0 0.062256 0.033102 0.016602 0.044907
0 0.046387 0.167593 0.020996 0.037037
0 0.011108 0.259028 0.021729 0.049537
0 0.231567 0.096759 0.006104 0.021296
0 0.370117 0.087963 0.015137 0.035185
0 0.345459 0.202778 0.015625 0.036111
0 0.219482 0.209259 0.024414 0.031481
0 0.318848 0.288657 0.020020 0.043981
0 0.197021 0.325231 0.020508 0.033796
0 0.288208 0.421296 0.019287 0.038889
0 0.170532 0.434259 0.021240 0.040741
0 0.279053 0.547917 0.018066 0.038426
0 0.144775 0.582176 0.026367 0.035648
0 0.248535 0.672454 0.016602 0.029167
0 0.123901 0.702083 0.025146 0.038426
0 0.093506 0.803241 0.016113 0.031481
0 0.073364 0.927083 0.026611 0.038426
0 0.233032 0.831019 0.022217 0.043519
0 0.373169 0.927083 0.017334 0.041204
0 0.386841 0.806481 0.016357 0.035185
0 0.484253 0.915509 0.015869 0.031019
0 0.511597 0.806250 0.020264 0.042130
0 0.542847 0.666667 0.019775 0.033333
0 0.405640 0.670370 0.020752 0.037963
0 0.432617 0.561806 0.019043 0.037500
0 0.554810 0.558796 0.018799 0.036111
0 0.647339 0.987500 0.021729 0.025000
0 0.679932 0.900231 0.021484 0.043056
0 0.690063 0.739815 0.021729 0.044444
0 0.708008 0.624537 0.006348 0.008333
0 0.579712 0.439583 0.019775 0.038426
0 0.446899 0.424769 0.015869 0.035648
0 0.464722 0.298843 0.019775 0.036574
0 0.581665 0.304398 0.019775 0.041204
0 0.609009 0.184722 0.015869 0.035185
0 0.497437 0.189583 0.020264 0.043056
0 0.496338 0.084954 0.015137 0.030093
0 0.620728 0.071991 0.020752 0.044907
0 0.805664 0.039120 0.014648 0.034722
0 0.930664 0.033796 0.029297 0.042593
0 0.906982 0.155787 0.027832 0.037500
0 0.777710 0.175926 0.014404 0.036111
0 0.882324 0.227778 0.021484 0.039815
0 0.909424 0.306713 0.019043 0.031019
0 0.765991 0.257639 0.015381 0.031944
0 0.870117 0.397454 0.020996 0.037500
0 0.744507 0.398148 0.021729 0.042593
0 0.731323 0.510880 0.006592 0.026389
0 0.837036 0.497685 0.018311 0.037037
0 0.996704 0.547454 0.006592 0.032870
0 0.828979 0.616435 0.014893 0.034722
0 0.992310 0.675926 0.015381 0.040741
0 0.822876 0.761574 0.021729 0.040741
0 0.974854 0.794907 0.029785 0.040741
0 0.792480 0.869213 0.027344 0.043981
0 0.967651 0.919213 0.031006 0.040278
0 0.772827 0.987500 0.025635 0.025000