0 0.059204 0.037269 0.017822 0.043981
0 0.042847 0.175000 0.021240 0.034259
0 0.010742 0.261111 0.020996 0.039815
0 0.230103 0.097917 0.004150 0.017130
0 0.245239 0.003009 0.005615 0.005093
0 0.367310 0.090046 0.015869 0.032870
0 0.343140 0.204630 0.016357 0.037037
0 0.219238 0.215046 0.025391 0.039352
0 0.317993 0.292130 0.019775 0.043519
0 0.195312 0.328472 0.021484 0.031944
0 0.287231 0.421991 0.018311 0.035648
0 0.169556 0.441667 0.020752 0.038889
0 0.278320 0.551389 0.019043 0.036111
0 0.144897 0.590741 0.024170 0.034259
0 0.249268 0.676157 0.013672 0.028241
0 0.124512 0.709722 0.022461 0.042593
0 0.095825 0.811574 0.013428 0.034259
0 0.076172 0.928009 0.025879 0.033796
0 0.234375 0.834954 0.022461 0.041204
0 0.374878 0.928704 0.017822 0.037963
0 0.486206 0.915509 0.018311 0.025463
0 0.388916 0.806944 0.013184 0.027778
0 0.511963 0.806019 0.019531 0.040741
0 0.649048 0.987731 0.023193 0.024537
0 0.405396 0.669676 0.019775 0.037500
0 0.543457 0.666898 0.017578 0.032870
0 0.432983 0.564583 0.018311 0.038426
0 0.554199 0.556250 0.018066 0.037500
0 0.445923 0.424537 0.015869 0.037037
0 0.578247 0.440278 0.017334 0.037037
0 0.463013 0.297917 0.018311 0.035648
0 0.580322 0.306713 0.018066 0.041204
0 0.496704 0.188889 0.020752 0.040741
0 0.605957 0.180324 0.016113 0.032870
0 0.494751 0.084722 0.015869 0.029630
0 0.616577 0.067824 0.018799 0.045833
0 0.805664 0.036806 0.010742 0.032870
0 0.926880 0.028472 0.029541 0.046759
0 0.903320 0.149306 0.027832 0.039352
0 0.775513 0.168519 0.014893 0.034259
0 0.765625 0.255093 0.014160 0.029630
0 0.879639 0.221759 0.022949 0.038889
0 0.908569 0.298843 0.019287 0.030093
0 0.871460 0.388657 0.018311 0.035648
0 0.741943 0.393981 0.022461 0.041667
0 0.837646 0.489352 0.019531 0.037963
0 0.732422 0.507176 0.008789 0.028241
0 0.995728 0.538657 0.008545 0.031944
0 0.707520 0.621296 0.010254 0.009259
0 0.830444 0.610417 0.013916 0.030093
0 0.993286 0.666667 0.013428 0.039815
0 0.974609 0.784491 0.028809 0.043056
0 0.823730 0.754167 0.020508 0.037037
0 0.690308 0.735648 0.024170 0.039815
0 0.794800 0.862731 0.027588 0.038426
0 0.969482 0.911574 0.030273 0.040741
0 0.682007 0.899769 0.024170 0.043981
0 0.776001 0.986111 0.022705 0.027778