0 0.288574 0.196296 0.011230 0.025926
0 0.342285 0.334028 0.012207 0.026389
0 0.338135 0.417593 0.008789 0.023148
0 0.330566 0.567593 0.011230 0.028704
0 0.252075 0.583102 0.011475 0.022685
0 0.208618 0.545370 0.014893 0.025000
0 0.210693 0.501157 0.015137 0.027315
0 0.219604 0.398611 0.015869 0.024074
0 0.143188 0.450926 0.014404 0.027778
0 0.122192 0.569213 0.014404 0.021759
0 0.113159 0.616435 0.011963 0.022685
0 0.103882 0.663889 0.013916 0.027778
0 0.098877 0.749769 0.016602 0.024537
0 0.252319 0.696991 0.010498 0.020833
0 0.200806 0.603472 0.013428 0.027315
0 0.021851 0.425000 0.012451 0.022222
0 0.347168 0.204861 0.012207 0.024537
0 0.346069 0.235648 0.011963 0.023148
0 0.276978 0.335417 0.010498 0.026389
0 0.264038 0.459491 0.011475 0.028241
0 0.234741 0.223611 0.013916 0.021296
0 0.231689 0.259259 0.013184 0.024074
0 0.321167 0.764120 0.011475 0.022685
0 0.332764 0.644444 0.012207 0.022222
0 0.390747 0.743056 0.011475 0.025926
0 0.382324 0.677778 0.006836 0.027778
0 0.391846 0.609259 0.009277 0.024074
0 0.393921 0.361111 0.010986 0.031481
0 0.395508 0.274074 0.009766 0.021296
0 0.384888 0.812269 0.010498 0.023611
0 0.466797 0.766204 0.014160 0.024074
0 0.462158 0.702778 0.010254 0.026852
0 0.463257 0.584722 0.012451 0.026852
0 0.463501 0.537731 0.010498 0.026389
0 0.460205 0.490046 0.010254 0.022685
0 0.458008 0.436111 0.009766 0.030556
0 0.463867 0.342361 0.011719 0.031944
0 0.463379 0.295602 0.012207 0.030093
0 0.461182 0.250000 0.008301 0.028704
0 0.456543 0.213194 0.009277 0.021759
0 0.457886 0.160648 0.010986 0.025000
0 0.505859 0.231250 0.014648 0.029167
0 0.505371 0.329167 0.011230 0.022222
0 0.510620 0.404861 0.013428 0.028241
0 0.517334 0.561111 0.012695 0.032407
0 0.521729 0.738657 0.015625 0.031019
0 0.468994 0.829167 0.010742 0.025926
0 0.526611 0.864352 0.014160 0.026852
0 0.524658 0.927778 0.012207 0.026852
0 0.471558 0.972454 0.011963 0.025463
0 0.374756 0.942130 0.012695 0.025926
0 0.314209 0.901157 0.011719 0.024537
0 0.233887 0.951852 0.016113 0.029630
0 0.234497 0.868981 0.013916 0.022222
0 0.177246 0.852315 0.018555 0.025926
0 0.089966 0.875231 0.016357 0.023611
0 0.066650 0.946991 0.017090 0.029167
0 0.597656 0.602083 0.011719 0.020833
0 0.596313 0.664352 0.010986 0.022222
0 0.610596 0.778009 0.011230 0.031019
0 0.617676 0.914352 0.015137 0.026852
0 0.663208 0.802778 0.011475 0.029630
0 0.652710 0.570139 0.012939 0.030093
0 0.634888 0.471065 0.009033 0.019907
0 0.621094 0.362037 0.011230 0.033333
0 0.312744 0.974537 0.016113 0.029630
0 0.573242 0.229630 0.011719 0.027778
0 0.579834 0.307870 0.010742 0.024074
0 0.751221 0.845370 0.013672 0.026852
0 0.765259 0.978241 0.015381 0.035185
0 0.762817 0.913194 0.018799 0.037500
0 0.735962 0.716435 0.014893 0.029167
0 0.788818 0.685648 0.012695 0.025926
0 0.779297 0.628472 0.013672 0.028241
0 0.766602 0.529167 0.016113 0.032407
0 0.725342 0.537037 0.016113 0.030556
0 0.712524 0.506944 0.012939 0.025000
0 0.643066 0.627546 0.012695 0.028241
0 0.657715 0.682176 0.010254 0.028241
0 0.824097 0.943750 0.017334 0.031019
0 0.807617 0.858565 0.014160 0.034722
0 0.790161 0.735185 0.013916 0.028704
0 0.856079 0.612500 0.013428 0.028704
0 0.851807 0.562731 0.016602 0.032870
0 0.840088 0.503935 0.016113 0.025463
0 0.898682 0.565741 0.013184 0.034259
0 0.864624 0.667130 0.014893 0.030556
0 0.873779 0.721065 0.019043 0.029167
0 0.884644 0.789583 0.015869 0.031944
0 0.893799 0.848843 0.019043 0.031019
0 0.899292 0.928472 0.020264 0.032870
0 0.969849 0.944907 0.019287 0.038889
0 0.962646 0.878241 0.017578 0.032407
0 0.988159 0.641204 0.018799 0.028704
0 0.976440 0.584954 0.020264 0.032870
0 0.861938 0.372685 0.011963 0.030556
0 0.822876 0.401620 0.012451 0.030093
0 0.751587 0.424074 0.010498 0.023148
0 0.756592 0.476852 0.011719 0.025000
0 0.675537 0.152315 0.010254 0.019444
0 0.723022 0.201852 0.008545 0.026852
0 0.784180 0.113889 0.010254 0.024074
0 0.910522 0.296991 0.016846 0.021759
0 0.947266 0.467130 0.018555 0.024074
0 0.968994 0.355093 0.016602 0.025926
0 0.683350 0.186111 0.007812 0.023148
0 0.619141 0.251620 0.010742 0.027315
0 0.813599 0.313194 0.012939 0.031019
0 0.838745 0.250694 0.011475 0.020833
0 0.852905 0.281250 0.012451 0.024537
0 0.994995 0.453935 0.010010 0.019907
0 0.594604 0.548148 0.012451 0.025926
0 0.591187 0.493056 0.012451 0.027778
0 0.586914 0.445139 0.012695 0.030093
0 0.063232 0.207639 0.009766 0.016204
0 0.073364 0.106713 0.009521 0.018981
0 0.062378 0.583796 0.015381 0.023148
0 0.146362 0.364120 0.014893 0.022685
0 0.153564 0.306481 0.014160 0.024074
0 0.092773 0.812500 0.013672 0.024074
0 0.176758 0.932176 0.013672 0.020833
0 0.279419 0.237269 0.009521 0.028241
0 0.278076 0.286574 0.006836 0.021296
0 0.323486 0.704630 0.009766 0.018519
0 0.332886 0.488194 0.009521 0.019907
0 0.353271 0.108796 0.008789 0.023148
0 0.397949 0.105324 0.009766 0.025463
0 0.521851 0.796759 0.013916 0.029630
0 0.514771 0.617824 0.010986 0.023611
0 0.666260 0.868519 0.009766 0.024074
0 0.675171 0.950694 0.013916 0.031019
0 0.687866 0.276852 0.011475 0.021296
0 0.726929 0.253935 0.012939 0.021759
0 0.625366 0.323380 0.010986 0.023611
0 0.676392 0.111574 0.012451 0.029630
0 0.707397 0.122685 0.008057 0.025926
0 0.910645 0.635880 0.016602 0.030093
0 0.883301 0.475231 0.014160 0.031019
0 0.859863 0.333102 0.010742 0.031944
0 0.818726 0.128472 0.012939 0.029167
0 0.945190 0.421065 0.021729 0.022685
0 0.288818 0.130556 0.008301 0.024074
0 0.378540 0.868519 0.012451 0.025926
0 0.459473 0.104861 0.010254 0.024537
0 0.966919 0.540741 0.020752 0.020370
0 0.241333 0.807639 0.012451 0.023611
0 0.180664 0.783565 0.014160 0.024537
0 0.340454 0.525694 0.010986 0.021759
0 0.391602 0.460417 0.008789 0.024537
0 0.506104 0.162500 0.013184 0.031481
0 0.511230 0.512500 0.010254 0.027778
0 0.073364 0.481713 0.014893 0.025463
0 0.087646 0.435880 0.011230 0.019907
0 0.461914 0.902083 0.011230 0.025463
0 0.607544 0.724074 0.009521 0.026852
0 0.613159 0.165972 0.009521 0.023611
0 0.710083 0.087500 0.008057 0.024074
0 0.566650 0.114815 0.011719 0.024074
0 0.272339 0.374074 0.008545 0.020370
0 0.623291 0.203935 0.011230 0.021759
0 0.770508 0.045370 0.015625 0.025926
0 0.042969 0.710185 0.015625 0.026852
0 0.189453 0.041667 0.010742 0.021296
0 0.219604 0.442130 0.011963 0.023148
0 0.800171 0.029861 0.014404 0.026389
0 0.008301 0.973380 0.016113 0.022685
0 0.114502 0.203704 0.008789 0.017593
0 0.342163 0.286806 0.009521 0.020833
0 0.576660 0.271991 0.009766 0.024537
0 0.048462 0.250000 0.010986 0.017593
0 0.598145 0.019444 0.011719 0.018519
0 0.634521 0.423380 0.007812 0.021759
0 0.937378 0.183796 0.011963 0.037963
0 0.701782 0.413889 0.014404 0.028704
0 0.245117 0.029398 0.009277 0.017130
0 0.399170 0.011343 0.009766 0.021759
0 0.577271 0.352315 0.010498 0.025926
0 0.570068 0.014583 0.012207 0.019907
0 0.922607 0.694444 0.014160 0.028704
0 0.295044 0.007639 0.011963 0.014352
0 0.356567 0.024537 0.009521 0.017593
0 0.500977 0.062269 0.012695 0.027315
0 0.943237 0.803704 0.016357 0.030556
0 0.529175 0.994444 0.012451 0.011111
0 0.297974 0.056019 0.010010 0.021296
0 0.709473 0.446528 0.014648 0.021759