0 0.283813 0.223148 0.011475 0.021296
0 0.340576 0.355787 0.012207 0.026389
0 0.335205 0.447917 0.011230 0.026389
0 0.327637 0.600926 0.012207 0.028704
0 0.248047 0.613657 0.014648 0.029167
0 0.203125 0.574537 0.013672 0.022222
0 0.205322 0.532176 0.015625 0.022685
0 0.214844 0.424074 0.013672 0.022222
0 0.137329 0.480556 0.012451 0.025926
0 0.115967 0.600463 0.015625 0.023148
0 0.108887 0.647222 0.014160 0.024074
0 0.098511 0.699769 0.014404 0.026389
0 0.092651 0.784954 0.017822 0.025463
0 0.247314 0.731019 0.013672 0.024074
0 0.196411 0.635417 0.015381 0.022685
0 0.017456 0.447685 0.012451 0.022222
0 0.343872 0.229861 0.011963 0.019907
0 0.341675 0.259722 0.011963 0.023148
0 0.274048 0.359259 0.011963 0.023148
0 0.259888 0.493056 0.011475 0.026852
0 0.230835 0.245370 0.013916 0.021296
0 0.229004 0.282870 0.013184 0.024074
0 0.318237 0.799306 0.012939 0.026389
0 0.330200 0.678241 0.013428 0.021296
0 0.387695 0.777315 0.010742 0.023148
0 0.380005 0.713889 0.010986 0.025926
0 0.387939 0.640972 0.013184 0.019907
0 0.390869 0.388426 0.011230 0.023148
0 0.392578 0.296759 0.011230 0.021296
0 0.382080 0.850694 0.010254 0.020833
0 0.464722 0.801620 0.013428 0.023611
0 0.459595 0.736574 0.012451 0.024074
0 0.462158 0.618519 0.011230 0.023148
0 0.461182 0.560880 0.010254 0.019907
0 0.457886 0.513194 0.010498 0.020833
0 0.456909 0.461111 0.010986 0.022222
0 0.461792 0.370139 0.009033 0.021759
0 0.461548 0.323148 0.011963 0.025926
0 0.459473 0.276852 0.010742 0.020370
0 0.453857 0.237731 0.011230 0.022685
0 0.457153 0.185880 0.011475 0.025463
0 0.503296 0.251620 0.009521 0.018981
0 0.504761 0.356944 0.011963 0.018519
0 0.507690 0.430093 0.010498 0.023148
0 0.515747 0.589583 0.011963 0.026389
0 0.521484 0.770139 0.012207 0.020833
0 0.468262 0.866435 0.013184 0.026389
0 0.526245 0.903009 0.013428 0.025463
0 0.524048 0.968056 0.013916 0.023148
0 0.371826 0.982870 0.010254 0.021296
0 0.310303 0.937731 0.013184 0.027315
0 0.228394 0.987731 0.015869 0.021759
0 0.230713 0.911574 0.014648 0.026852
0 0.173340 0.888889 0.018555 0.025926
0 0.081665 0.914815 0.016846 0.024074
0 0.059082 0.984259 0.020996 0.031481
0 0.597656 0.634028 0.011719 0.022685
0 0.596558 0.697222 0.010986 0.022222
0 0.610474 0.807407 0.011475 0.024074
0 0.618408 0.945833 0.015137 0.026852
0 0.665649 0.832407 0.013428 0.025926
0 0.653687 0.602315 0.012451 0.025000
0 0.635254 0.500694 0.010742 0.021759
0 0.621094 0.386343 0.011230 0.026389
0 0.571655 0.250463 0.009521 0.020370
0 0.579468 0.331713 0.009033 0.019907
0 0.751221 0.876389 0.013672 0.026852
0 0.764282 0.943981 0.017822 0.030556
0 0.738403 0.749537 0.015869 0.027778
0 0.791260 0.719213 0.012695 0.026389
0 0.781982 0.657176 0.011230 0.018981
0 0.769043 0.556019 0.019043 0.035185
0 0.726074 0.568287 0.017090 0.032870
0 0.713989 0.534722 0.010986 0.019444
0 0.642944 0.659491 0.010986 0.021759
0 0.658081 0.722222 0.009033 0.025926
0 0.825562 0.975926 0.017334 0.028704
0 0.811401 0.891204 0.015869 0.036111
0 0.792603 0.766204 0.013916 0.028704
0 0.860474 0.645833 0.014404 0.024074
0 0.854858 0.595833 0.017334 0.022222
0 0.843262 0.531713 0.014160 0.023611
0 0.901611 0.594213 0.013672 0.029167
0 0.867798 0.700694 0.015381 0.024537
0 0.878174 0.756250 0.018555 0.024537
0 0.887329 0.825926 0.017334 0.024074
0 0.897827 0.888889 0.019775 0.030556
0 0.901978 0.969213 0.020264 0.035648
0 0.973755 0.981944 0.020264 0.029630
0 0.968506 0.915509 0.019043 0.033796
0 0.990234 0.668981 0.019043 0.031481
0 0.978882 0.615278 0.018311 0.034259
0 0.864136 0.401389 0.011963 0.030556
0 0.825806 0.428009 0.012451 0.030093
0 0.753174 0.452083 0.012207 0.022685
0 0.757446 0.505093 0.011963 0.022222
0 0.675049 0.179398 0.011230 0.026389
0 0.724121 0.226389 0.010742 0.027778
0 0.786377 0.136806 0.009766 0.024537
0 0.914062 0.318056 0.013672 0.025000
0 0.949341 0.493056 0.018311 0.029630
0 0.970703 0.372454 0.017090 0.028241
0 0.684204 0.211343 0.010986 0.022685
0 0.620850 0.274074 0.010254 0.024074
0 0.815063 0.337500 0.011963 0.026852
0 0.854736 0.307407 0.013184 0.029630
0 0.595337 0.579861 0.011963 0.023611
0 0.590454 0.521296 0.010010 0.020370
0 0.585571 0.472222 0.009033 0.023148
0 0.056641 0.228704 0.010742 0.019444
0 0.068237 0.125926 0.009521 0.019444
0 0.056274 0.618056 0.015381 0.023148
0 0.141602 0.389120 0.013184 0.019907
0 0.151611 0.331019 0.014160 0.024074
0 0.086426 0.849074 0.016602 0.023148
0 0.170532 0.971296 0.015381 0.023148
0 0.279785 0.257176 0.010742 0.030093
0 0.274902 0.309722 0.009766 0.022222
0 0.321167 0.737037 0.011963 0.025000
0 0.330444 0.512731 0.009521 0.019907
0 0.350952 0.130556 0.009033 0.025000
0 0.396118 0.126620 0.010010 0.026389
0 0.521973 0.831944 0.011230 0.024074
0 0.515503 0.647917 0.011475 0.021759
0 0.674194 0.982639 0.013916 0.031019
0 0.688843 0.297685 0.011475 0.021296
0 0.728882 0.277083 0.012939 0.021759
0 0.626099 0.350231 0.006592 0.018981
0 0.677368 0.136111 0.013428 0.027778
0 0.707642 0.150231 0.009033 0.027315
0 0.914917 0.669676 0.015381 0.027315
0 0.887085 0.504630 0.013428 0.027778
0 0.860962 0.360417 0.010986 0.026389
0 0.821533 0.154630 0.011719 0.028704
0 0.947510 0.444676 0.013672 0.021759
0 0.375366 0.901852 0.012451 0.021296
0 0.458618 0.122454 0.011963 0.021759
0 0.970581 0.567361 0.018311 0.024537
0 0.235107 0.846296 0.013672 0.025926
0 0.175171 0.817593 0.015869 0.025000
0 0.337891 0.550463 0.010254 0.024074
0 0.388428 0.484491 0.011719 0.024537
0 0.505005 0.181944 0.011475 0.027778
0 0.509277 0.543519 0.010254 0.019444
0 0.065796 0.508796 0.013428 0.022222
0 0.080566 0.459954 0.011230 0.019907
0 0.461426 0.942593 0.010742 0.021296
0 0.606567 0.757176 0.010010 0.022685
0 0.612305 0.186806 0.008789 0.022685
0 0.712158 0.112731 0.010742 0.021759
0 0.565308 0.133333 0.008545 0.018519
0 0.624023 0.225694 0.006348 0.020833
0 0.770386 0.071528 0.011475 0.026389
0 0.186890 0.065741 0.011963 0.024074
0 0.801880 0.053472 0.012939 0.021759
0 0.109253 0.226157 0.010010 0.020833
0 0.596802 0.041667 0.010010 0.018519
0 0.635498 0.446528 0.006836 0.018981
0 0.939575 0.198148 0.011963 0.035185
0 0.702271 0.439352 0.012939 0.027778
0 0.243774 0.042361 0.013428 0.022685
0 0.569946 0.031713 0.005127 0.016204
0 0.929077 0.728009 0.013428 0.019907
0 0.291992 0.026852 0.012207 0.017593
0 0.355347 0.037500 0.009521 0.017593
0 0.500610 0.078935 0.010010 0.020833
0 0.295410 0.068287 0.009277 0.021759
0 0.518433 0.705324 0.009521 0.020833
0 0.972656 0.056019 0.010742 0.025000
0 0.076782 0.075463 0.010010 0.025926
0 0.397339 0.026620 0.009033 0.023611
0 0.390503 0.248843 0.008545 0.022685
0 0.710938 0.472685 0.012207 0.022222
0 0.841431 0.276620 0.010986 0.023611
0 0.227661 0.330324 0.014893 0.019907
0 0.600952 0.007176 0.009521 0.013426