0 0.020020 0.068981 0.019043 0.044444
0 0.012329 0.211574 0.024170 0.042593
0 0.196167 0.104167 0.004150 0.025000
0 0.188721 0.216435 0.025879 0.034722
0 0.333496 0.068981 0.016602 0.042593
0 0.313599 0.186806 0.018311 0.041204
0 0.293945 0.278472 0.019043 0.051389
0 0.173706 0.340509 0.021240 0.034722
0 0.269775 0.414352 0.020020 0.039815
0 0.153320 0.455093 0.022949 0.037037
0 0.267700 0.540972 0.021240 0.038426
0 0.136230 0.609028 0.023438 0.037500
0 0.245483 0.674074 0.014893 0.035185
0 0.121948 0.732639 0.026123 0.042130
0 0.238281 0.832870 0.021973 0.039815
0 0.099609 0.837963 0.016113 0.031481
0 0.085205 0.961806 0.026367 0.036574
0 0.384155 0.902315 0.020752 0.037037
0 0.483398 0.993287 0.019531 0.013426
0 0.493530 0.868056 0.018311 0.034259
0 0.514404 0.752315 0.020996 0.039815
0 0.538208 0.607639 0.017822 0.031944
0 0.402466 0.638657 0.020752 0.041204
0 0.389526 0.775231 0.014893 0.031944
0 0.421265 0.526852 0.019775 0.037037
0 0.543091 0.498843 0.017822 0.036574
0 0.428833 0.386806 0.013916 0.034722
0 0.439453 0.259028 0.017578 0.042130
0 0.561279 0.377315 0.017578 0.038889
0 0.555420 0.241898 0.017578 0.040278
0 0.466187 0.142361 0.016846 0.046759
0 0.576904 0.113426 0.016602 0.030556
0 0.459717 0.042593 0.016113 0.036111
0 0.582153 0.009954 0.018799 0.018981
0 0.736450 0.162963 0.016357 0.027778
0 0.744019 0.078009 0.014893 0.040278
0 0.868774 0.031713 0.026611 0.038426
0 0.849854 0.106481 0.019043 0.041667
0 0.880493 0.179861 0.018311 0.033796
0 0.846558 0.275463 0.017822 0.039815
0 0.721436 0.301852 0.022949 0.040741
0 0.819702 0.378472 0.017822 0.033796
0 0.716919 0.415509 0.010010 0.026389
0 0.819946 0.499074 0.016357 0.037037
0 0.698730 0.533333 0.007812 0.011111
0 0.985474 0.523380 0.016846 0.035648
0 0.970337 0.643519 0.025635 0.040741
0 0.820679 0.643056 0.022217 0.037963
0 0.687988 0.650000 0.024414 0.042593
0 0.796997 0.754630 0.026611 0.037037
0 0.970581 0.768056 0.024170 0.033333
0 0.686768 0.811111 0.021973 0.042593
0 0.786255 0.886806 0.026123 0.043981
0 0.951904 0.925000 0.031738 0.042593
0 0.660278 0.915278 0.024170 0.043519
0 0.988037 0.391667 0.023926 0.035185
0 0.992188 0.256250 0.015625 0.047685
0 0.998657 0.051389 0.002686 0.017593
0 0.205444 0.002315 0.007080 0.003704