0 0.289429 0.124306 0.008545 0.020833
0 0.343872 0.251157 0.008057 0.019907
0 0.339722 0.331944 0.009521 0.022222
0 0.332153 0.468519 0.008545 0.025000
0 0.256348 0.484491 0.010254 0.018981
0 0.213867 0.447917 0.009277 0.015278
0 0.216187 0.406481 0.010986 0.021296
0 0.224365 0.307639 0.009766 0.013426
0 0.151001 0.360185 0.008545 0.019444
0 0.131470 0.470602 0.011475 0.018056
0 0.125122 0.513657 0.009521 0.016204
0 0.114990 0.556713 0.011719 0.021759
0 0.110596 0.634028 0.014648 0.017130
0 0.256958 0.589120 0.009033 0.019907
0 0.208008 0.501157 0.009766 0.022685
0 0.034180 0.333102 0.008789 0.017130
0 0.347046 0.132407 0.008545 0.015741
0 0.345093 0.159954 0.007568 0.020833
0 0.279663 0.250926 0.008057 0.018519
0 0.268921 0.369676 0.010498 0.021759
0 0.237427 0.148611 0.008545 0.018519
0 0.236084 0.182639 0.009766 0.021759
0 0.323853 0.652546 0.013428 0.023611
0 0.333618 0.544213 0.009521 0.022685
0 0.389771 0.631019 0.008545 0.024074
0 0.381592 0.569907 0.006836 0.023148
0 0.390259 0.508333 0.007568 0.017593
0 0.392700 0.278704 0.007080 0.019444
0 0.394409 0.195370 0.007080 0.013889
0 0.383789 0.693981 0.007812 0.018519
0 0.462891 0.652083 0.008789 0.018056
0 0.459961 0.595370 0.006836 0.018519
0 0.459595 0.489815 0.006592 0.020370
0 0.460205 0.439120 0.006836 0.018056
0 0.456543 0.393519 0.007324 0.016667
0 0.454956 0.345139 0.007568 0.019907
0 0.460449 0.259491 0.008301 0.019907
0 0.461182 0.218519 0.007812 0.020370
0 0.458862 0.175926 0.006104 0.017593
0 0.452881 0.138657 0.007324 0.015278
0 0.455078 0.093981 0.007324 0.020370
0 0.501343 0.156250 0.007568 0.021759
0 0.501831 0.249074 0.007568 0.015741
0 0.504761 0.320370 0.007080 0.022222
0 0.511230 0.463889 0.008789 0.021296
0 0.515869 0.628935 0.008789 0.020833
0 0.465698 0.714120 0.008545 0.018056
0 0.520020 0.742593 0.005859 0.021296
0 0.518677 0.798611 0.009521 0.019444
0 0.468872 0.843750 0.010010 0.017130
0 0.375244 0.815972 0.009766 0.016204
0 0.376587 0.936574 0.010010 0.020370
0 0.316895 0.773611 0.010742 0.021296
0 0.239380 0.819676 0.009521 0.021759
0 0.240845 0.747685 0.009521 0.017593
0 0.186157 0.729861 0.011475 0.018056
0 0.101440 0.751389 0.011475 0.019444
0 0.080811 0.813889 0.016113 0.021296
0 0.079590 0.886574 0.013184 0.019444
0 0.223389 0.892130 0.012695 0.018519
0 0.236206 0.960648 0.009033 0.019444
0 0.304810 0.990046 0.012939 0.019907
0 0.470459 0.910185 0.008301 0.018519
0 0.588501 0.502546 0.007568 0.018056
0 0.587891 0.561806 0.007812 0.017130
0 0.601929 0.662963 0.007568 0.020370
0 0.607788 0.789352 0.010010 0.020370
0 0.617188 0.920833 0.007324 0.017593
0 0.617798 0.993981 0.010010 0.012037
0 0.653076 0.688194 0.009766 0.018056
0 0.642456 0.474769 0.010010 0.020833
0 0.626343 0.382639 0.006592 0.017130
0 0.613525 0.279167 0.008301 0.019444
0 0.310669 0.910417 0.011963 0.018981
0 0.316284 0.842824 0.011475 0.019907
0 0.522339 0.940972 0.007568 0.017130
0 0.565918 0.156250 0.006836 0.016204
0 0.573364 0.229861 0.006104 0.021759
0 0.736816 0.728241 0.010254 0.022222
0 0.674072 0.884722 0.009277 0.017593
0 0.679321 0.949537 0.009521 0.016667
0 0.759155 0.926620 0.010010 0.019907
0 0.748779 0.848148 0.010254 0.023148
0 0.748657 0.788889 0.011963 0.021296
0 0.723022 0.612500 0.008545 0.020370
0 0.774902 0.580556 0.009277 0.022222
0 0.765137 0.527083 0.008301 0.018056
0 0.753052 0.436343 0.012939 0.022685
0 0.712280 0.444676 0.010010 0.023611
0 0.700562 0.416898 0.008545 0.016204
0 0.632690 0.528009 0.009033 0.020833
0 0.647217 0.582407 0.005859 0.018519
0 0.824463 0.943519 0.011719 0.021296
0 0.806396 0.818287 0.012695 0.019907
0 0.790771 0.739352 0.009766 0.023148
0 0.774414 0.625231 0.008301 0.017130
0 0.838989 0.514352 0.009033 0.017593
0 0.833618 0.469907 0.009521 0.015741
0 0.824585 0.411574 0.008057 0.017593
0 0.880859 0.471528 0.006836 0.023611
0 0.847412 0.565741 0.009766 0.020370
0 0.854370 0.615278 0.008545 0.020370
0 0.866089 0.679398 0.009033 0.018981
0 0.873657 0.731481 0.010010 0.021296
0 0.878174 0.806944 0.008789 0.015741
0 0.898926 0.930787 0.011230 0.018981
0 0.981079 0.962731 0.010986 0.018981
0 0.944214 0.819213 0.012451 0.022685
0 0.939697 0.759028 0.010742 0.019907
0 0.981567 0.639120 0.011963 0.019907
0 0.966553 0.543750 0.014160 0.018981
0 0.954834 0.490972 0.012695 0.018056
0 0.982422 0.407870 0.009766 0.020370
0 0.845337 0.292593 0.009033 0.021296
0 0.808105 0.316204 0.008789 0.018519
0 0.740112 0.340046 0.008545 0.018981
0 0.742798 0.388657 0.008545 0.015278
0 0.690552 0.327315 0.008545 0.020370
0 0.665894 0.093056 0.007568 0.019444
0 0.711914 0.137037 0.007324 0.023148
0 0.771362 0.050463 0.007568 0.013889
0 0.893799 0.220139 0.007812 0.017130
0 0.928589 0.381944 0.008545 0.015741
0 0.950439 0.272454 0.007812 0.019907
0 0.919189 0.119444 0.008301 0.024074
0 0.673950 0.123148 0.006592 0.020370
0 0.611694 0.176157 0.006104 0.015278
0 0.799316 0.236574 0.010254 0.020370
0 0.825562 0.177315 0.009033 0.018519
0 0.837891 0.205093 0.007324 0.020370
0 0.979248 0.365972 0.011230 0.018056
0 0.586182 0.453704 0.009277 0.021296
0 0.583130 0.401389 0.008057 0.018519
0 0.578735 0.357407 0.007080 0.018519
0 0.073364 0.133796 0.009521 0.024074
0 0.083008 0.036111 0.006836 0.013889
0 0.074707 0.484722 0.011230 0.017593
0 0.154053 0.279398 0.009277 0.018981
0 0.161621 0.226852 0.008789 0.017593
0 0.166138 0.188194 0.006104 0.016204
0 0.104370 0.689583 0.009521 0.017130
0 0.056641 0.599769 0.008301 0.015278
0 0.156982 0.993056 0.011719 0.013889
0 0.185547 0.804861 0.010254 0.015278
0 0.285889 0.161574 0.007324 0.016667
0 0.280273 0.206481 0.004883 0.015741
0 0.326294 0.598611 0.008057 0.020370
0 0.334229 0.394676 0.006348 0.017130
0 0.354248 0.046296 0.008789 0.023148
0 0.397339 0.040741 0.008057 0.020370
0 0.378906 0.872917 0.008301 0.019907
0 0.515381 0.679167 0.007324 0.016667
0 0.511841 0.564583 0.008057 0.017130
0 0.509888 0.515278 0.008057 0.018519
0 0.655640 0.745139 0.008545 0.019907
0 0.663086 0.825000 0.009766 0.020370
0 0.698364 0.355093 0.007080 0.018519
0 0.677368 0.202315 0.006592 0.017593
0 0.716431 0.179861 0.009521 0.017130
0 0.617310 0.248148 0.007080 0.021296
0 0.668091 0.051852 0.008057 0.019444
0 0.697754 0.065741 0.006348 0.018519
0 0.891357 0.535185 0.010254 0.017593
0 0.865112 0.387731 0.010010 0.017130
0 0.843872 0.256944 0.005615 0.019444
0 0.806641 0.067361 0.007324 0.017130
0 0.987671 0.106481 0.009521 0.022222
0 0.926392 0.335880 0.010010 0.013426
0 0.252197 0.633565 0.010742 0.019907
0 0.290649 0.057176 0.007568 0.017130
0 0.377563 0.742361 0.009033 0.020833
0 0.626831 0.338194 0.007080 0.018056
0 0.457520 0.036806 0.008301 0.014352
0 0.941772 0.449537 0.005615 0.014815
0 0.014038 0.431713 0.006592 0.014352
0 0.245850 0.696065 0.010254 0.018056
0 0.190796 0.667130 0.011963 0.023148
0 0.792969 0.687731 0.012207 0.018981
0 0.341187 0.430324 0.007080 0.016204
0 0.390503 0.368056 0.007568 0.018519
0 0.502808 0.093287 0.006592 0.018981
0 0.713257 0.508102 0.009521 0.021759
0 0.505615 0.419213 0.008301 0.017130
0 0.004272 0.990278 0.008057 0.019444
0 0.084595 0.392361 0.012939 0.014352
0 0.098633 0.342824 0.007812 0.015278
0 0.895996 0.190741 0.008789 0.019444
0 0.162964 0.930787 0.011963 0.018981
0 0.683594 0.278241 0.009766 0.016667
0 0.923584 0.693056 0.010742 0.020370
0 0.459351 0.779398 0.008057 0.016204
0 0.598145 0.618287 0.005371 0.018056
0 0.606079 0.101157 0.007080 0.016204
0 0.224365 0.351389 0.008301 0.016667
0 0.708496 0.093750 0.004883 0.021759
0 0.040039 0.724074 0.015137 0.021296
0 0.123047 0.129167 0.008301 0.018519
0 0.521240 0.866435 0.004883 0.017130
0 0.236450 0.226157 0.006104 0.016204
0 0.005615 0.485417 0.010254 0.014352
0 0.570679 0.193519 0.007568 0.012037
0 0.701172 0.029167 0.007324 0.019444
0 0.964478 0.040046 0.006592 0.016204
0 0.572021 0.121296 0.003906 0.013889
0 0.570801 0.268981 0.006836 0.012963
0 0.863892 0.044444 0.007568 0.020370
0 0.923706 0.994676 0.013916 0.010648