0 0.337646 0.375694 0.012207 0.026389
0 0.332520 0.466898 0.013184 0.033796
0 0.323364 0.627315 0.013428 0.029630
0 0.199951 0.596296 0.013672 0.022222
0 0.202637 0.553009 0.015625 0.022685
0 0.212769 0.445602 0.014893 0.027315
0 0.132935 0.501389 0.012451 0.025926
0 0.111084 0.625463 0.015625 0.023148
0 0.104004 0.672222 0.014160 0.024074
0 0.091919 0.721991 0.014404 0.026389
0 0.087280 0.809491 0.017822 0.025463
0 0.244629 0.757870 0.013672 0.024074
0 0.192505 0.659028 0.015381 0.022685
0 0.010376 0.468981 0.012451 0.022222
0 0.342163 0.246528 0.011963 0.019907
0 0.270630 0.376389 0.011963 0.023148
0 0.257446 0.512963 0.011475 0.026852
0 0.224854 0.300000 0.013184 0.024074
0 0.315552 0.831250 0.013428 0.030093
0 0.326050 0.703241 0.015381 0.025926
0 0.384888 0.803009 0.013916 0.029167
0 0.378052 0.736574 0.010986 0.025926
0 0.384766 0.662963 0.013184 0.024074
0 0.387939 0.404630 0.011230 0.023148
0 0.391113 0.314352 0.011230 0.021296
0 0.378906 0.876157 0.011230 0.023611
0 0.463379 0.827778 0.014160 0.027778
0 0.459473 0.762037 0.014160 0.029630
0 0.460571 0.641898 0.011963 0.031944
0 0.460571 0.585648 0.010010 0.026852
0 0.457520 0.534491 0.011230 0.023611
0 0.456177 0.480324 0.011475 0.032870
0 0.461060 0.386574 0.010986 0.027778
0 0.461060 0.339815 0.011963 0.025926
0 0.458740 0.291667 0.010742 0.020370
0 0.452637 0.254398 0.011230 0.022685
0 0.454956 0.203472 0.011475 0.025463
0 0.504028 0.275000 0.011963 0.026852
0 0.503296 0.371759 0.014404 0.027778
0 0.506714 0.450000 0.011963 0.036111
0 0.514282 0.612269 0.012939 0.030093
0 0.520386 0.800463 0.014404 0.028704
0 0.466431 0.894907 0.013916 0.028704
0 0.525024 0.933102 0.013428 0.025463
0 0.523193 0.990741 0.013184 0.018519
0 0.367920 0.991898 0.010254 0.016204
0 0.306763 0.968056 0.014404 0.025000
0 0.225830 0.934259 0.014648 0.026852
0 0.171631 0.843981 0.018555 0.025926
0 0.075806 0.943056 0.016846 0.024074
0 0.597656 0.656481 0.013672 0.031481
0 0.596191 0.718750 0.013184 0.025463
0 0.610840 0.839120 0.013184 0.027315
0 0.617188 0.981481 0.015137 0.026852
0 0.665894 0.867593 0.013428 0.025926
0 0.653809 0.623843 0.013672 0.030093
0 0.635254 0.518981 0.013184 0.029630
0 0.621460 0.407639 0.012939 0.031019
0 0.571045 0.267824 0.011230 0.024537
0 0.579102 0.349306 0.010254 0.022685
0 0.754517 0.907407 0.015381 0.029630
0 0.767456 0.980093 0.017822 0.030556
0 0.737671 0.777778 0.015869 0.027778
0 0.793945 0.743750 0.015625 0.030093
0 0.783936 0.681250 0.014160 0.028241
0 0.769409 0.579398 0.015381 0.035648
0 0.726929 0.593750 0.016357 0.031944
0 0.714478 0.559028 0.011475 0.023611
0 0.643311 0.684491 0.012695 0.027315
0 0.659180 0.745139 0.012695 0.028241
0 0.813477 0.926620 0.016602 0.037500
0 0.813477 0.864583 0.016602 0.030093
0 0.861084 0.668287 0.016602 0.027315
0 0.855347 0.615972 0.017822 0.028241
0 0.844971 0.550231 0.014160 0.023611
0 0.907959 0.615972 0.020508 0.031944
0 0.871216 0.723380 0.017334 0.031944
0 0.878174 0.779398 0.018555 0.033796
0 0.890869 0.852083 0.016602 0.031944
0 0.904053 0.992130 0.019531 0.015741
0 0.970825 0.943287 0.021729 0.031019
0 0.990845 0.699074 0.018311 0.031481
0 0.983032 0.638426 0.017822 0.028704
0 0.866333 0.417361 0.016357 0.031944
0 0.827759 0.448380 0.015869 0.025463
0 0.754883 0.471528 0.014648 0.029167
0 0.759399 0.524537 0.014404 0.028704
0 0.676758 0.193750 0.011230 0.027315
0 0.725342 0.244676 0.013184 0.030093
0 0.787720 0.153241 0.013428 0.029630
0 0.952148 0.520139 0.016602 0.024537
0 0.684448 0.229398 0.011963 0.030093
0 0.620117 0.290509 0.011230 0.026389
0 0.817139 0.355093 0.015625 0.031481
0 0.857300 0.321528 0.014404 0.031019
0 0.593750 0.600000 0.012207 0.025926
0 0.590454 0.540741 0.012451 0.029630
0 0.585815 0.489583 0.013428 0.031944
0 0.052246 0.241667 0.010742 0.019444
0 0.064575 0.137963 0.009521 0.019444
0 0.052368 0.634722 0.015381 0.023148
0 0.136353 0.409722 0.012451 0.020370
0 0.142822 0.349537 0.014160 0.024074
0 0.079102 0.871296 0.016602 0.023148
0 0.276001 0.279861 0.011963 0.026389
0 0.272949 0.332870 0.012207 0.025000
0 0.317017 0.768750 0.013916 0.022685
0 0.327026 0.535880 0.009521 0.019907
0 0.393188 0.139583 0.012939 0.027315
0 0.520264 0.860185 0.011230 0.024074
0 0.689331 0.308796 0.011475 0.021296
0 0.729614 0.293750 0.012939 0.028241
0 0.627075 0.366435 0.009033 0.026389
0 0.677490 0.150694 0.012695 0.027315
0 0.708862 0.167593 0.010986 0.026852
0 0.916748 0.692593 0.017090 0.030556
0 0.888672 0.522917 0.013672 0.031019
0 0.859985 0.377778 0.010986 0.023148
0 0.822632 0.169444 0.012939 0.029630
0 0.457397 0.136343 0.011963 0.021759
0 0.971436 0.589120 0.012207 0.031019
0 0.233154 0.875463 0.013672 0.025926
0 0.334717 0.577778 0.010742 0.021296
0 0.385254 0.504861 0.008789 0.025463
0 0.504028 0.197685 0.011475 0.027778
0 0.509521 0.562963 0.010742 0.025926
0 0.061401 0.528704 0.013428 0.022222
0 0.077148 0.479398 0.011230 0.019907
0 0.459229 0.966898 0.011230 0.024537
0 0.606934 0.786806 0.013672 0.027315
0 0.613037 0.206481 0.010254 0.024074
0 0.712769 0.130324 0.011963 0.031944
0 0.565186 0.148380 0.010742 0.028241
0 0.624023 0.237731 0.007324 0.024537
0 0.772827 0.086806 0.014404 0.031944
0 0.183960 0.078704 0.011963 0.024074
0 0.802734 0.065972 0.015137 0.028241
0 0.105225 0.243750 0.013672 0.021759
0 0.596313 0.052546 0.010498 0.023611
0 0.942505 0.223148 0.012451 0.033333
0 0.703003 0.459954 0.013916 0.027315
0 0.569580 0.045833 0.010254 0.022222
0 0.289551 0.040741 0.012207 0.017593
0 0.352905 0.052546 0.010010 0.018981
0 0.499146 0.095139 0.010010 0.020833
0 0.074097 0.089352 0.010010 0.025926
0 0.394775 0.040278 0.010254 0.025926
0 0.388062 0.265972 0.008545 0.022685
0 0.841309 0.290278 0.013184 0.030556
0 0.602051 0.019444 0.011719 0.025926
0 0.032593 0.767593 0.013916 0.021296
0 0.281494 0.235185 0.010742 0.022222
0 0.339355 0.276852 0.011719 0.021296
0 0.038574 0.292361 0.015137 0.020833
0 0.021484 0.377778 0.013672 0.024074
0 0.168701 0.917593 0.018555 0.019444
0 0.224731 0.348148 0.012451 0.019444
0 0.226318 0.262963 0.010742 0.020370
0 0.244141 0.636806 0.013184 0.025463
0 0.282349 0.163889 0.012451 0.022222
0 0.348755 0.148611 0.010498 0.026852
0 0.899658 0.913657 0.017090 0.032870
0 0.915161 0.337731 0.013428 0.033796
0 0.794556 0.790741 0.016846 0.028704
0 0.948853 0.468981 0.011963 0.027778
0 0.240356 0.059491 0.010986 0.018981