0 0.288574 0.195833 0.011230 0.025926
0 0.343750 0.328935 0.012207 0.026389
0 0.338867 0.414120 0.010254 0.030093
0 0.331421 0.565972 0.012939 0.031944
0 0.253662 0.576620 0.014160 0.026389
0 0.209106 0.539352 0.014893 0.025000
0 0.211914 0.496065 0.015137 0.027315
0 0.220337 0.392130 0.015869 0.024074
0 0.144897 0.447685 0.014404 0.027778
0 0.122192 0.565972 0.014404 0.021759
0 0.115356 0.609954 0.011963 0.022685
0 0.106323 0.658796 0.013916 0.027778
0 0.100098 0.743287 0.016602 0.024537
0 0.253418 0.691204 0.012207 0.025926
0 0.201294 0.594676 0.013428 0.027315
0 0.021851 0.420370 0.012451 0.022222
0 0.347168 0.204861 0.012207 0.024537
0 0.346069 0.235648 0.011963 0.023148
0 0.278442 0.332639 0.012451 0.030093
0 0.264282 0.457639 0.011963 0.031944
0 0.235474 0.221296 0.013916 0.021296
0 0.233154 0.256019 0.013184 0.024074
0 0.322144 0.763657 0.013428 0.023611
0 0.332764 0.641898 0.012207 0.027315
0 0.391479 0.740278 0.012939 0.020370
0 0.382568 0.673148 0.006836 0.023148
0 0.391602 0.602315 0.009277 0.024074
0 0.393555 0.357407 0.010254 0.024074
0 0.395386 0.269444 0.009521 0.022222
0 0.384888 0.809028 0.010498 0.023611
0 0.466553 0.760185 0.013672 0.026852
0 0.462891 0.702315 0.010254 0.026852
0 0.463501 0.579167 0.012451 0.026852
0 0.463013 0.526620 0.010498 0.026389
0 0.458984 0.479861 0.010254 0.022685
0 0.457642 0.426852 0.010986 0.023148
0 0.464478 0.337037 0.010498 0.021296
0 0.464111 0.292593 0.010742 0.024074
0 0.460815 0.246296 0.007568 0.021296
0 0.456421 0.206713 0.009033 0.019907
0 0.458008 0.158796 0.011230 0.028704
0 0.505737 0.225926 0.008545 0.022222
0 0.506958 0.324769 0.012451 0.021759
0 0.509277 0.397917 0.011230 0.027315
0 0.516113 0.551852 0.009277 0.031481
0 0.522583 0.731019 0.012939 0.024074
0 0.468750 0.825000 0.010742 0.025926
0 0.527100 0.858796 0.014160 0.026852
0 0.526123 0.920833 0.012207 0.026852
0 0.472778 0.967824 0.011963 0.025463
0 0.375732 0.936574 0.012695 0.025926
0 0.314941 0.895139 0.011719 0.024537
0 0.234741 0.946991 0.013916 0.029167
0 0.234741 0.862500 0.013916 0.022222
0 0.177979 0.846296 0.018555 0.025926
0 0.090698 0.871065 0.016357 0.023611
0 0.067383 0.940046 0.017090 0.029167
0 0.597412 0.596065 0.011719 0.020833
0 0.596313 0.659259 0.010986 0.022222
0 0.610718 0.771759 0.009521 0.031481
0 0.617310 0.904398 0.012451 0.032870
0 0.663940 0.796759 0.011475 0.029630
0 0.653442 0.567130 0.011475 0.023148
0 0.634644 0.466898 0.009033 0.019907
0 0.621216 0.358565 0.010010 0.031019
0 0.312012 0.963657 0.012207 0.023611
0 0.572021 0.228009 0.008789 0.022685
0 0.580078 0.306019 0.008789 0.019444
0 0.750854 0.838194 0.013916 0.032870
0 0.764648 0.968750 0.016113 0.035648
0 0.763550 0.905787 0.018799 0.037500
0 0.735840 0.712963 0.014648 0.027778
0 0.789062 0.679398 0.012695 0.024537
0 0.780273 0.621991 0.013672 0.031944
0 0.763916 0.525926 0.016113 0.032407
0 0.726196 0.530556 0.015869 0.028704
0 0.712036 0.504398 0.008545 0.016204
0 0.641602 0.622917 0.009766 0.018981
0 0.657715 0.682176 0.010254 0.028241
0 0.823486 0.928472 0.014160 0.030093
0 0.805420 0.853704 0.018555 0.044444
0 0.789551 0.728009 0.012695 0.023611
0 0.855591 0.606250 0.016846 0.019907
0 0.851929 0.558333 0.015381 0.029630
0 0.839478 0.496296 0.015869 0.017593
0 0.897705 0.559491 0.014648 0.031019
0 0.864136 0.665741 0.013916 0.027778
0 0.872925 0.716435 0.016846 0.024537
0 0.884033 0.784491 0.014648 0.021759
0 0.893433 0.841435 0.018311 0.032870
0 0.897583 0.923380 0.016846 0.029167
0 0.969604 0.935648 0.019287 0.035185
0 0.962280 0.873611 0.018311 0.023148
0 0.986694 0.636111 0.018799 0.028704
0 0.975708 0.582176 0.020264 0.032870
0 0.860962 0.370833 0.011963 0.030556
0 0.823120 0.393287 0.012451 0.030093
0 0.751587 0.423611 0.010498 0.023148
0 0.756104 0.471296 0.009766 0.022222
0 0.675537 0.152315 0.010254 0.019444
0 0.723022 0.201852 0.008545 0.026852
0 0.784180 0.113889 0.010254 0.024074
0 0.910278 0.291898 0.016846 0.021759
0 0.947266 0.462037 0.018555 0.024074
0 0.967773 0.347222 0.016602 0.025926
0 0.683350 0.186111 0.007812 0.023148
0 0.619873 0.250926 0.009277 0.025926
0 0.814819 0.310648 0.015381 0.025926
0 0.838623 0.247454 0.011719 0.020833
0 0.853027 0.275926 0.012207 0.026852
0 0.994995 0.450694 0.010010 0.019907
0 0.595093 0.544444 0.012451 0.025926
0 0.590942 0.487037 0.011475 0.024074
0 0.585083 0.437500 0.008545 0.023148
0 0.063721 0.203472 0.009766 0.016204
0 0.073853 0.101620 0.009521 0.018981
0 0.062622 0.579167 0.015381 0.023148
0 0.147827 0.359954 0.014893 0.022685
0 0.155029 0.301852 0.014160 0.024074
0 0.094238 0.802778 0.013672 0.024074
0 0.177979 0.926157 0.013672 0.020833
0 0.282837 0.229861 0.009521 0.028241
0 0.278076 0.282407 0.006836 0.021296
0 0.323486 0.701852 0.009766 0.018519
0 0.333618 0.480787 0.009521 0.019907
0 0.353271 0.108796 0.008789 0.023148
0 0.398682 0.104167 0.011230 0.027778
0 0.523071 0.785185 0.013916 0.029630
0 0.515991 0.611806 0.010986 0.023611
0 0.666748 0.853241 0.009766 0.024074
0 0.676025 0.945602 0.015625 0.041204
0 0.687500 0.275463 0.007812 0.017593
0 0.727417 0.252778 0.009033 0.019444
0 0.625000 0.323380 0.011719 0.023611
0 0.676392 0.111574 0.012451 0.029630
0 0.707397 0.122685 0.008057 0.025926
0 0.910522 0.632407 0.016846 0.027778
0 0.882568 0.472917 0.014160 0.031019
0 0.859253 0.329167 0.009521 0.024074
0 0.818726 0.128472 0.012939 0.029167
0 0.945435 0.412731 0.021729 0.022685
0 0.289062 0.126389 0.008301 0.024074
0 0.378418 0.859722 0.009766 0.023148
0 0.459717 0.099537 0.010742 0.026852
0 0.965942 0.533796 0.020752 0.020370
0 0.241577 0.805324 0.012451 0.023611
0 0.180664 0.777546 0.014160 0.024537
0 0.340454 0.522685 0.010010 0.019444
0 0.390869 0.450231 0.008789 0.024537
0 0.506592 0.160185 0.008301 0.026852
0 0.510864 0.508796 0.009521 0.020370
0 0.074585 0.478009 0.014893 0.025463
0 0.087646 0.429861 0.011230 0.019907
0 0.462646 0.889583 0.011230 0.025463
0 0.605713 0.718519 0.007812 0.024074
0 0.614136 0.164352 0.007568 0.020370
0 0.710083 0.087500 0.008057 0.024074
0 0.565552 0.110417 0.009521 0.018056
0 0.272095 0.366435 0.009033 0.025463
0 0.624146 0.203241 0.009521 0.020370
0 0.770508 0.045370 0.015625 0.025926
0 0.045166 0.700926 0.015625 0.026852
0 0.190430 0.039815 0.010742 0.021296
0 0.219360 0.438889 0.011963 0.023148
0 0.800171 0.029861 0.014404 0.026389
0 0.008301 0.973380 0.016113 0.022685
0 0.115967 0.200926 0.008789 0.017593
0 0.342651 0.280324 0.009521 0.020833
0 0.575684 0.267824 0.009766 0.024537
0 0.050903 0.242593 0.010986 0.017593
0 0.598389 0.019213 0.011719 0.018056
0 0.635254 0.412269 0.007812 0.021759
0 0.936401 0.175231 0.010498 0.031019
0 0.700317 0.408565 0.011475 0.030093
0 0.247803 0.021528 0.009277 0.017130
0 0.398682 0.007176 0.008789 0.013426
0 0.576660 0.344444 0.009277 0.018519
0 0.570312 0.014583 0.008301 0.016204
0 0.921753 0.690972 0.012451 0.021759
0 0.295044 0.007639 0.011963 0.014352
0 0.357544 0.015972 0.009521 0.017130
0 0.501099 0.056944 0.010010 0.023148
0 0.942749 0.800694 0.017334 0.024537
0 0.529663 0.992130 0.013428 0.015741