0 0.286499 0.100694 0.008545 0.020833
0 0.339478 0.218287 0.008057 0.019907
0 0.334595 0.300000 0.009521 0.022222
0 0.327148 0.431481 0.008301 0.028704
0 0.252930 0.448380 0.010254 0.018981
0 0.210938 0.411806 0.009277 0.015278
0 0.212646 0.370602 0.010254 0.016204
0 0.221924 0.276620 0.009766 0.013426
0 0.149048 0.326389 0.008545 0.019444
0 0.129761 0.433565 0.011475 0.018056
0 0.123413 0.472917 0.009521 0.016204
0 0.113037 0.515972 0.011719 0.021759
0 0.108643 0.592361 0.014648 0.017130
0 0.254028 0.550231 0.009033 0.019907
0 0.204834 0.464583 0.009766 0.022685
0 0.034180 0.301157 0.008789 0.017130
0 0.342163 0.104630 0.008545 0.015741
0 0.340698 0.132176 0.007568 0.020833
0 0.276001 0.222685 0.008057 0.018519
0 0.265259 0.337731 0.010498 0.021759
0 0.235229 0.121296 0.008545 0.018519
0 0.233643 0.155787 0.009766 0.021759
0 0.319458 0.610880 0.013428 0.023611
0 0.329956 0.504861 0.009521 0.022685
0 0.384644 0.589352 0.008545 0.024074
0 0.376709 0.529630 0.006836 0.023148
0 0.384888 0.468056 0.007568 0.017593
0 0.387329 0.247222 0.007080 0.019444
0 0.389771 0.167130 0.007080 0.013889
0 0.378418 0.650926 0.007812 0.018519
0 0.456299 0.610417 0.008789 0.018056
0 0.452393 0.555093 0.006836 0.018519
0 0.454224 0.451852 0.006592 0.020370
0 0.453369 0.400231 0.006836 0.018056
0 0.450195 0.360185 0.007324 0.016667
0 0.448853 0.314120 0.007568 0.019907
0 0.454224 0.230093 0.006592 0.016667
0 0.455078 0.191204 0.007812 0.020370
0 0.453003 0.148148 0.006104 0.017593
0 0.447021 0.111343 0.007324 0.015278
0 0.449219 0.067593 0.007324 0.020370
0 0.494995 0.128009 0.007568 0.021759
0 0.495972 0.219907 0.007568 0.015741
0 0.498169 0.288426 0.007080 0.022222
0 0.504395 0.427778 0.008789 0.021296
0 0.509033 0.588657 0.008789 0.020833
0 0.458618 0.667361 0.008545 0.018056
0 0.512695 0.698148 0.005859 0.021296
0 0.511108 0.754630 0.009521 0.019444
0 0.461548 0.793750 0.010010 0.017130
0 0.369141 0.765972 0.009766 0.016204
0 0.371216 0.883333 0.010010 0.020370
0 0.312012 0.722222 0.010742 0.021296
0 0.236206 0.770602 0.009521 0.021759
0 0.238159 0.700463 0.009521 0.017593
0 0.182739 0.683102 0.011475 0.018056
0 0.099243 0.703241 0.011475 0.019444
0 0.080322 0.765741 0.016113 0.021296
0 0.077637 0.834259 0.013184 0.019444
0 0.219971 0.838889 0.012695 0.018519
0 0.233032 0.906019 0.009033 0.019444
0 0.299194 0.933565 0.012939 0.019907
0 0.300415 0.995370 0.011475 0.009259
0 0.463745 0.859722 0.007568 0.021296
0 0.061157 0.972454 0.014404 0.018981
0 0.580688 0.465972 0.007568 0.018056
0 0.579590 0.521065 0.007812 0.017130
0 0.592651 0.618056 0.007568 0.020370
0 0.598022 0.741435 0.009521 0.019907
0 0.605713 0.865741 0.007324 0.017593
0 0.607910 0.943519 0.010742 0.017593
0 0.643066 0.643750 0.009766 0.018056
0 0.633911 0.437269 0.010010 0.020833
0 0.617798 0.347917 0.006592 0.017130
0 0.604736 0.246296 0.008301 0.019444
0 0.306030 0.854861 0.011963 0.018981
0 0.310913 0.790509 0.011475 0.019907
0 0.514038 0.888657 0.007568 0.017130
0 0.558838 0.128009 0.006836 0.016204
0 0.566528 0.201620 0.006104 0.021759
0 0.725220 0.682176 0.008545 0.022685
0 0.663086 0.832870 0.009277 0.017593
0 0.668091 0.896296 0.009521 0.016667
0 0.671631 0.972685 0.009766 0.019444
0 0.747192 0.873380 0.010010 0.019907
0 0.737061 0.797454 0.009277 0.021759
0 0.736206 0.739815 0.011963 0.021296
0 0.712280 0.569444 0.008545 0.020370
0 0.762695 0.541204 0.009277 0.022222
0 0.754150 0.487731 0.008301 0.018056
0 0.742065 0.399769 0.012939 0.022685
0 0.702026 0.406250 0.010010 0.023611
0 0.690796 0.380787 0.008545 0.016204
0 0.623657 0.487269 0.009033 0.020833
0 0.638184 0.541204 0.005859 0.018519
0 0.818481 0.956250 0.012939 0.019907
0 0.810303 0.891667 0.011719 0.021296
0 0.793701 0.768287 0.012695 0.019907
0 0.778564 0.693519 0.009766 0.023148
0 0.762695 0.579398 0.008301 0.017130
0 0.827026 0.476852 0.009033 0.017593
0 0.822388 0.431944 0.009521 0.015741
0 0.813354 0.375000 0.008057 0.017593
0 0.868652 0.435185 0.005371 0.024074
0 0.835205 0.526389 0.009766 0.020370
0 0.841431 0.574537 0.008545 0.020370
0 0.852905 0.636343 0.009033 0.018981
0 0.859985 0.686574 0.010010 0.021296
0 0.863525 0.757870 0.008789 0.015741
0 0.884521 0.878472 0.011230 0.018981
0 0.908203 0.947454 0.013672 0.019907
0 0.968140 0.975694 0.015381 0.023611
0 0.964478 0.909028 0.010986 0.018981
0 0.928833 0.770602 0.012451 0.022685
0 0.924805 0.710880 0.010742 0.019907
0 0.993408 0.730556 0.013184 0.016667
0 0.985840 0.664583 0.009766 0.020833
0 0.966187 0.596065 0.011963 0.019907
0 0.952393 0.504398 0.012207 0.018981
0 0.940918 0.452083 0.011230 0.018056
0 0.967285 0.369907 0.009766 0.020370
0 0.834106 0.259722 0.009033 0.021296
0 0.797852 0.286111 0.008789 0.018519
0 0.730591 0.306250 0.008545 0.018981
0 0.733032 0.353009 0.008545 0.015278
0 0.681274 0.294444 0.008545 0.020370
0 0.659058 0.064815 0.007568 0.019444
0 0.703369 0.107407 0.007324 0.023148
0 0.762817 0.028241 0.007568 0.013889
0 0.881592 0.187731 0.007812 0.017130
0 0.915405 0.347685 0.008545 0.015741
0 0.936768 0.241435 0.007812 0.019907
0 0.907227 0.088889 0.008301 0.024074
0 0.664917 0.092593 0.006592 0.020370
0 0.604858 0.147454 0.006104 0.015278
0 0.789062 0.204630 0.010254 0.020370
0 0.814575 0.146759 0.009033 0.018519
0 0.827148 0.175463 0.007324 0.020370
0 0.965088 0.329398 0.011230 0.018056
0 0.578369 0.416667 0.009277 0.021296
0 0.575317 0.368519 0.008057 0.018519
0 0.571411 0.325000 0.007080 0.018519
0 0.071655 0.104861 0.008057 0.015278
0 0.081787 0.011111 0.006836 0.013889
0 0.073975 0.446759 0.011230 0.017593
0 0.151855 0.247917 0.009277 0.018981
0 0.158936 0.196759 0.008789 0.017593
0 0.164429 0.159954 0.006104 0.016204
0 0.102417 0.643287 0.009521 0.017130
0 0.055908 0.559028 0.008301 0.015278
0 0.154541 0.941667 0.011230 0.018519
0 0.182861 0.755787 0.010254 0.015278
0 0.281982 0.134259 0.007324 0.016667
0 0.277100 0.178704 0.004883 0.015741
0 0.320923 0.557407 0.008057 0.020370
0 0.328857 0.358333 0.004883 0.013889
0 0.350098 0.019907 0.008789 0.023148
0 0.391724 0.014815 0.008057 0.020370
0 0.372314 0.819676 0.008301 0.019907
0 0.508789 0.633796 0.007324 0.016667
0 0.503906 0.527546 0.008301 0.019907
0 0.503784 0.481019 0.008057 0.018519
0 0.645142 0.697454 0.008545 0.019907
0 0.652588 0.775000 0.009766 0.020370
0 0.757568 0.940741 0.007812 0.016667
0 0.688599 0.324074 0.007080 0.018519
0 0.668579 0.170370 0.006592 0.017593
0 0.707642 0.149306 0.009521 0.017130
0 0.609741 0.218056 0.007080 0.021296
0 0.660278 0.025463 0.008057 0.019444
0 0.689941 0.041204 0.006348 0.018519
0 0.877930 0.495370 0.010254 0.017593
0 0.853760 0.351620 0.008789 0.017130
0 0.832153 0.224537 0.005615 0.019444
0 0.797119 0.041898 0.007324 0.017130
0 0.992432 0.156944 0.011719 0.021296
0 0.975464 0.077778 0.009521 0.022222
0 0.913208 0.303009 0.010010 0.013426
0 0.995361 0.462500 0.008301 0.017593
0 0.248779 0.595602 0.010742 0.019907
0 0.287720 0.034954 0.007568 0.017130
0 0.459351 0.984259 0.010010 0.019444
0 0.371704 0.692824 0.009033 0.020833
0 0.618286 0.303472 0.007080 0.018056
0 0.451904 0.012269 0.008301 0.014352
0 0.928589 0.411574 0.005615 0.014815
0 0.014282 0.395602 0.006592 0.014352
0 0.242676 0.650231 0.010254 0.018056
0 0.186890 0.624074 0.011963 0.023148
0 0.778809 0.638657 0.012207 0.018981
0 0.336060 0.390509 0.007080 0.016204
0 0.384644 0.332870 0.007568 0.018519
0 0.496460 0.067824 0.006592 0.018981
0 0.703003 0.469676 0.009521 0.021759
0 0.498779 0.385880 0.008301 0.017130
0 0.004150 0.935880 0.007812 0.020833
0 0.082397 0.354167 0.011475 0.012963
0 0.097168 0.308565 0.007812 0.015278
0 0.883057 0.158796 0.008789 0.019444
0 0.160522 0.877546 0.011963 0.018981
0 0.674072 0.246759 0.009766 0.016667
0 0.909668 0.646296 0.010742 0.020370
0 0.452515 0.730787 0.008057 0.016204
0 0.588623 0.577546 0.005371 0.018056
0 0.598755 0.074769 0.007080 0.016204
0 0.221436 0.318519 0.008301 0.016667
0 0.699463 0.067824 0.004883 0.021759
0 0.038086 0.677778 0.013184 0.021296
0 0.121826 0.102315 0.008301 0.018519
0 0.513428 0.817361 0.004883 0.017130
0 0.233765 0.196528 0.006104 0.016204
0 0.006348 0.447917 0.010742 0.014352
0 0.562622 0.164120 0.006104 0.008796