0 0.022461 0.072454 0.020020 0.044907
0 0.015625 0.216435 0.026855 0.041204
0 0.192383 0.220833 0.025391 0.035185
0 0.317505 0.192130 0.014893 0.037037
0 0.335571 0.071528 0.012451 0.035648
0 0.295288 0.281944 0.020752 0.051852
0 0.176147 0.343056 0.021240 0.036111
0 0.273438 0.418287 0.020020 0.038426
0 0.199951 0.106250 0.006348 0.020833
0 0.209351 0.005324 0.010010 0.009722
0 0.154785 0.457639 0.020996 0.044907
0 0.269409 0.547454 0.018311 0.037500
0 0.137329 0.610880 0.025146 0.031944
0 0.246826 0.678704 0.017090 0.031481
0 0.124390 0.734722 0.023682 0.041667
0 0.238281 0.837731 0.020996 0.038426
0 0.100708 0.842361 0.016357 0.032870
0 0.084961 0.959028 0.023926 0.039352
0 0.385376 0.906481 0.016846 0.038889
0 0.494019 0.875694 0.021729 0.033796
0 0.484497 0.995139 0.012451 0.009722
0 0.516113 0.756944 0.021973 0.044444
0 0.392578 0.781250 0.015137 0.031019
0 0.403442 0.644907 0.018799 0.038889
0 0.540161 0.615741 0.017334 0.031481
0 0.546021 0.502778 0.016846 0.034259
0 0.423218 0.529630 0.020264 0.036111
0 0.430176 0.392824 0.013672 0.040278
0 0.564819 0.383565 0.018311 0.036574
0 0.441406 0.261806 0.017578 0.033796
0 0.557983 0.248148 0.019287 0.037037
0 0.578735 0.123148 0.015381 0.039815
0 0.468872 0.148148 0.020752 0.047222
0 0.462280 0.046991 0.015381 0.030093
0 0.584473 0.015509 0.019043 0.030093
0 0.871826 0.036806 0.023926 0.045833
0 0.745483 0.080093 0.015381 0.033333
0 0.852173 0.111574 0.020752 0.037963
0 0.738281 0.165741 0.015625 0.031481
0 0.881470 0.185417 0.017334 0.031944
0 0.724487 0.305556 0.021729 0.037963
0 0.849121 0.281250 0.017578 0.037500
0 0.821655 0.383333 0.018311 0.029630
0 0.718994 0.421991 0.010254 0.024537
0 0.822510 0.506481 0.017090 0.029630
0 0.689453 0.654630 0.024414 0.037037
0 0.821533 0.646528 0.025391 0.038426
0 0.799438 0.759028 0.024170 0.035648
0 0.688477 0.817130 0.021484 0.038889
0 0.788452 0.893287 0.023682 0.040278
0 0.662109 0.919907 0.020996 0.035185
0 0.952881 0.928935 0.030273 0.044907
0 0.969849 0.770139 0.028564 0.037500
0 0.973022 0.651620 0.025635 0.037500
0 0.986938 0.531481 0.018311 0.033333
0 0.988525 0.400694 0.022949 0.038426
0 0.994019 0.264120 0.011963 0.038426
0 0.699707 0.540509 0.005859 0.011574