0 0.110840 0.007407 0.011230 0.013889
0 0.057251 0.084722 0.023193 0.035185
0 0.004761 0.155787 0.009033 0.031019
0 0.329224 0.050926 0.017822 0.039815
0 0.280396 0.121065 0.020264 0.039352
0 0.220337 0.221065 0.024170 0.038426
0 0.441284 0.135880 0.020752 0.040278
0 0.381958 0.216204 0.021240 0.039815
0 0.170776 0.303935 0.024658 0.038426
0 0.341064 0.317593 0.019531 0.038889
0 0.282349 0.394444 0.016357 0.026852
0 0.123047 0.362037 0.016602 0.026852
0 0.074829 0.436343 0.022705 0.035648
0 0.014404 0.531019 0.027344 0.036111
0 0.228394 0.510880 0.022217 0.033796
0 0.413940 0.538194 0.020752 0.042130
0 0.125732 0.639583 0.026367 0.036574
0 0.071045 0.728704 0.024414 0.035185
0 0.361206 0.638426 0.012939 0.028704
0 0.319092 0.727546 0.016113 0.032870
0 0.270142 0.796065 0.021240 0.033796
0 0.218994 0.896296 0.019043 0.035185
0 0.155273 0.992361 0.020508 0.015278
0 0.361816 0.927778 0.021973 0.044444
0 0.415161 0.828241 0.014893 0.028704
0 0.584839 0.992361 0.021240 0.015278
0 0.639404 0.879167 0.020508 0.043519
0 0.685791 0.798843 0.009277 0.009722
0 0.468262 0.758565 0.020996 0.043056
0 0.531494 0.672222 0.017090 0.030556
0 0.572388 0.591667 0.016846 0.034259
0 0.465942 0.475000 0.017334 0.041667
0 0.737183 0.725694 0.008545 0.028241
0 0.623413 0.513657 0.020752 0.036574
0 0.516479 0.370602 0.018799 0.036574
0 0.662964 0.401157 0.020752 0.038426
0 0.564941 0.278704 0.019043 0.033333
0 0.719604 0.324306 0.015381 0.036574
0 0.760254 0.237500 0.022949 0.043519
0 0.538818 0.015741 0.020020 0.025926
0 0.486450 0.085185 0.015869 0.029630
0 0.622192 0.219213 0.024658 0.043056
0 0.648560 0.130324 0.013916 0.032870
0 0.717407 0.057176 0.015381 0.042130
0 0.857300 0.090509 0.027100 0.036574
0 0.898315 0.043287 0.013428 0.031019
0 0.964111 0.308333 0.028809 0.042593
0 0.934204 0.396759 0.014893 0.024074
0 0.870361 0.478472 0.016602 0.031019
0 0.836182 0.540278 0.016113 0.023148
0 0.987061 0.590278 0.025879 0.042593
0 0.950806 0.632870 0.028076 0.039815
0 0.779419 0.640509 0.021729 0.036574
0 0.951050 0.727778 0.022217 0.032407
0 0.892334 0.766204 0.025391 0.033333
0 0.835693 0.817361 0.019531 0.031944
0 0.794800 0.912963 0.021240 0.037963