0 0.281494 0.093981 0.008301 0.020370
0 0.334351 0.214120 0.008057 0.019907
0 0.330078 0.293750 0.009277 0.018981
0 0.322632 0.425000 0.009521 0.023148
0 0.247803 0.439815 0.011719 0.020370
0 0.207031 0.404861 0.009277 0.015278
0 0.208252 0.367130 0.008301 0.013889
0 0.216797 0.271296 0.006836 0.014815
0 0.144653 0.320139 0.009033 0.022685
0 0.124146 0.426157 0.011475 0.018056
0 0.118774 0.465509 0.008057 0.016204
0 0.106934 0.509028 0.011719 0.021759
0 0.104492 0.583102 0.014648 0.017130
0 0.248901 0.540509 0.008057 0.015278
0 0.200439 0.456250 0.008789 0.023611
0 0.030151 0.294213 0.010010 0.018056
0 0.337524 0.099074 0.008545 0.015741
0 0.336060 0.129398 0.007568 0.020833
0 0.270752 0.215972 0.008789 0.018981
0 0.259888 0.329630 0.010010 0.023148
0 0.230347 0.116435 0.010010 0.018981
0 0.228271 0.149306 0.009766 0.021759
0 0.313721 0.599769 0.009766 0.018981
0 0.323608 0.493519 0.009521 0.017593
0 0.378052 0.579167 0.006592 0.023148
0 0.370850 0.519444 0.006836 0.023148
0 0.378906 0.461574 0.007812 0.017593
0 0.381958 0.240741 0.007080 0.019444
0 0.384155 0.161574 0.007080 0.013889
0 0.372314 0.642130 0.007812 0.018519
0 0.450806 0.599306 0.010010 0.020833
0 0.446655 0.544676 0.007568 0.020833
0 0.447632 0.444444 0.006592 0.020370
0 0.448608 0.394213 0.005127 0.016204
0 0.445068 0.353704 0.007324 0.016667
0 0.442749 0.306713 0.007568 0.019907
0 0.448364 0.224074 0.006592 0.016667
0 0.449707 0.184259 0.007812 0.020370
0 0.448120 0.143519 0.006104 0.017593
0 0.441895 0.105556 0.009277 0.013889
0 0.443115 0.061111 0.007324 0.020370
0 0.490112 0.120602 0.007568 0.021759
0 0.490112 0.213426 0.007568 0.015741
0 0.492554 0.281481 0.007080 0.022222
0 0.497559 0.417593 0.008789 0.021296
0 0.501953 0.575926 0.008301 0.017593
0 0.451904 0.658565 0.007812 0.017130
0 0.506104 0.688426 0.005859 0.021296
0 0.503906 0.742593 0.009277 0.020370
0 0.454346 0.783796 0.010742 0.019444
0 0.363281 0.755324 0.009766 0.016204
0 0.364136 0.868981 0.010010 0.020370
0 0.305664 0.712963 0.010742 0.021296
0 0.229370 0.759491 0.009521 0.021759
0 0.231567 0.690741 0.009521 0.017593
0 0.177368 0.674306 0.011475 0.018056
0 0.094360 0.693981 0.011475 0.019444
0 0.075317 0.752546 0.017822 0.018056
0 0.073242 0.822454 0.012695 0.020833
0 0.214844 0.830093 0.011719 0.022222
0 0.226318 0.892361 0.008301 0.018056
0 0.293457 0.921296 0.012695 0.016667
0 0.294434 0.990046 0.013184 0.019907
0 0.456421 0.848611 0.007568 0.021296
0 0.054077 0.957176 0.013428 0.018981
0 0.574585 0.457639 0.007568 0.018056
0 0.573120 0.512037 0.006104 0.016667
0 0.584839 0.611343 0.007080 0.021759
0 0.589966 0.730324 0.009521 0.019907
0 0.599854 0.856481 0.007324 0.017593
0 0.599854 0.930093 0.010742 0.017593
0 0.634399 0.630787 0.006104 0.017130
0 0.626831 0.429861 0.010010 0.020833
0 0.611694 0.340509 0.006592 0.017130
0 0.599365 0.242593 0.008301 0.019444
0 0.301147 0.843981 0.010986 0.015741
0 0.306274 0.781713 0.011475 0.019907
0 0.506592 0.875000 0.009277 0.016667
0 0.554077 0.123611 0.005615 0.014815
0 0.560425 0.195139 0.005127 0.017130
0 0.716919 0.670833 0.008057 0.021296
0 0.655029 0.819907 0.009277 0.017593
0 0.660645 0.884259 0.005859 0.017593
0 0.663574 0.958333 0.009766 0.019444
0 0.744995 0.992130 0.011963 0.015741
0 0.738159 0.859491 0.010010 0.019907
0 0.728271 0.786343 0.009277 0.021759
0 0.728394 0.730556 0.011963 0.021296
0 0.704712 0.560880 0.009033 0.016204
0 0.755249 0.530556 0.008545 0.022222
0 0.746582 0.479398 0.006348 0.017130
0 0.735474 0.392361 0.011475 0.019907
0 0.695190 0.397454 0.008545 0.021759
0 0.683716 0.372454 0.007080 0.013426
0 0.617065 0.478009 0.006592 0.019907
0 0.631348 0.531944 0.004395 0.012963
0 0.808716 0.942361 0.012939 0.019907
0 0.800903 0.878704 0.010498 0.023148
0 0.784912 0.758565 0.012695 0.019907
0 0.769775 0.682407 0.008789 0.025000
0 0.755371 0.571991 0.008301 0.017130
0 0.819092 0.466667 0.007812 0.015741
0 0.814819 0.423611 0.008545 0.012963
0 0.807495 0.368519 0.006104 0.015741
0 0.860718 0.426620 0.005127 0.023611
0 0.827148 0.515741 0.006836 0.018519
0 0.833618 0.562731 0.007080 0.020833
0 0.844116 0.624769 0.009033 0.018981
0 0.850708 0.673611 0.010010 0.021296
0 0.855225 0.747222 0.008789 0.015741
0 0.873779 0.865509 0.011230 0.018981
0 0.897217 0.931713 0.013672 0.019907
0 0.957153 0.961343 0.015381 0.023611
0 0.953369 0.896296 0.009277 0.017593
0 0.918823 0.760648 0.010986 0.021296
0 0.915527 0.701157 0.009766 0.018981
0 0.983398 0.719213 0.012207 0.018981
0 0.976562 0.656713 0.009766 0.020833
0 0.956787 0.585185 0.010742 0.021296
0 0.943115 0.495139 0.012207 0.018981
0 0.933350 0.442593 0.012207 0.017593
0 0.959595 0.362963 0.008057 0.019444
0 0.826782 0.252778 0.009033 0.021296
0 0.790527 0.278704 0.008789 0.018519
0 0.722778 0.297685 0.007080 0.015741
0 0.726318 0.346065 0.007812 0.015278
0 0.674438 0.286574 0.008545 0.020370
0 0.651978 0.060648 0.007568 0.019444
0 0.696899 0.101157 0.007568 0.019907
0 0.757935 0.024074 0.007568 0.013889
0 0.875610 0.182407 0.007568 0.014815
0 0.907471 0.338889 0.009277 0.017593
0 0.930176 0.236343 0.006348 0.018981
0 0.901489 0.085648 0.007568 0.020370
0 0.659546 0.091204 0.006592 0.020370
0 0.598511 0.141898 0.006104 0.015278
0 0.781616 0.199769 0.006592 0.018981
0 0.806763 0.142593 0.009033 0.018519
0 0.819824 0.170602 0.006348 0.022685
0 0.956543 0.324306 0.011230 0.018056
0 0.571167 0.408333 0.008057 0.017593
0 0.569092 0.362269 0.009277 0.022685
0 0.564331 0.318056 0.007080 0.018519
0 0.068359 0.098843 0.006836 0.013426
0 0.079346 0.010185 0.006836 0.013889
0 0.118164 0.097685 0.008789 0.012963
0 0.068848 0.440278 0.008789 0.013889
0 0.078003 0.348380 0.010498 0.014352
0 0.147583 0.241667 0.008545 0.015741
0 0.154785 0.190046 0.007324 0.017130
0 0.160034 0.153009 0.006104 0.016204
0 0.096680 0.634259 0.008301 0.013889
0 0.051514 0.550231 0.008301 0.015278
0 0.032593 0.667824 0.011963 0.018056
0 0.149048 0.928704 0.011963 0.020370
0 0.153442 0.864352 0.013428 0.017593
0 0.177612 0.746065 0.010010 0.013426
0 0.216064 0.312963 0.008301 0.013889
0 0.215210 0.224537 0.006104 0.019444
0 0.277588 0.129167 0.007324 0.016667
0 0.273193 0.175463 0.004883 0.015741
0 0.267700 0.247685 0.005127 0.015741
0 0.317017 0.548148 0.008057 0.020370
0 0.324097 0.351620 0.006104 0.015278
0 0.345947 0.017130 0.008789 0.023148
0 0.387329 0.011574 0.007080 0.022222
0 0.379028 0.324074 0.007568 0.016667
0 0.506836 0.805093 0.006348 0.014815
0 0.366089 0.814120 0.007080 0.026389
0 0.447021 0.721991 0.004883 0.014352
0 0.502808 0.626852 0.006592 0.019444
0 0.498169 0.518056 0.005615 0.016667
0 0.497070 0.471296 0.006836 0.017593
0 0.490723 0.062500 0.005859 0.020370
0 0.581299 0.569676 0.006348 0.015278
0 0.633423 0.585648 0.005615 0.019444
0 0.637329 0.688657 0.008545 0.019907
0 0.644409 0.763889 0.008545 0.018519
0 0.748047 0.929630 0.007812 0.016667
0 0.714600 0.602546 0.006348 0.017130
0 0.682495 0.315046 0.007568 0.018056
0 0.662720 0.164815 0.006592 0.017593
0 0.698975 0.145139 0.003906 0.018056
0 0.603027 0.210185 0.005859 0.017593
0 0.592773 0.068056 0.006348 0.017593
0 0.654419 0.019444 0.008057 0.019444
0 0.682861 0.035185 0.006348 0.018519
0 0.694580 0.060648 0.004883 0.020370
0 0.739746 0.427546 0.006836 0.016204
0 0.899292 0.638426 0.008057 0.014815
0 0.881714 0.540509 0.009033 0.013426
0 0.869873 0.488889 0.010254 0.017593
0 0.845703 0.345139 0.008789 0.017130
0 0.824829 0.217130 0.005615 0.019444
0 0.791748 0.037731 0.007324 0.017130
0 0.984619 0.153241 0.008301 0.016667
0 0.967529 0.073843 0.006836 0.022685
0 0.895508 0.057176 0.004395 0.018056
0 0.877319 0.154630 0.006592 0.018519
0 0.906128 0.294907 0.010498 0.014815
0 0.988647 0.453704 0.011963 0.016667