0 0.290527 0.147222 0.009766 0.020370
0 0.344116 0.275694 0.008057 0.019907
0 0.340454 0.359954 0.011475 0.027315
0 0.332642 0.499537 0.008545 0.025000
0 0.256226 0.513426 0.012451 0.023148
0 0.213379 0.478935 0.010254 0.018056
0 0.214966 0.435648 0.010986 0.021296
0 0.223999 0.335417 0.010986 0.019907
0 0.150269 0.388657 0.010498 0.022685
0 0.129517 0.501157 0.011475 0.018056
0 0.123901 0.544676 0.010986 0.020833
0 0.112549 0.589352 0.013184 0.023148
0 0.107544 0.668287 0.015869 0.020833
0 0.257080 0.623611 0.009277 0.020370
0 0.204834 0.532176 0.009766 0.022685
0 0.031982 0.361111 0.011719 0.018519
0 0.347778 0.155787 0.010986 0.021759
0 0.347290 0.184954 0.012451 0.023611
0 0.279175 0.277315 0.008057 0.018519
0 0.268677 0.398843 0.010498 0.021759
0 0.238159 0.171065 0.009521 0.018981
0 0.235840 0.203935 0.009766 0.021759
0 0.324585 0.688657 0.013428 0.023611
0 0.335571 0.576620 0.009521 0.022685
0 0.392456 0.664120 0.010010 0.018981
0 0.383301 0.603241 0.006836 0.023148
0 0.391479 0.538426 0.007568 0.017593
0 0.394653 0.302315 0.008057 0.021296
0 0.396729 0.220139 0.007812 0.017130
0 0.386475 0.732870 0.007812 0.018519
0 0.466064 0.686574 0.010742 0.020370
0 0.461182 0.625926 0.008301 0.019444
0 0.462280 0.520370 0.006592 0.020370
0 0.462158 0.467361 0.006836 0.018056
0 0.459351 0.423380 0.007568 0.017130
0 0.457397 0.372454 0.007568 0.019907
0 0.462891 0.286806 0.008301 0.019907
0 0.463867 0.243056 0.011230 0.021296
0 0.461182 0.197222 0.008789 0.016667
0 0.454834 0.162731 0.007324 0.015278
0 0.457031 0.113889 0.007324 0.020370
0 0.503418 0.176852 0.008789 0.021296
0 0.504517 0.272222 0.007568 0.015741
0 0.507935 0.346065 0.009033 0.017130
0 0.514282 0.492824 0.008545 0.021759
0 0.519775 0.659954 0.008789 0.020833
0 0.468628 0.749769 0.008545 0.018056
0 0.523682 0.781713 0.005859 0.018056
0 0.522827 0.841204 0.009521 0.019444
0 0.472046 0.883796 0.010498 0.020370
0 0.376587 0.854167 0.010498 0.018519
0 0.379028 0.978241 0.010010 0.020370
0 0.318359 0.809954 0.011719 0.024537
0 0.239014 0.862500 0.012207 0.023148
0 0.240723 0.786574 0.009766 0.019444
0 0.185181 0.767593 0.013916 0.021296
0 0.097290 0.786111 0.011475 0.019444
0 0.079224 0.855093 0.019287 0.029630
0 0.076416 0.927546 0.017090 0.023611
0 0.222412 0.934722 0.012695 0.018519
0 0.473877 0.949074 0.008301 0.018519
0 0.592407 0.533102 0.007568 0.018056
0 0.591797 0.589120 0.007812 0.017130
0 0.604858 0.688426 0.007568 0.020370
0 0.611816 0.827315 0.009766 0.019444
0 0.621948 0.958333 0.009521 0.018519
0 0.657471 0.720602 0.009766 0.018056
0 0.647827 0.505556 0.011475 0.023148
0 0.630249 0.408102 0.006592 0.017130
0 0.616455 0.303241 0.009277 0.022222
0 0.310303 0.950000 0.010254 0.018519
0 0.315552 0.882176 0.011475 0.019907
0 0.569580 0.177546 0.006836 0.016204
0 0.576538 0.253009 0.007568 0.022685
0 0.743164 0.758796 0.010254 0.022222
0 0.678833 0.919213 0.011475 0.021759
0 0.686157 0.990278 0.009521 0.016667
0 0.765869 0.966667 0.011719 0.023148
0 0.755615 0.890278 0.010254 0.023148
0 0.755493 0.827315 0.011963 0.021296
0 0.727417 0.645833 0.008545 0.020370
0 0.781494 0.614352 0.009277 0.022222
0 0.771484 0.558102 0.008301 0.018056
0 0.757812 0.467130 0.011719 0.022222
0 0.718384 0.473843 0.010010 0.023611
0 0.706421 0.443287 0.008545 0.016204
0 0.637085 0.556250 0.009033 0.020833
0 0.652100 0.612500 0.005859 0.018519
0 0.831055 0.988426 0.011719 0.021296
0 0.813965 0.856713 0.012695 0.019907
0 0.797607 0.774537 0.009766 0.023148
0 0.781738 0.655787 0.008301 0.017130
0 0.846069 0.545370 0.009033 0.017593
0 0.841187 0.498843 0.010498 0.017130
0 0.830933 0.442130 0.008057 0.017593
0 0.888672 0.496991 0.006836 0.023611
0 0.854736 0.596296 0.011230 0.023148
0 0.861694 0.647222 0.008545 0.020370
0 0.873169 0.715972 0.009033 0.018981
0 0.881714 0.769444 0.011963 0.022222
0 0.886108 0.844907 0.010986 0.021296
0 0.907349 0.974306 0.012451 0.023611
0 0.954102 0.855324 0.018066 0.027315
0 0.948730 0.795602 0.013672 0.023611
0 0.990356 0.670139 0.011963 0.019907
0 0.974854 0.575231 0.014160 0.018981
0 0.963623 0.519676 0.012695 0.018056
0 0.990112 0.434028 0.011963 0.022685
0 0.852905 0.314352 0.009033 0.021296
0 0.815186 0.344444 0.008789 0.018519
0 0.745728 0.364120 0.008545 0.018981
0 0.749146 0.415046 0.008545 0.015278
0 0.695679 0.353704 0.008545 0.020370
0 0.670776 0.108796 0.007568 0.019444
0 0.717773 0.157870 0.007324 0.023148
0 0.777466 0.074769 0.007568 0.014352
0 0.900391 0.239120 0.007812 0.017130
0 0.934937 0.406019 0.008545 0.015741
0 0.958496 0.296991 0.007812 0.019907
0 0.926514 0.139815 0.008301 0.024074
0 0.677856 0.139815 0.006592 0.020370
0 0.615601 0.200231 0.007080 0.017130
0 0.805664 0.260648 0.010254 0.020370
0 0.831665 0.201389 0.009033 0.018519
0 0.844727 0.227083 0.008301 0.018981
0 0.989502 0.394213 0.011230 0.018056
0 0.590454 0.479861 0.011475 0.021759
0 0.586548 0.430093 0.008057 0.018519
0 0.583618 0.385185 0.008545 0.023148
0 0.070435 0.155324 0.009521 0.016204
0 0.080933 0.057176 0.008057 0.015278
0 0.072998 0.516667 0.011230 0.021296
0 0.153320 0.305324 0.010254 0.020833
0 0.159302 0.251620 0.010986 0.018981
0 0.166626 0.214583 0.006104 0.016204
0 0.102661 0.725694 0.009521 0.017130
0 0.054932 0.635185 0.010742 0.019444
0 0.184448 0.841667 0.010986 0.018519
0 0.286377 0.185185 0.007324 0.016667
0 0.280762 0.232870 0.004883 0.015741
0 0.327026 0.631481 0.008057 0.020370
0 0.334229 0.422917 0.006348 0.017130
0 0.355225 0.063889 0.008789 0.023148
0 0.399170 0.062500 0.008789 0.027778
0 0.520752 0.711111 0.007324 0.016667
0 0.515869 0.598843 0.006836 0.019907
0 0.514038 0.550000 0.008057 0.018519
0 0.660034 0.782639 0.008545 0.019907
0 0.668213 0.863889 0.009766 0.020370
0 0.703735 0.385417 0.010498 0.019907
0 0.682739 0.225926 0.006592 0.017593
0 0.718628 0.202546 0.009521 0.017130
0 0.622192 0.268287 0.010498 0.019907
0 0.672119 0.070602 0.008789 0.024537
0 0.701904 0.086111 0.006348 0.018519
0 0.900513 0.569907 0.012939 0.018519
0 0.873169 0.415509 0.010010 0.017130
0 0.851074 0.275694 0.006836 0.021759
0 0.814697 0.089120 0.007324 0.017130
0 0.993530 0.118981 0.009521 0.022222
0 0.932495 0.361343 0.010010 0.013426
0 0.253540 0.672454 0.010010 0.018981
0 0.290894 0.078935 0.007568 0.017130
0 0.378296 0.781713 0.009033 0.020833
0 0.631226 0.361111 0.008057 0.021296
0 0.459717 0.057639 0.008301 0.014352
0 0.951050 0.478472 0.009033 0.017130
0 0.010620 0.462731 0.006592 0.014352
0 0.245728 0.728472 0.009521 0.016204
0 0.188477 0.703009 0.011230 0.019907
0 0.800293 0.711806 0.012207 0.018981
0 0.342041 0.459491 0.008789 0.018056
0 0.391846 0.396528 0.008789 0.024537
0 0.504761 0.110880 0.006592 0.018981
0 0.720825 0.538657 0.009521 0.021759
0 0.508545 0.452083 0.008301 0.017130
0 0.081177 0.417361 0.010010 0.018981
0 0.096924 0.370602 0.007812 0.015278
0 0.904297 0.208796 0.008789 0.019444
0 0.160034 0.978009 0.016846 0.019907
0 0.686523 0.301389 0.009766 0.016667
0 0.931152 0.727315 0.010742 0.020370
0 0.460815 0.816898 0.008057 0.016204
0 0.602173 0.652083 0.007568 0.019907
0 0.609009 0.119213 0.007080 0.016204
0 0.223877 0.381944 0.008301 0.016667
0 0.034790 0.756713 0.014893 0.020833
0 0.121826 0.152778 0.010742 0.019444
0 0.524658 0.907870 0.006348 0.021296
0 0.236694 0.252083 0.008057 0.015278
0 0.004761 0.515509 0.009033 0.014352
0 0.704590 0.047685 0.007324 0.019444
0 0.971069 0.053704 0.008057 0.020370
0 0.576782 0.143750 0.007568 0.018056
0 0.573486 0.291204 0.006836 0.012963
0 0.871460 0.057407 0.007568 0.020370
0 0.563599 0.069676 0.009521 0.018056
0 0.875244 0.095833 0.007812 0.016667
0 0.885986 0.159491 0.008301 0.014352
0 0.223022 0.284028 0.008545 0.016204
0 0.277588 0.316204 0.004883 0.012963
0 0.020020 0.883565 0.015137 0.016204
0 0.620117 0.155324 0.005859 0.012500
0 0.910400 0.625694 0.011230 0.023611
0 0.712402 0.108333 0.009277 0.017593
0 0.526978 0.984491 0.011475 0.021759
0 0.606934 0.079167 0.008301 0.015741
0 0.058472 0.196759 0.011475 0.017593
0 0.033081 0.316204 0.010010 0.015741
0 0.110962 0.273611 0.012939 0.023148
0 0.345215 0.229861 0.009277 0.018981
0 0.907227 0.038426 0.007324 0.013889