0 0.026123 0.075231 0.025391 0.042130
0 0.016235 0.215278 0.022705 0.043519
0 0.155640 0.459028 0.022217 0.040278
0 0.175903 0.344213 0.021729 0.035648
0 0.138794 0.613657 0.026123 0.036574
0 0.123901 0.736343 0.027100 0.035648
0 0.086060 0.964352 0.027588 0.041667
0 0.241943 0.840046 0.020508 0.039352
0 0.245361 0.678935 0.017578 0.028241
0 0.270142 0.547685 0.018799 0.037037
0 0.273193 0.418287 0.020020 0.036574
0 0.296265 0.282870 0.019287 0.043519
0 0.191528 0.222222 0.022705 0.034259
0 0.318970 0.190741 0.016846 0.035185
0 0.336426 0.074306 0.016113 0.038426
0 0.462646 0.047222 0.015625 0.037037
0 0.468994 0.147222 0.020508 0.043519
0 0.442139 0.263194 0.018066 0.040278
0 0.431396 0.392130 0.014160 0.033333
0 0.424438 0.531713 0.017822 0.034722
0 0.402466 0.642593 0.019287 0.038889
0 0.387207 0.906481 0.015625 0.036111
0 0.496094 0.872454 0.016602 0.030093
0 0.517212 0.757870 0.022217 0.038889
0 0.540771 0.613194 0.017578 0.031944
0 0.546265 0.502778 0.017334 0.030556
0 0.564453 0.384028 0.017090 0.037500
0 0.558350 0.247917 0.018066 0.036574
0 0.579712 0.121065 0.017822 0.032870
0 0.585327 0.013889 0.018799 0.025926
0 0.663452 0.919213 0.020264 0.043056
0 0.690430 0.816667 0.019531 0.040741
0 0.789551 0.891898 0.023926 0.041204
0 0.800293 0.761111 0.025879 0.037037
0 0.824341 0.649306 0.021729 0.033796
0 0.690063 0.653472 0.021729 0.037500
0 0.823364 0.507407 0.014893 0.029630
0 0.822632 0.385880 0.016357 0.027315
0 0.723877 0.307176 0.019531 0.038426
0 0.848633 0.281944 0.019043 0.032407
0 0.852417 0.112963 0.019287 0.036111
0 0.746948 0.083796 0.011475 0.032407
0 0.871826 0.038194 0.023438 0.037500
0 0.883179 0.187269 0.017334 0.025463
0 0.993652 0.264120 0.010742 0.039352
0 0.988403 0.403935 0.021240 0.033796
0 0.987061 0.530556 0.015137 0.030556
0 0.974121 0.651389 0.028320 0.035185
0 0.971069 0.775231 0.030029 0.033796
0 0.950073 0.925926 0.025635 0.032407