0 0.008179 0.285648 0.014893 0.034259
0 0.039185 0.193750 0.022705 0.036574
0 0.050415 0.056019 0.015869 0.042593
0 0.213623 0.225231 0.021484 0.032870
0 0.190796 0.342593 0.018311 0.033333
0 0.166138 0.453472 0.019775 0.036574
0 0.146484 0.606019 0.025879 0.032407
0 0.125366 0.723611 0.023682 0.038889
0 0.277344 0.558565 0.019043 0.034722
0 0.285156 0.431713 0.017578 0.035648
0 0.249268 0.681944 0.014160 0.029630
0 0.237427 0.843287 0.019287 0.037500
0 0.079590 0.947685 0.022949 0.032407
0 0.380127 0.932407 0.013672 0.037037
0 0.408203 0.673843 0.017578 0.038426
0 0.431519 0.563194 0.018799 0.037500
0 0.444702 0.426389 0.014404 0.036111
0 0.313232 0.299306 0.017578 0.046759
0 0.459473 0.296759 0.017090 0.036111
0 0.338501 0.209259 0.015869 0.033333
0 0.362549 0.095833 0.015625 0.038889
0 0.489990 0.187731 0.020996 0.042130
0 0.487549 0.084491 0.013672 0.031944
0 0.489746 0.913657 0.015137 0.026389
0 0.515991 0.803704 0.019287 0.041667
0 0.544434 0.661343 0.016602 0.027315
0 0.553833 0.550463 0.017822 0.032407
0 0.575806 0.434954 0.017334 0.031944
0 0.576782 0.298380 0.017822 0.037500
0 0.602173 0.176157 0.017334 0.037500
0 0.611938 0.062731 0.017334 0.032870
0 0.769409 0.158102 0.014404 0.031944
0 0.740234 0.379861 0.020996 0.035648
0 0.919800 0.014815 0.031006 0.028704
0 0.898560 0.130556 0.025635 0.037963
0 0.877197 0.201620 0.021973 0.033796
0 0.905762 0.276157 0.016113 0.022685
0 0.867554 0.370602 0.020264 0.033796
0 0.835693 0.473611 0.016113 0.030556
0 0.994995 0.515972 0.008545 0.027315
0 0.828857 0.594213 0.012207 0.030093
0 0.993774 0.642130 0.010986 0.031481
0 0.978271 0.759954 0.028320 0.037500
0 0.825562 0.739120 0.024170 0.037500
0 0.798218 0.847222 0.025635 0.032407
0 0.969971 0.884028 0.032227 0.035648
0 0.782349 0.976389 0.025635 0.042593
0 0.653931 0.982639 0.018799 0.031019
0 0.685425 0.887037 0.020264 0.041667
0 0.692993 0.723843 0.020752 0.036574