0 0.004150 0.300463 0.006836 0.033333
0 0.260864 0.150000 0.019287 0.037037
0 0.220337 0.237731 0.017822 0.038426
0 0.173706 0.363889 0.024170 0.032407
0 0.135864 0.464352 0.026611 0.036111
0 0.055664 0.638889 0.021484 0.031481
0 0.218262 0.642824 0.020508 0.033796
0 0.010376 0.760185 0.018799 0.034259
0 0.130981 0.812269 0.026123 0.031944
0 0.087769 0.926389 0.027100 0.036111
0 0.293579 0.905787 0.015381 0.034722
0 0.400269 0.984259 0.017822 0.027778
0 0.333984 0.813194 0.015137 0.034722
0 0.444092 0.867130 0.008789 0.023148
0 0.404053 0.588657 0.018555 0.036574
0 0.257324 0.502778 0.014160 0.025926
0 0.304077 0.402778 0.018311 0.031481
0 0.333008 0.288194 0.017578 0.032870
0 0.380737 0.181944 0.018311 0.040741
0 0.301270 0.054167 0.019531 0.041667
0 0.419678 0.115046 0.015625 0.033796
0 0.461304 0.022222 0.015381 0.033333
0 0.581909 0.087269 0.013916 0.033796
0 0.566772 0.187037 0.019775 0.040741
0 0.518799 0.269676 0.016113 0.036574
0 0.628052 0.343981 0.017334 0.036111
0 0.482666 0.381481 0.017090 0.033333
0 0.605347 0.471065 0.017822 0.031944
0 0.445923 0.502083 0.016846 0.034722
0 0.563599 0.569213 0.016357 0.032870
0 0.534546 0.665509 0.017334 0.029167
0 0.483521 0.778009 0.016846 0.037500
0 0.628662 0.968750 0.019043 0.041204
0 0.663940 0.817593 0.019287 0.038889
0 0.741089 0.987500 0.023193 0.019444
0 0.789673 0.917593 0.020752 0.041667
0 0.820068 0.782639 0.020508 0.034722
0 0.845093 0.670602 0.016357 0.029167
0 0.770752 0.524769 0.021484 0.033796
0 0.838013 0.328935 0.014893 0.029167
0 0.674438 0.243750 0.019775 0.034722
0 0.702515 0.143287 0.020752 0.038426
0 0.741821 0.056019 0.018311 0.026852
0 0.993286 0.821065 0.011475 0.033796
0 0.894531 0.593287 0.022461 0.033796
0 0.944336 0.531713 0.022949 0.030093
0 0.932495 0.442593 0.026611 0.034259
0 0.965942 0.385185 0.029541 0.035185
0 0.971069 0.936574 0.016846 0.027778