0 0.017578 0.430556 0.011230 0.027778
0 0.099365 0.519907 0.011230 0.025926
0 0.201904 0.488657 0.006348 0.026389
0 0.220215 0.459491 0.009277 0.023611
0 0.247070 0.424306 0.006348 0.016204
0 0.327026 0.491667 0.010010 0.026852
0 0.347290 0.445602 0.006104 0.028241
0 0.358398 0.509491 0.008789 0.025463
0 0.419189 0.520139 0.014160 0.038426
0 0.421143 0.470139 0.007324 0.025463
0 0.376465 0.380787 0.005371 0.016204
0 0.523682 0.517361 0.007812 0.021759
0 0.513306 0.599306 0.012939 0.024537
0 0.557739 0.589583 0.011963 0.032870
0 0.598999 0.573843 0.016357 0.043056
0 0.613770 0.447454 0.014160 0.032870
0 0.720703 0.429630 0.007812 0.026852
0 0.716309 0.395370 0.008789 0.024074
0 0.721191 0.470370 0.012695 0.032407
0 0.731201 0.528704 0.005859 0.018519
0 0.738892 0.566435 0.017334 0.032870
0 0.718018 0.369444 0.006836 0.014815
0 0.725464 0.632176 0.014893 0.037500
0 0.781982 0.629167 0.014648 0.034259
0 0.834595 0.617130 0.020752 0.037037
0 0.806396 0.505324 0.007812 0.031944
0 0.823364 0.563194 0.010010 0.021759
0 0.802002 0.435648 0.012695 0.027778
0 0.843506 0.278009 0.008301 0.022685
0 0.704224 0.282407 0.006592 0.014815
0 0.703491 0.306944 0.004150 0.013889
0 0.988892 0.687269 0.014893 0.034722
0 0.958984 0.606944 0.011719 0.026852
0 0.935791 0.549769 0.010254 0.027315
0 0.932007 0.509259 0.013428 0.033333
0 0.449341 0.330324 0.007568 0.016204
0 0.300171 0.321759 0.004639 0.014815
0 0.252441 0.421065 0.007812 0.019907
0 0.542480 0.378241 0.009766 0.023148