0 0.281494 0.092593 0.008301 0.020370
0 0.334839 0.212731 0.008057 0.019907
0 0.329956 0.292593 0.009033 0.021296
0 0.322632 0.422685 0.009521 0.023148
0 0.248535 0.437269 0.010254 0.018981
0 0.207031 0.403472 0.009277 0.015278
0 0.208252 0.365741 0.008301 0.013889
0 0.216797 0.270139 0.009766 0.013426
0 0.144653 0.320139 0.009033 0.022685
0 0.125854 0.424769 0.011475 0.018056
0 0.118774 0.464583 0.008057 0.016204
0 0.107544 0.508565 0.010498 0.020833
0 0.104492 0.581713 0.014648 0.017130
0 0.249390 0.538194 0.009033 0.019907
0 0.200928 0.455787 0.009766 0.022685
0 0.030151 0.294213 0.010010 0.018056
0 0.337524 0.099074 0.008545 0.015741
0 0.336548 0.126620 0.007568 0.020833
0 0.272095 0.214352 0.008057 0.018519
0 0.260132 0.329167 0.010498 0.022222
0 0.230225 0.115509 0.007324 0.018056
0 0.228271 0.149306 0.009766 0.021759
0 0.313965 0.599306 0.009766 0.018981
0 0.324097 0.493519 0.009521 0.017593
0 0.378540 0.577315 0.006592 0.023148
0 0.370850 0.519444 0.006836 0.023148
0 0.379517 0.458565 0.007568 0.014352
0 0.382690 0.239352 0.007080 0.019444
0 0.385132 0.160648 0.007080 0.013889
0 0.373291 0.640278 0.007812 0.018519
0 0.450562 0.597454 0.010010 0.020833
0 0.446655 0.544676 0.007568 0.020833
0 0.447876 0.442130 0.006592 0.020370
0 0.447754 0.393750 0.006836 0.018056
0 0.445068 0.352778 0.007324 0.016667
0 0.442749 0.306250 0.007568 0.019907
0 0.449341 0.223611 0.006592 0.016667
0 0.449707 0.182407 0.007812 0.020370
0 0.448120 0.141667 0.006104 0.017593
0 0.442871 0.105324 0.007324 0.015278
0 0.445068 0.060185 0.007324 0.020370
0 0.490112 0.120602 0.007568 0.021759
0 0.490112 0.212963 0.007568 0.015741
0 0.492554 0.281481 0.007080 0.022222
0 0.498535 0.417593 0.008789 0.021296
0 0.502197 0.577546 0.008789 0.020833
0 0.452759 0.655787 0.008545 0.018056
0 0.506104 0.688426 0.005859 0.021296
0 0.504883 0.740278 0.009277 0.020370
0 0.454712 0.782639 0.010010 0.017130
0 0.364014 0.754398 0.009766 0.016204
0 0.364136 0.868981 0.010010 0.020370
0 0.306152 0.711574 0.010742 0.021296
0 0.230347 0.758565 0.009521 0.021759
0 0.232544 0.689352 0.009521 0.017593
0 0.178101 0.673843 0.011475 0.018056
0 0.094604 0.692130 0.011475 0.019444
0 0.075439 0.751389 0.018066 0.020370
0 0.073608 0.820833 0.013428 0.017593
0 0.215332 0.826389 0.012695 0.018519
0 0.227783 0.890046 0.008301 0.018056
0 0.293579 0.919676 0.012939 0.019907
0 0.294922 0.987731 0.012695 0.019907
0 0.457642 0.845370 0.007568 0.021296
0 0.056030 0.956250 0.013428 0.018981
0 0.574585 0.456713 0.007568 0.018056
0 0.573120 0.510648 0.006104 0.016667
0 0.585083 0.607639 0.007080 0.021759
0 0.591187 0.728472 0.009521 0.019907
0 0.599854 0.853704 0.007324 0.017593
0 0.599854 0.926852 0.010742 0.017593
0 0.636230 0.631250 0.009766 0.018056
0 0.627563 0.427546 0.010010 0.020833
0 0.612183 0.339120 0.006592 0.017130
0 0.599365 0.238889 0.008301 0.019444
0 0.301147 0.843981 0.010986 0.015741
0 0.305786 0.778935 0.011475 0.019907
0 0.507446 0.872917 0.007568 0.017130
0 0.553589 0.122222 0.005615 0.014815
0 0.560669 0.194213 0.005127 0.017130
0 0.717896 0.668519 0.008057 0.021296
0 0.655518 0.818056 0.009277 0.017593
0 0.661499 0.882870 0.007568 0.016667
0 0.664062 0.956481 0.009766 0.019444
0 0.745972 0.992130 0.011963 0.015741
0 0.738159 0.858102 0.010010 0.019907
0 0.728760 0.783102 0.009277 0.021759
0 0.727661 0.725926 0.011963 0.021296
0 0.705200 0.558102 0.009033 0.016204
0 0.755249 0.530556 0.008545 0.022222
0 0.747559 0.476389 0.007812 0.012037
0 0.735718 0.390046 0.012939 0.022685
0 0.695435 0.397917 0.010010 0.023611
0 0.683960 0.372454 0.008057 0.014352
0 0.617065 0.478009 0.006592 0.019907
0 0.631958 0.531019 0.005615 0.014815
0 0.809448 0.940046 0.012939 0.019907
0 0.801514 0.875463 0.011719 0.021296
0 0.785156 0.754861 0.012695 0.019907
0 0.769775 0.682407 0.008789 0.025000
0 0.755859 0.569676 0.008301 0.017130
0 0.819580 0.464815 0.007812 0.015741
0 0.815308 0.421759 0.009521 0.015741
0 0.805786 0.368056 0.008057 0.017593
0 0.861206 0.425694 0.005127 0.023611
0 0.828125 0.513657 0.007324 0.021759
0 0.833618 0.562731 0.007080 0.020833
0 0.844116 0.624769 0.009033 0.018981
0 0.850952 0.673148 0.010010 0.021296
0 0.855225 0.745833 0.008789 0.015741
0 0.874268 0.864120 0.011230 0.018981
0 0.897705 0.930324 0.013672 0.019907
0 0.957642 0.959028 0.015381 0.023611
0 0.954590 0.893519 0.010742 0.017593
0 0.919922 0.756944 0.013672 0.019444
0 0.915527 0.698843 0.010742 0.019907
0 0.984131 0.718287 0.012207 0.018981
0 0.976807 0.656250 0.009766 0.020833
0 0.956787 0.585185 0.010742 0.021296
0 0.943604 0.494213 0.012207 0.018981
0 0.933350 0.442593 0.012207 0.017593
0 0.959595 0.362963 0.008057 0.019444
0 0.827026 0.251389 0.009033 0.021296
0 0.790527 0.278704 0.008789 0.018519
0 0.722778 0.296759 0.007080 0.015741
0 0.726318 0.344676 0.007812 0.015278
0 0.674927 0.285648 0.008545 0.020370
0 0.652466 0.058333 0.007568 0.019444
0 0.697632 0.100231 0.007568 0.019907
0 0.757935 0.021759 0.007568 0.013889
0 0.875488 0.182176 0.007812 0.017130
0 0.907715 0.338426 0.009277 0.017593
0 0.930176 0.236343 0.006348 0.018981
0 0.901855 0.083796 0.008301 0.024074
0 0.659546 0.089815 0.006592 0.020370
0 0.599243 0.140972 0.006104 0.015278
0 0.781616 0.199769 0.006592 0.018981
0 0.807007 0.141667 0.009033 0.018519
0 0.820801 0.169676 0.007812 0.023611
0 0.957275 0.322454 0.011230 0.018056
0 0.572144 0.407870 0.008057 0.017593
0 0.569458 0.358333 0.009033 0.016667
0 0.565308 0.316667 0.007080 0.018519
0 0.068359 0.097917 0.006836 0.013426
0 0.079346 0.010185 0.006836 0.013889
0 0.117676 0.094907 0.009766 0.018519
0 0.068848 0.436574 0.008789 0.013889
0 0.078003 0.346065 0.010498 0.014352
0 0.147583 0.241667 0.008545 0.015741
0 0.155518 0.190278 0.008789 0.017593
0 0.160034 0.153009 0.006104 0.016204
0 0.099487 0.633102 0.009521 0.017130
0 0.051514 0.550231 0.008301 0.015278
0 0.032593 0.666435 0.011963 0.018056
0 0.149780 0.926389 0.011963 0.020370
0 0.155273 0.864815 0.009766 0.016667
0 0.178467 0.742824 0.010254 0.015278
0 0.216797 0.311111 0.008301 0.013889
0 0.215210 0.224537 0.006104 0.019444
0 0.278076 0.128241 0.007324 0.016667
0 0.272949 0.171759 0.004883 0.015741
0 0.316772 0.546759 0.008057 0.020370
0 0.324097 0.351620 0.006104 0.015278
0 0.345947 0.016204 0.008789 0.023148
0 0.387817 0.011574 0.007080 0.022222
0 0.507080 0.801852 0.006348 0.014815
0 0.367188 0.808333 0.007324 0.017593
0 0.447021 0.720139 0.004883 0.014352
0 0.503174 0.624074 0.007324 0.016667
0 0.498169 0.517593 0.005615 0.016667
0 0.497314 0.470833 0.006836 0.017593
0 0.582275 0.565509 0.006348 0.015278
0 0.638306 0.687731 0.008545 0.019907
0 0.645142 0.761574 0.008545 0.018519
0 0.748779 0.926852 0.007812 0.016667
0 0.683228 0.314583 0.007568 0.018056
0 0.662720 0.164815 0.006592 0.017593
0 0.700684 0.143981 0.007324 0.015741
0 0.604248 0.208796 0.005859 0.017593
0 0.592773 0.068056 0.006348 0.017593
0 0.654663 0.018519 0.008057 0.019444
0 0.683350 0.033796 0.006348 0.018519
0 0.694580 0.060648 0.004883 0.020370
0 0.739746 0.426157 0.006836 0.016204
0 0.899536 0.636574 0.008057 0.014815
0 0.869873 0.487037 0.010254 0.017593
0 0.845947 0.345139 0.008789 0.017130
0 0.825806 0.217130 0.005615 0.019444
0 0.791748 0.036343 0.007324 0.017130
0 0.985352 0.150926 0.008301 0.019444
0 0.967896 0.073380 0.009033 0.023611
0 0.895264 0.055324 0.004395 0.018056
0 0.877808 0.153241 0.006592 0.018519
0 0.906372 0.294444 0.010498 0.014815
0 0.988647 0.453704 0.011963 0.016667
0 0.156738 0.995139 0.009277 0.009722
0 0.244873 0.584954 0.008789 0.017130
0 0.283813 0.028472 0.007568 0.017130
0 0.453003 0.967593 0.010010 0.019444
0 0.366821 0.686806 0.009033 0.020833
0 0.612061 0.294213 0.004395 0.017130
0 0.557983 0.156250 0.005615 0.017130
0 0.447510 0.008102 0.008301 0.015278
0 0.921509 0.402778 0.005615 0.014815
0 0.860962 0.105556 0.005127 0.013889
0 0.992676 0.184954 0.009277 0.021759
0 0.009888 0.386806 0.006592 0.014352
0 0.238281 0.640972 0.010254 0.018056
0 0.183594 0.611574 0.010742 0.019444
0 0.772583 0.629630 0.011475 0.015741
0 0.192993 0.565509 0.008545 0.016204
0 0.331421 0.387269 0.007080 0.016204
0 0.379761 0.324537 0.008057 0.016667
0 0.491333 0.059954 0.006592 0.018981
0 0.696167 0.460417 0.008057 0.021759
0 0.093506 0.302083 0.007812 0.013426
0 0.494141 0.378009 0.008301 0.017130
0 0.019043 0.781250 0.013672 0.013426
0 0.009277 0.855093 0.005859 0.015741
0 0.002930 0.920833 0.005371 0.016667
0 0.668457 0.237731 0.008301 0.014352