0 0.021484 0.072222 0.020020 0.040741
0 0.014404 0.214815 0.025391 0.041667
0 0.198364 0.105787 0.007080 0.027315
0 0.191284 0.220833 0.025146 0.036111
0 0.335571 0.070370 0.015381 0.041667
0 0.316162 0.190741 0.014648 0.036111
0 0.295410 0.281019 0.020020 0.050926
0 0.174805 0.343056 0.021973 0.036111
0 0.271484 0.415509 0.019531 0.039352
0 0.153809 0.456019 0.025879 0.044444
0 0.268921 0.547685 0.020752 0.035185
0 0.246826 0.676852 0.017090 0.033333
0 0.138306 0.610185 0.024658 0.037037
0 0.124512 0.734722 0.024414 0.039815
0 0.239380 0.837500 0.020752 0.038889
0 0.099365 0.840278 0.015625 0.032407
0 0.084229 0.961574 0.027832 0.035185
0 0.385376 0.904630 0.014893 0.041667
0 0.390991 0.782639 0.012939 0.033796
0 0.402588 0.640509 0.019531 0.039352
0 0.485962 0.995602 0.017334 0.008796
0 0.495483 0.872454 0.016357 0.031019
0 0.516113 0.754861 0.020996 0.042130
0 0.538696 0.611574 0.017822 0.031481
0 0.423218 0.528009 0.016846 0.039352
0 0.543701 0.500694 0.017578 0.035648
0 0.429565 0.388426 0.012451 0.035185
0 0.562622 0.381481 0.019287 0.037963
0 0.441650 0.261574 0.019043 0.039815
0 0.557007 0.245833 0.018311 0.040741
0 0.468018 0.145139 0.021973 0.044907
0 0.578369 0.118287 0.017090 0.031019
0 0.461060 0.046065 0.015869 0.033796
0 0.584351 0.015278 0.016357 0.029630
0 0.744751 0.078935 0.015381 0.029167
0 0.735840 0.161574 0.011230 0.030556
0 0.724243 0.303472 0.019287 0.038426
0 0.717651 0.416667 0.008545 0.025000
0 0.699463 0.538657 0.006836 0.011574
0 0.688354 0.651620 0.023193 0.042130
0 0.688110 0.814120 0.023193 0.041204
0 0.662231 0.916667 0.021240 0.041667
0 0.787476 0.890972 0.027100 0.043981
0 0.953247 0.926389 0.026611 0.039815
0 0.798096 0.756944 0.020508 0.037037
0 0.971680 0.770370 0.022949 0.036111
0 0.820801 0.643750 0.024902 0.036574
0 0.972290 0.648148 0.026123 0.032407
0 0.986450 0.528009 0.015869 0.031019
0 0.821899 0.504861 0.019287 0.034722
0 0.989136 0.399769 0.021729 0.037500
0 0.821533 0.383102 0.020020 0.033796
0 0.849609 0.277315 0.016602 0.032407
0 0.992310 0.262037 0.015381 0.041667
0 0.882568 0.182870 0.019043 0.035185
0 0.852051 0.109028 0.023438 0.036574
0 0.868652 0.036343 0.023438 0.043056
0 0.207886 0.003472 0.010010 0.006019