0 0.154785 0.192130 0.011719 0.014815
0 0.148193 0.241204 0.007324 0.015741
0 0.144287 0.323148 0.009277 0.024074
0 0.123535 0.425231 0.011230 0.018056
0 0.118774 0.468750 0.010498 0.017130
0 0.106567 0.512037 0.010498 0.021296
0 0.103516 0.583333 0.012207 0.014815
0 0.095825 0.637269 0.010010 0.018981
0 0.094727 0.695370 0.013184 0.015741
0 0.073975 0.753009 0.012207 0.018981
0 0.176514 0.746296 0.009277 0.015741
0 0.177612 0.677546 0.011475 0.018056
0 0.230835 0.692824 0.009521 0.017130
0 0.248047 0.543981 0.008301 0.020370
0 0.247681 0.440741 0.010010 0.024074
0 0.199829 0.459722 0.008545 0.013889
0 0.205688 0.407407 0.005615 0.015741
0 0.207886 0.369213 0.010010 0.018056
0 0.216919 0.272222 0.009521 0.014815
0 0.228394 0.152546 0.007568 0.018056
0 0.229980 0.118056 0.006836 0.017593
0 0.281860 0.095602 0.007080 0.019907
0 0.276611 0.128241 0.006836 0.013889
0 0.270996 0.215741 0.007812 0.017593
0 0.272705 0.174306 0.004395 0.018981
0 0.260254 0.333102 0.009277 0.022685
0 0.321167 0.422685 0.010010 0.025000
0 0.329102 0.292593 0.008301 0.017593
0 0.333862 0.214815 0.006592 0.015741
0 0.382080 0.242593 0.006836 0.018519
0 0.384644 0.162500 0.006104 0.014815
0 0.337402 0.130324 0.007324 0.019907
0 0.337402 0.100000 0.006348 0.017593
0 0.450317 0.183796 0.006592 0.014815
0 0.447266 0.140972 0.004883 0.016204
0 0.442505 0.107407 0.006592 0.017593
0 0.444214 0.063889 0.006592 0.023148
0 0.488892 0.121759 0.007080 0.016667
0 0.489746 0.213657 0.005371 0.011574
0 0.449463 0.225694 0.006348 0.018981
0 0.443237 0.308796 0.006104 0.021296
0 0.444824 0.355093 0.006836 0.016667
0 0.449341 0.396296 0.006104 0.014815
0 0.447876 0.445602 0.007080 0.017130
0 0.379395 0.462037 0.007812 0.015741
0 0.369507 0.520833 0.006104 0.022222
0 0.377441 0.580324 0.007324 0.020833
0 0.372314 0.642361 0.008301 0.017130
0 0.363159 0.756944 0.009033 0.014815
0 0.305786 0.715046 0.011475 0.020833
0 0.312988 0.603009 0.010254 0.021759
0 0.449707 0.601852 0.007812 0.020370
0 0.446411 0.546528 0.007568 0.018981
0 0.452271 0.659722 0.008057 0.017593
0 0.503906 0.743287 0.007324 0.020833
0 0.505737 0.688657 0.005615 0.018981
0 0.503174 0.577546 0.008301 0.018056
0 0.497803 0.419444 0.008301 0.018519
0 0.492432 0.280787 0.007812 0.019907
0 0.574829 0.460417 0.007080 0.017130
0 0.572876 0.512500 0.007568 0.015741
0 0.584595 0.609491 0.006592 0.018056
0 0.590576 0.731250 0.007812 0.019907
0 0.635376 0.634491 0.008545 0.019907
0 0.630737 0.535417 0.005615 0.018056
0 0.626953 0.430556 0.008301 0.024074
0 0.617554 0.481250 0.007080 0.018981
0 0.611450 0.341435 0.006104 0.014352
0 0.598999 0.241435 0.009033 0.018981
0 0.598511 0.144213 0.004639 0.021759
0 0.560669 0.194676 0.004639 0.016204
0 0.552979 0.124769 0.006836 0.018981
0 0.030273 0.295833 0.009766 0.020370
0 0.229126 0.760417 0.010498 0.025463
0 0.215698 0.830556 0.013428 0.014815
0 0.072754 0.822917 0.012695 0.019907
0 0.054932 0.959028 0.013672 0.017130
0 0.147461 0.930093 0.012207 0.015741
0 0.292969 0.990509 0.011719 0.018981
0 0.293213 0.924769 0.013184 0.019907
0 0.298950 0.847222 0.010010 0.024074
0 0.304321 0.780324 0.009033 0.020833
0 0.363403 0.871296 0.009521 0.019444
0 0.456055 0.848843 0.007324 0.020833
0 0.599854 0.930093 0.010254 0.022222
0 0.598999 0.858102 0.006592 0.017130
0 0.655029 0.821296 0.009766 0.019444
0 0.663696 0.961343 0.010498 0.020833
0 0.745850 0.993287 0.009277 0.013426
0 0.738281 0.862731 0.010254 0.019907
0 0.727417 0.787500 0.010498 0.023148
0 0.716431 0.671991 0.010498 0.018981
0 0.770142 0.685417 0.009521 0.025463
0 0.784424 0.758565 0.011230 0.018056
0 0.799561 0.881019 0.010742 0.023148
0 0.807983 0.942824 0.011475 0.021759
0 0.873169 0.865509 0.010986 0.022685
0 0.897339 0.934491 0.013916 0.021759
0 0.956909 0.962269 0.014404 0.025463
0 0.953491 0.896991 0.010986 0.017130
0 0.983521 0.722917 0.013428 0.018056
0 0.920288 0.761343 0.012451 0.017130
0 0.915527 0.701157 0.011719 0.018981
0 0.850952 0.675463 0.010010 0.022222
0 0.844482 0.625000 0.009277 0.020370
0 0.819580 0.468287 0.007324 0.018056
0 0.755981 0.529861 0.009033 0.018981
0 0.756836 0.574074 0.007324 0.021296
0 0.703613 0.562500 0.010254 0.018519
0 0.735596 0.394213 0.011230 0.025463
0 0.725830 0.346759 0.008301 0.018519
0 0.721924 0.297917 0.007324 0.016204
0 0.674805 0.288889 0.008301 0.023148
0 0.684570 0.375000 0.007812 0.014815
0 0.695312 0.400000 0.009277 0.024074
0 0.791016 0.279398 0.007812 0.015278
0 0.827148 0.253009 0.008789 0.020833
0 0.814331 0.427315 0.006592 0.022222
0 0.807129 0.368287 0.004395 0.018056
0 0.907593 0.340972 0.006592 0.016204
0 0.933105 0.445139 0.011230 0.019907
0 0.943848 0.496528 0.011719 0.019907
0 0.957520 0.324769 0.012207 0.020833
0 0.960327 0.366667 0.010010 0.023148
0 0.977173 0.658102 0.009521 0.020833
0 0.746582 0.480324 0.007812 0.018981
0 0.567871 0.357407 0.005371 0.012963
0 0.572021 0.410880 0.009277 0.020833
0 0.563721 0.315741 0.009277 0.017593
0 0.783447 0.199537 0.009277 0.016667
0 0.807983 0.144213 0.007080 0.016204
0 0.819824 0.174769 0.008789 0.021759
0 0.876099 0.183102 0.009521 0.018056
0 0.930176 0.236806 0.008789 0.019907
0 0.659302 0.090046 0.007080 0.020833
0 0.696777 0.100231 0.007812 0.019907
0 0.076782 0.350463 0.007568 0.013889
0 0.069946 0.442130 0.010010 0.016667
0 0.051514 0.553009 0.008301 0.017130
0 0.183350 0.614583 0.010742 0.019907
0 0.216431 0.313657 0.007568 0.013426
0 0.229370 0.193287 0.006104 0.018056
0 0.243774 0.589120 0.010010 0.016204
0 0.225830 0.893750 0.008301 0.019907
0 0.315918 0.547222 0.008301 0.015741
0 0.324341 0.496991 0.007080 0.017130
0 0.331421 0.389120 0.006592 0.017130
0 0.324219 0.354630 0.006836 0.015741
0 0.344604 0.016898 0.006592 0.023611
0 0.387085 0.014120 0.007080 0.023611
0 0.078613 0.010648 0.008301 0.014815
0 0.069580 0.104167 0.008301 0.019444
0 0.009644 0.389120 0.006104 0.010648
0 0.379639 0.327778 0.007324 0.020370
0 0.454346 0.786343 0.009277 0.021759
0 0.451294 0.971296 0.009521 0.018519
0 0.502319 0.628935 0.007080 0.015278
0 0.505859 0.807176 0.006836 0.014352
0 0.499390 0.518519 0.005127 0.019444
0 0.498291 0.474074 0.007812 0.016667
0 0.612305 0.298148 0.005371 0.016667
0 0.604492 0.212037 0.006348 0.020370
0 0.601440 0.183796 0.004639 0.015741
0 0.491455 0.062731 0.007812 0.018056
0 0.559326 0.089352 0.005371 0.014815
0 0.593384 0.070370 0.007568 0.016667
0 0.652100 0.062037 0.007812 0.020370
0 0.654175 0.019907 0.007080 0.021296
0 0.663574 0.165972 0.004395 0.015278
0 0.682251 0.317130 0.008057 0.023148
0 0.699951 0.147222 0.006348 0.019444
0 0.683594 0.035417 0.006836 0.018056
0 0.694580 0.062731 0.005859 0.020833
0 0.670044 0.240741 0.006104 0.020370
0 0.728394 0.731944 0.011475 0.017593
0 0.643677 0.764352 0.009033 0.019444
0 0.637817 0.692130 0.008057 0.020370
0 0.660034 0.884259 0.005615 0.019444
0 0.747559 0.931944 0.008789 0.020370
0 0.854980 0.749537 0.009277 0.017593
0 0.833740 0.562500 0.007324 0.021296
0 0.827393 0.517824 0.006836 0.021759
0 0.869507 0.487037 0.010498 0.017593
0 0.860474 0.425463 0.005615 0.021296
0 0.825073 0.218981 0.005615 0.019444
0 0.905762 0.295602 0.008789 0.017130
0 0.757080 0.025926 0.008301 0.013889
0 0.989014 0.455787 0.010742 0.018056
0 0.956421 0.587731 0.010010 0.023611
0 0.921875 0.405556 0.006348 0.015741
0 0.992188 0.187037 0.009277 0.019444
0 0.967529 0.074074 0.008301 0.017593