0 0.074097 0.069907 0.022217 0.045370
0 0.032471 0.149769 0.030762 0.050463
0 0.264526 0.040278 0.008057 0.024074
0 0.244873 0.147222 0.022461 0.039815
0 0.401245 0.059722 0.016357 0.037963
0 0.368774 0.165046 0.016357 0.034722
0 0.338379 0.245833 0.020020 0.044444
0 0.216064 0.257407 0.019531 0.033333
0 0.182495 0.358565 0.021729 0.042130
0 0.299927 0.371296 0.019775 0.040741
0 0.457520 0.408102 0.014648 0.036574
0 0.283813 0.492824 0.019287 0.034722
0 0.149292 0.500231 0.025146 0.029167
0 0.434204 0.541435 0.018311 0.038426
0 0.401855 0.641898 0.019531 0.043056
0 0.246460 0.610417 0.017334 0.032870
0 0.121582 0.615972 0.025391 0.043981
0 0.221436 0.762269 0.022461 0.041204
0 0.376099 0.770602 0.013916 0.029167
0 0.087158 0.706019 0.018066 0.032407
0 0.059082 0.818056 0.029785 0.037037
0 0.354126 0.888657 0.014893 0.039352
0 0.327271 0.987037 0.018799 0.025926
0 0.022339 0.961806 0.030518 0.043056
0 0.152832 0.963426 0.031250 0.040741
0 0.466187 0.901389 0.019287 0.025926
0 0.659424 0.930787 0.019043 0.042130
0 0.774292 0.923148 0.025146 0.040741
0 0.812866 0.823380 0.021729 0.035648
0 0.680664 0.772917 0.023438 0.042130
0 0.498169 0.798148 0.020264 0.039815
0 0.538208 0.667593 0.018311 0.032407
0 0.703857 0.663426 0.009766 0.014815
0 0.735596 0.555556 0.006836 0.028704
0 0.555420 0.559491 0.016113 0.032870
0 0.586548 0.453704 0.020752 0.036111
0 0.753418 0.445139 0.022461 0.042130
0 0.597778 0.320370 0.018311 0.040741
0 0.480835 0.286574 0.018311 0.037963
0 0.782471 0.308102 0.012695 0.030093
0 0.800293 0.229167 0.014160 0.035185
0 0.630859 0.204861 0.017578 0.035648
0 0.648926 0.095602 0.020020 0.049537
0 0.526123 0.079861 0.013184 0.032870
0 0.521484 0.186111 0.022461 0.044444
0 0.840332 0.103935 0.011230 0.026389
0 0.960693 0.120370 0.029785 0.043519
0 0.929810 0.235185 0.031494 0.037963
0 0.906006 0.305324 0.028320 0.041204
0 0.925293 0.390741 0.016113 0.030556
0 0.880981 0.469907 0.021240 0.035185
0 0.842529 0.561343 0.019531 0.034722
0 0.995361 0.647222 0.009277 0.044444
0 0.827026 0.678704 0.016357 0.035185
0 0.986816 0.776157 0.020996 0.040278
0 0.958496 0.885185 0.027344 0.042593
0 0.940796 0.992361 0.026123 0.013426
0 0.002930 0.384259 0.005371 0.016667
0 0.001953 0.257870 0.003418 0.011111