0 0.289307 0.171759 0.009766 0.020370
0 0.344604 0.301620 0.008057 0.019907
0 0.338989 0.387731 0.008057 0.025463
0 0.331909 0.532407 0.008545 0.025000
0 0.254761 0.547222 0.012451 0.023148
0 0.211304 0.515972 0.010498 0.022685
0 0.213989 0.465741 0.010986 0.021296
0 0.222290 0.366204 0.011475 0.022222
0 0.146118 0.420139 0.010498 0.022685
0 0.126831 0.532639 0.011475 0.018056
0 0.119751 0.577546 0.010986 0.020833
0 0.109985 0.628009 0.013428 0.025463
0 0.103882 0.708102 0.015869 0.020833
0 0.255859 0.657870 0.009277 0.020370
0 0.205200 0.565509 0.011963 0.022685
0 0.027588 0.393519 0.011719 0.018519
0 0.347534 0.180787 0.010986 0.021759
0 0.346069 0.213657 0.012451 0.023611
0 0.278931 0.305556 0.008057 0.018519
0 0.265991 0.434491 0.010498 0.021759
0 0.236450 0.198380 0.009521 0.018981
0 0.231567 0.234491 0.010010 0.021759
0 0.323853 0.730324 0.013428 0.023611
0 0.334106 0.611806 0.009521 0.022685
0 0.391724 0.705324 0.010010 0.018981
0 0.384277 0.643056 0.006836 0.023148
0 0.391724 0.577778 0.007568 0.017593
0 0.394409 0.330556 0.008057 0.021296
0 0.396240 0.244676 0.007812 0.017130
0 0.386963 0.773148 0.007812 0.018519
0 0.467773 0.726389 0.010742 0.020370
0 0.463135 0.662963 0.011230 0.021296
0 0.463745 0.551389 0.006592 0.020370
0 0.463867 0.498148 0.010254 0.019444
0 0.458862 0.453935 0.007568 0.017130
0 0.458618 0.408565 0.007568 0.019907
0 0.463867 0.317361 0.008301 0.019907
0 0.463135 0.270370 0.011230 0.021296
0 0.461426 0.225926 0.008789 0.016667
0 0.456421 0.186343 0.008545 0.021759
0 0.458496 0.139352 0.007324 0.020370
0 0.504395 0.204167 0.008789 0.021296
0 0.506714 0.299537 0.007568 0.015741
0 0.509888 0.375231 0.010010 0.018981
0 0.514526 0.526157 0.008545 0.021759
0 0.520508 0.698843 0.008789 0.020833
0 0.470093 0.786343 0.008545 0.018056
0 0.526123 0.821296 0.010254 0.019444
0 0.523804 0.880093 0.009521 0.019444
0 0.472046 0.925000 0.010498 0.020370
0 0.377808 0.900463 0.010498 0.018519
0 0.316895 0.850694 0.011719 0.024537
0 0.237549 0.905093 0.012207 0.023148
0 0.239258 0.825926 0.009766 0.019444
0 0.181519 0.808333 0.013916 0.021296
0 0.093384 0.830093 0.011475 0.019444
0 0.072876 0.900231 0.017822 0.033796
0 0.219971 0.979167 0.014648 0.024074
0 0.475098 0.990741 0.008301 0.018519
0 0.596436 0.570370 0.010254 0.019444
0 0.594727 0.626620 0.007812 0.017130
0 0.609009 0.734259 0.005127 0.018519
0 0.615479 0.862963 0.009766 0.019444
0 0.623413 0.990046 0.010010 0.018981
0 0.662109 0.760417 0.009766 0.018056
0 0.650269 0.537963 0.011475 0.023148
0 0.633911 0.441435 0.006592 0.017130
0 0.619629 0.333796 0.009277 0.022222
0 0.315430 0.928935 0.010254 0.018981
0 0.571533 0.204398 0.006836 0.016204
0 0.578003 0.280324 0.007568 0.022685
0 0.747314 0.802778 0.010254 0.022222
0 0.683472 0.970139 0.011475 0.021759
0 0.761719 0.932407 0.010254 0.023148
0 0.760864 0.869907 0.011963 0.021296
0 0.733276 0.678241 0.008545 0.020370
0 0.785889 0.648148 0.009277 0.022222
0 0.775146 0.584954 0.007324 0.014352
0 0.762695 0.494907 0.011719 0.022222
0 0.722778 0.502083 0.010010 0.023611
0 0.711060 0.476157 0.008545 0.016204
0 0.641968 0.592361 0.009033 0.020833
0 0.655518 0.649537 0.005859 0.018519
0 0.819946 0.898843 0.012939 0.024537
0 0.804932 0.815278 0.009766 0.023148
0 0.788452 0.693056 0.010986 0.020370
0 0.851929 0.577778 0.009033 0.017593
0 0.846069 0.528472 0.010498 0.017130
0 0.839233 0.468981 0.008057 0.017593
0 0.894287 0.520139 0.009277 0.028241
0 0.859375 0.633333 0.011230 0.023148
0 0.869507 0.685417 0.010986 0.020833
0 0.878784 0.749306 0.009033 0.018981
0 0.888062 0.806019 0.011963 0.022222
0 0.892456 0.885185 0.010986 0.021296
0 0.962280 0.898148 0.012451 0.024074
0 0.957275 0.837731 0.013672 0.023611
0 0.983154 0.606250 0.014160 0.018981
0 0.969727 0.550694 0.012695 0.018056
0 0.858032 0.342130 0.009033 0.021296
0 0.819702 0.371065 0.011963 0.022685
0 0.749634 0.389583 0.008545 0.018981
0 0.754395 0.443056 0.009766 0.022222
0 0.699097 0.377315 0.008545 0.020370
0 0.672607 0.131944 0.010254 0.019444
0 0.720947 0.178241 0.007324 0.023148
0 0.779907 0.095139 0.007568 0.014352
0 0.907959 0.268056 0.010254 0.019444
0 0.943481 0.440741 0.012451 0.017593
0 0.964600 0.323843 0.011719 0.022685
0 0.931396 0.160648 0.008301 0.024074
0 0.618896 0.221759 0.011719 0.022222
0 0.809082 0.281944 0.010254 0.020370
0 0.835327 0.220370 0.009033 0.018519
0 0.849609 0.250926 0.008301 0.019444
0 0.993896 0.423380 0.011230 0.018056
0 0.593140 0.515972 0.011475 0.021759
0 0.589233 0.462037 0.008057 0.018519
0 0.585083 0.416204 0.008545 0.023148
0 0.066772 0.180787 0.009521 0.016204
0 0.078979 0.081250 0.008057 0.015278
0 0.067383 0.551389 0.011230 0.021296
0 0.149902 0.333565 0.010254 0.020833
0 0.155884 0.277083 0.010986 0.018981
0 0.097046 0.765972 0.009521 0.017130
0 0.182007 0.887269 0.011963 0.022685
0 0.284668 0.212037 0.007324 0.016667
0 0.279907 0.257176 0.004639 0.017130
0 0.326172 0.665741 0.009766 0.018519
0 0.333984 0.450463 0.011230 0.021296
0 0.354248 0.091204 0.008789 0.023148
0 0.398804 0.087269 0.010498 0.019907
0 0.521729 0.750926 0.007324 0.016667
0 0.517822 0.640509 0.006836 0.019907
0 0.515015 0.581019 0.008057 0.018519
0 0.664062 0.824537 0.009277 0.023148
0 0.674316 0.906944 0.009766 0.020370
0 0.706909 0.415509 0.010498 0.019907
0 0.685913 0.249306 0.006592 0.018056
0 0.720825 0.228009 0.008545 0.018056
0 0.624878 0.297917 0.008545 0.018056
0 0.673584 0.090972 0.008789 0.024537
0 0.904663 0.598148 0.012939 0.018519
0 0.880493 0.446065 0.010010 0.017130
0 0.856201 0.305787 0.006836 0.021759
0 0.815918 0.104398 0.007324 0.017130
0 0.938354 0.393287 0.010010 0.013426
0 0.251343 0.706250 0.015381 0.029167
0 0.289185 0.102546 0.007568 0.017130
0 0.379517 0.823843 0.009033 0.020833
0 0.635132 0.392130 0.008057 0.021296
0 0.460693 0.082639 0.008301 0.014352
0 0.957397 0.500231 0.009033 0.017130
0 0.244995 0.771065 0.009521 0.016204
0 0.802002 0.756250 0.012207 0.018981
0 0.343018 0.495139 0.008789 0.018056
0 0.391113 0.419213 0.008789 0.024537
0 0.506226 0.134954 0.006592 0.018981
0 0.722534 0.569213 0.010010 0.019907
0 0.511108 0.483102 0.007568 0.021759
0 0.077515 0.448380 0.010010 0.018981
0 0.092041 0.403009 0.011230 0.019907
0 0.690674 0.321296 0.009766 0.016667
0 0.937256 0.762500 0.010742 0.020370
0 0.463623 0.857870 0.009277 0.017593
0 0.604858 0.683565 0.007568 0.019907
0 0.612305 0.144676 0.005859 0.018981
0 0.234985 0.276157 0.009033 0.021759
0 0.977173 0.073611 0.008057 0.020370
0 0.576660 0.322222 0.006836 0.012963
0 0.566528 0.093287 0.009521 0.018056
0 0.880127 0.116667 0.007812 0.016667
0 0.220337 0.315278 0.009521 0.020370
0 0.278076 0.344676 0.007324 0.018981
0 0.622925 0.180787 0.010498 0.019907
0 0.917480 0.651157 0.011230 0.023611
0 0.609375 0.101852 0.008301 0.015741
0 0.911133 0.056019 0.007324 0.013889
0 0.161743 0.237269 0.005615 0.014352
0 0.765747 0.028009 0.010010 0.018981
0 0.124878 0.480787 0.006104 0.014352
0 0.052002 0.671065 0.014648 0.027315
0 0.380371 0.960185 0.010742 0.020370
0 0.821045 0.140278 0.009277 0.019444
0 0.221436 0.414583 0.010742 0.017130
0 0.797119 0.013657 0.010254 0.015278
0 0.995239 0.466435 0.009521 0.027315
0 0.927612 0.348843 0.009521 0.018981
0 0.070801 0.973380 0.016602 0.023611
0 0.318848 0.794676 0.010742 0.018981
0 0.309570 0.991898 0.013184 0.016204
0 0.995850 0.147685 0.008301 0.023148
0 0.198730 0.688194 0.015137 0.018981
0 0.500000 0.042593 0.007812 0.019444
0 0.248291 0.006713 0.009766 0.012500
0 0.119141 0.177778 0.008789 0.017593
0 0.034424 0.348843 0.017090 0.022685
0 0.576660 0.167593 0.011719 0.014815
0 0.620972 0.270602 0.008545 0.015278
0 0.528809 0.951620 0.010742 0.024537
0 0.356445 0.035880 0.007812 0.018056
0 0.343262 0.257870 0.008789 0.020370
0 0.575684 0.242130 0.009277 0.016667
0 0.053955 0.223148 0.012207 0.019444
0 0.909302 0.232407 0.008545 0.012963