0 0.219849 0.015509 0.015869 0.030093
0 0.036011 0.085417 0.016846 0.043056
0 0.025024 0.227546 0.022217 0.040278
0 0.004517 0.335417 0.008545 0.030093
0 0.210571 0.126852 0.007080 0.020370
0 0.347900 0.101620 0.014160 0.035648
0 0.326050 0.217361 0.013428 0.035648
0 0.202393 0.243287 0.024414 0.034722
0 0.304688 0.309491 0.018555 0.041204
0 0.184204 0.364815 0.020264 0.032407
0 0.279175 0.442130 0.020264 0.036111
0 0.450073 0.296065 0.019287 0.040278
0 0.437744 0.422917 0.015625 0.035648
0 0.162109 0.476157 0.020996 0.035648
0 0.275146 0.573380 0.020508 0.033796
0 0.429565 0.564583 0.018799 0.038426
0 0.142700 0.628241 0.028076 0.030556
0 0.406250 0.676852 0.019043 0.041667
0 0.250000 0.702083 0.015625 0.032870
0 0.127319 0.750463 0.025635 0.044444
0 0.394043 0.814120 0.013672 0.032870
0 0.384766 0.935185 0.017578 0.039815
0 0.241455 0.860648 0.017578 0.039815
0 0.101318 0.857639 0.020020 0.031019
0 0.085205 0.978009 0.028320 0.043981
0 0.495972 0.907870 0.016357 0.026852
0 0.661621 0.967130 0.017578 0.045370
0 0.789429 0.947685 0.020264 0.043519
0 0.691772 0.869213 0.021240 0.042130
0 0.801880 0.814583 0.023682 0.037500
0 0.826538 0.702083 0.019287 0.042130
0 0.693726 0.700463 0.022705 0.039815
0 0.518677 0.794444 0.022217 0.037963
0 0.542725 0.652083 0.017090 0.029167
0 0.705811 0.585185 0.010254 0.016667
0 0.829102 0.558102 0.017090 0.035648
0 0.725342 0.468287 0.010254 0.027315
0 0.830688 0.440509 0.016357 0.036574
0 0.731934 0.354398 0.020508 0.043056
0 0.551392 0.541204 0.017334 0.035185
0 0.570190 0.422222 0.019287 0.035185
0 0.567017 0.288657 0.019287 0.038426
0 0.891357 0.247222 0.017578 0.022222
0 0.857300 0.337037 0.018799 0.042593
0 0.998657 0.326157 0.002686 0.031944
0 0.992554 0.466204 0.014893 0.042593
0 0.992310 0.594907 0.015381 0.033333
0 0.976196 0.714352 0.026123 0.039815
0 0.976807 0.835880 0.022949 0.033796
0 0.951294 0.986111 0.023193 0.027778
0 0.756104 0.129398 0.013184 0.038426
0 0.749146 0.211806 0.013916 0.029167
0 0.591187 0.160648 0.017822 0.037037
0 0.596924 0.046296 0.018555 0.050000
0 0.475098 0.081713 0.016113 0.037500
0 0.478516 0.183796 0.021973 0.052778