0 0.100464 0.018056 0.023193 0.035185
0 0.055420 0.083333 0.027344 0.049074
0 0.015625 0.192593 0.015625 0.017593
0 0.009521 0.310417 0.018555 0.029167
0 0.263916 0.111806 0.023438 0.037500
0 0.385254 0.143750 0.017090 0.035648
0 0.352783 0.222454 0.021484 0.047685
0 0.232056 0.215972 0.020264 0.041204
0 0.194092 0.312037 0.022949 0.040741
0 0.310303 0.337269 0.020996 0.038426
0 0.155151 0.446296 0.026123 0.031481
0 0.289429 0.456713 0.020264 0.036574
0 0.124634 0.556019 0.025146 0.039815
0 0.247681 0.567130 0.015381 0.031481
0 0.401001 0.621296 0.021729 0.044444
0 0.370972 0.746759 0.013916 0.033333
0 0.217529 0.716435 0.021973 0.036574
0 0.056396 0.751157 0.026367 0.029167
0 0.013672 0.879861 0.026855 0.039352
0 0.343628 0.858565 0.017822 0.043056
0 0.142334 0.907176 0.025879 0.034722
0 0.311890 0.961574 0.016357 0.045370
0 0.453613 0.887731 0.016113 0.031019
0 0.491089 0.793056 0.019775 0.039815
0 0.645752 0.947454 0.022461 0.045833
0 0.763550 0.954861 0.025635 0.039352
0 0.674561 0.789815 0.021484 0.039815
0 0.536499 0.666898 0.016846 0.027315
0 0.702271 0.685417 0.008545 0.014352
0 0.738281 0.578009 0.008789 0.025463
0 0.557129 0.564352 0.017578 0.036111
0 0.760986 0.472917 0.022461 0.041204
0 0.592529 0.457870 0.020996 0.036111
0 0.437622 0.522917 0.017822 0.033796
0 0.464478 0.394676 0.016357 0.035648
0 0.608154 0.325694 0.020508 0.039352
0 0.494629 0.278935 0.017578 0.038426
0 0.645264 0.215741 0.018066 0.035185
0 0.537476 0.184491 0.024170 0.044907
0 0.545898 0.082870 0.017578 0.032407
0 0.422363 0.040972 0.015137 0.031944
0 0.669556 0.110185 0.020264 0.038889
0 0.700195 0.016435 0.022949 0.031944
0 0.869629 0.046065 0.022461 0.046759
0 0.991089 0.057870 0.017822 0.042593
0 0.978027 0.182176 0.032227 0.042130
0 0.858765 0.147917 0.009521 0.026389
0 0.815674 0.265741 0.014648 0.034259
0 0.794556 0.345370 0.018799 0.029630
0 0.942871 0.292130 0.026367 0.044444
0 0.912598 0.353241 0.022949 0.037963
0 0.932983 0.444213 0.019287 0.033796
0 0.887085 0.516204 0.020752 0.034259
0 0.844482 0.602315 0.016602 0.033333
0 0.824951 0.718750 0.017090 0.038426
0 0.995239 0.716435 0.009521 0.043981
0 0.983032 0.833796 0.017822 0.035185
0 0.803589 0.857407 0.023682 0.034259
0 0.947388 0.946991 0.030029 0.041204