0 0.016968 0.068981 0.022217 0.042593
0 0.011108 0.213194 0.021729 0.048611
0 0.083740 0.961111 0.029297 0.044444
0 0.120239 0.731250 0.026611 0.043056
0 0.132324 0.609259 0.028809 0.038889
0 0.150879 0.453009 0.024902 0.046759
0 0.171265 0.339352 0.023193 0.037963
0 0.187378 0.218287 0.025635 0.037500
0 0.330811 0.063657 0.017090 0.037500
0 0.311523 0.184259 0.015625 0.038889
0 0.289429 0.275231 0.022217 0.048611
0 0.266357 0.411806 0.022461 0.042130
0 0.264771 0.540278 0.019287 0.036111
0 0.242554 0.673380 0.015869 0.036574
0 0.237183 0.831250 0.022217 0.041204
0 0.382690 0.896528 0.017822 0.044907
0 0.389282 0.778009 0.016846 0.042130
0 0.399536 0.634028 0.019287 0.045833
0 0.419189 0.524074 0.018555 0.038889
0 0.426514 0.384722 0.019043 0.044444
0 0.436157 0.256713 0.022705 0.047685
0 0.553467 0.243287 0.020020 0.036574
0 0.557983 0.373611 0.016846 0.043519
0 0.542114 0.493519 0.020264 0.042593
0 0.534912 0.604398 0.017090 0.035648
0 0.513794 0.747917 0.025635 0.042130
0 0.492310 0.860880 0.019287 0.029167
0 0.484131 0.990046 0.022949 0.019907
0 0.660278 0.907639 0.021729 0.040278
0 0.686279 0.810648 0.021973 0.041667
0 0.685791 0.647685 0.024902 0.045370
0 0.713501 0.410648 0.012939 0.035185
0 0.795776 0.748148 0.027100 0.037963
0 0.819946 0.635417 0.022217 0.036574
0 0.967651 0.756944 0.025635 0.037037
0 0.968872 0.637500 0.025146 0.040741
0 0.980347 0.516204 0.016846 0.038889
0 0.987671 0.389583 0.024658 0.038426
0 0.817871 0.494444 0.019531 0.039815
0 0.817383 0.375694 0.019531 0.039352
0 0.845825 0.270139 0.018311 0.032870
0 0.719971 0.295833 0.020020 0.043519
0 0.990845 0.247222 0.018311 0.040741
0 0.877930 0.174769 0.017578 0.030093
0 0.847168 0.099074 0.020020 0.043519
0 0.741333 0.067130 0.016357 0.034259
0 0.865479 0.025926 0.028809 0.046296
0 0.995605 0.045370 0.008789 0.030556
0 0.466309 0.142593 0.021484 0.051852
0 0.457275 0.040972 0.015625 0.043056
0 0.583130 0.008796 0.011475 0.016667
0 0.095459 0.837731 0.019531 0.032870
0 0.194824 0.095833 0.005859 0.025926
0 0.787231 0.883333 0.025635 0.044444
0 0.946533 0.910880 0.022949 0.040278
0 0.696899 0.530556 0.011963 0.015741