0 0.021118 0.072685 0.020752 0.043519
0 0.013428 0.213657 0.023926 0.038426
0 0.197632 0.105093 0.007568 0.023148
0 0.333618 0.069444 0.012451 0.034259
0 0.316650 0.188657 0.018066 0.037500
0 0.190063 0.220139 0.024170 0.033796
0 0.294067 0.279167 0.017822 0.050926
0 0.174805 0.343287 0.021484 0.034722
0 0.270508 0.414815 0.020020 0.039815
0 0.154297 0.456481 0.023438 0.038889
0 0.268555 0.543287 0.021484 0.037500
0 0.137573 0.610417 0.023193 0.034722
0 0.245483 0.677315 0.015869 0.033333
0 0.123413 0.732870 0.024658 0.037037
0 0.239624 0.836111 0.020752 0.037037
0 0.098633 0.842824 0.017578 0.030093
0 0.085327 0.960417 0.026611 0.039352
0 0.384399 0.902546 0.016357 0.034722
0 0.484741 0.994213 0.014404 0.011574
0 0.494385 0.869444 0.015625 0.029630
0 0.514160 0.752083 0.021973 0.040278
0 0.390381 0.778241 0.015137 0.032407
0 0.401733 0.638889 0.019287 0.041667
0 0.538696 0.611574 0.019287 0.033333
0 0.422485 0.526389 0.019287 0.035185
0 0.543579 0.501157 0.017822 0.037500
0 0.429443 0.389120 0.015137 0.035648
0 0.562378 0.380787 0.015869 0.038426
0 0.556885 0.243519 0.017578 0.037963
0 0.440674 0.260417 0.018066 0.040278
0 0.467163 0.144907 0.018311 0.047222
0 0.461060 0.045139 0.015869 0.032870
0 0.577271 0.117824 0.017334 0.034722
0 0.583740 0.013426 0.017578 0.025926
0 0.722900 0.301852 0.021484 0.040741
0 0.717529 0.417361 0.006836 0.028241
0 0.699585 0.535185 0.005615 0.012963
0 0.688232 0.650000 0.022461 0.037963
0 0.688110 0.812500 0.022217 0.041667
0 0.661133 0.915972 0.021973 0.042130
0 0.786743 0.890046 0.025635 0.042130
0 0.954468 0.924306 0.032471 0.040278
0 0.970215 0.766204 0.031738 0.034259
0 0.797485 0.756713 0.028076 0.038426
0 0.819336 0.644676 0.023926 0.041204
0 0.971191 0.646759 0.026367 0.044444
0 0.985474 0.526852 0.015869 0.033333
0 0.822754 0.501620 0.018555 0.032870
0 0.988647 0.396296 0.022705 0.040741
0 0.820923 0.383333 0.018799 0.034259
0 0.991821 0.258102 0.016357 0.037500
0 0.847168 0.276852 0.017578 0.040741
0 0.880127 0.181019 0.017090 0.032407
0 0.850830 0.107639 0.021973 0.038426
0 0.867920 0.034722 0.024414 0.041667
0 0.743774 0.077546 0.015869 0.033796
0 0.737061 0.162500 0.014160 0.027778
0 0.206909 0.006019 0.009033 0.011111