0 0.075684 0.022685 0.006836 0.018519
0 0.033203 0.259722 0.009766 0.013889
0 0.042236 0.205324 0.009766 0.018056
0 0.157349 0.193750 0.010498 0.022685
0 0.132446 0.094444 0.008545 0.018519
0 0.018555 0.378472 0.009766 0.017130
0 0.132080 0.067824 0.009277 0.018981
0 0.074951 0.376620 0.012695 0.017130
0 0.180786 0.029167 0.008545 0.022222
0 0.184570 0.106481 0.006348 0.013889
0 0.151001 0.273380 0.007568 0.019907
0 0.136963 0.309491 0.006836 0.019907
0 0.119385 0.448380 0.007812 0.016204
0 0.241455 0.025231 0.008301 0.016204
0 0.234375 0.100000 0.008301 0.013889
0 0.218140 0.170833 0.008545 0.014815
0 0.212769 0.293287 0.008545 0.024537
0 0.200806 0.398148 0.008545 0.016667
0 0.198364 0.441204 0.010498 0.018519
0 0.250000 0.470833 0.009766 0.017593
0 0.254272 0.411806 0.009033 0.018056
0 0.259033 0.368287 0.009766 0.019907
0 0.261963 0.286111 0.008301 0.019444
0 0.274170 0.200463 0.008301 0.016667
0 0.270142 0.148148 0.009521 0.020370
0 0.278198 0.091667 0.009521 0.016667
0 0.284912 0.061111 0.008301 0.018519
0 0.288452 0.016898 0.007080 0.017130
0 0.344482 0.009722 0.008789 0.015741
0 0.337280 0.164583 0.008545 0.017130
0 0.330811 0.271759 0.007812 0.020370
0 0.322754 0.378704 0.010254 0.018519
0 0.320557 0.413426 0.009277 0.020370
0 0.375122 0.454861 0.007080 0.016204
0 0.379272 0.263194 0.008545 0.020833
0 0.378906 0.219907 0.007812 0.019444
0 0.382324 0.151389 0.006836 0.017593
0 0.385986 0.067593 0.008301 0.022222
0 0.451050 0.067361 0.007080 0.022685
0 0.448364 0.106713 0.007080 0.018056
0 0.446411 0.256481 0.007568 0.018519
0 0.443359 0.328009 0.008789 0.024537
0 0.440796 0.382870 0.009521 0.018519
0 0.446411 0.428472 0.006104 0.020833
0 0.448486 0.482639 0.007324 0.019907
0 0.039795 0.645833 0.011719 0.014815
0 0.058350 0.519444 0.011719 0.020370
0 0.098267 0.666667 0.011963 0.022222
0 0.104004 0.560880 0.011719 0.017130
0 0.113403 0.496759 0.011475 0.018519
0 0.021851 0.704630 0.014893 0.015741
0 0.073364 0.804167 0.014404 0.019444
0 0.064331 0.861343 0.013428 0.018056
0 0.158691 0.842361 0.013184 0.017130
0 0.171143 0.724074 0.011719 0.017593
0 0.166992 0.776389 0.011719 0.014815
0 0.182251 0.600463 0.011475 0.015741
0 0.180542 0.653241 0.010498 0.015741
0 0.184204 0.540046 0.011475 0.013426
0 0.198730 0.494676 0.011230 0.017130
0 0.246094 0.523380 0.010254 0.017130
0 0.240601 0.569676 0.007568 0.017130
0 0.238037 0.631250 0.006348 0.018981
0 0.230591 0.682407 0.013428 0.018519
0 0.214966 0.819444 0.013428 0.019444
0 0.301636 0.898380 0.009033 0.021759
0 0.300659 0.807870 0.010498 0.024074
0 0.311890 0.753241 0.008545 0.019444
0 0.304565 0.705093 0.009521 0.017593
0 0.310913 0.631481 0.010986 0.022222
0 0.317627 0.524769 0.010254 0.019907
0 0.372314 0.557176 0.008789 0.019907
0 0.367798 0.673843 0.010010 0.019907
0 0.366211 0.851157 0.010254 0.018056
0 0.445923 0.825000 0.008545 0.019444
0 0.446655 0.758333 0.006592 0.016667
0 0.442993 0.701389 0.008545 0.019444
0 0.441528 0.642130 0.008545 0.020370
0 0.448120 0.534028 0.007080 0.018981
0 0.504761 0.791898 0.010010 0.019907
0 0.503174 0.860417 0.008789 0.018056
0 0.498047 0.606944 0.008301 0.018519
0 0.498413 0.737731 0.009521 0.018056
0 0.494751 0.516667 0.008545 0.016667
0 0.493774 0.403704 0.007568 0.021296
0 0.591553 0.913194 0.009277 0.020833
0 0.592651 0.846528 0.009033 0.020833
0 0.589966 0.776389 0.009033 0.020370
0 0.584229 0.711806 0.007812 0.018056
0 0.580566 0.654630 0.008789 0.018519
0 0.572144 0.546065 0.009521 0.019907
0 0.574585 0.494907 0.006592 0.018519
0 0.570312 0.445370 0.006348 0.019444
0 0.566650 0.400926 0.006836 0.016667
0 0.618164 0.424537 0.006836 0.017593
0 0.619507 0.479167 0.006592 0.016667
0 0.622681 0.513194 0.008057 0.018981
0 0.618774 0.553704 0.008057 0.018519
0 0.634277 0.684491 0.008301 0.018056
0 0.652588 0.804630 0.011719 0.022222
0 0.643311 0.874537 0.009277 0.017593
0 0.732544 0.849306 0.010010 0.019907
0 0.731812 0.768981 0.010986 0.022222
0 0.716797 0.727778 0.008789 0.015741
0 0.714233 0.658102 0.008545 0.019907
0 0.705444 0.616667 0.010498 0.019444
0 0.698853 0.549537 0.009033 0.015741
0 0.690430 0.455093 0.006348 0.016667
0 0.734131 0.426620 0.010742 0.018056
0 0.761108 0.627083 0.009521 0.018056
0 0.765991 0.692824 0.010498 0.018056
0 0.776733 0.751620 0.012451 0.028241
0 0.782837 0.799306 0.006592 0.015278
0 0.792480 0.866435 0.009277 0.017130
0 0.826416 0.501389 0.011719 0.019444
0 0.875732 0.851852 0.010742 0.016667
0 0.934814 0.881944 0.014648 0.018519
0 0.870361 0.791898 0.013184 0.018056
0 0.857300 0.723843 0.011475 0.018056
0 0.837402 0.603704 0.010254 0.018519
0 0.854004 0.423843 0.008301 0.018056
0 0.869507 0.459954 0.008545 0.018981
0 0.879517 0.568519 0.011963 0.022222
0 0.903076 0.691898 0.012695 0.018056
0 0.921509 0.797685 0.011963 0.019444
0 0.876709 0.524306 0.007812 0.017130
0 0.931519 0.477546 0.010498 0.018056
0 0.956665 0.576157 0.009521 0.014352
0 0.968140 0.625231 0.009033 0.020833
0 0.973999 0.683102 0.010010 0.018056
0 0.907715 0.156944 0.008301 0.017593
0 0.840576 0.018056 0.007324 0.014815
0 0.845947 0.045602 0.006348 0.019907
0 0.858276 0.077778 0.007080 0.019444
0 0.862183 0.103241 0.006104 0.011111
0 0.878296 0.183333 0.006104 0.013889
0 0.810425 0.174306 0.007568 0.014352
0 0.902588 0.298843 0.010254 0.015278
0 0.956909 0.351620 0.010498 0.020833
0 0.930664 0.239815 0.012207 0.020370
0 0.913208 0.380556 0.006592 0.011111
0 0.832520 0.290972 0.009277 0.014352
0 0.838257 0.329861 0.008057 0.019907
0 0.806763 0.361343 0.009033 0.015278
0 0.728271 0.374769 0.008789 0.017130
0 0.724487 0.322685 0.007568 0.022222
0 0.712646 0.286111 0.007324 0.016667
0 0.714966 0.244444 0.007080 0.018519
0 0.701538 0.135648 0.005615 0.019444
0 0.691406 0.065741 0.006348 0.018519
0 0.659180 0.126620 0.006836 0.013426
0 0.678345 0.268056 0.007080 0.019444
0 0.676758 0.318981 0.005859 0.018519
0 0.686157 0.357639 0.007568 0.019907
0 0.621582 0.377778 0.005371 0.014815
0 0.610840 0.335417 0.005371 0.016204
0 0.607666 0.285648 0.004395 0.015741
0 0.560791 0.265509 0.006836 0.012500
0 0.559692 0.222454 0.004150 0.014352
0 0.564453 0.152778 0.006348 0.015741
0 0.593140 0.160880 0.007568 0.015278
0 0.598022 0.121528 0.007568 0.017130
0 0.772583 0.157639 0.007568 0.018056
0 0.778931 0.194444 0.008057 0.021296
0 0.794556 0.273611 0.008545 0.017593
0 0.761597 0.038194 0.007080 0.019907
0 0.757568 0.015741 0.005371 0.015741
0 0.655029 0.010417 0.007812 0.019907
0 0.661865 0.080787 0.007812 0.019907
0 0.664185 0.189120 0.006104 0.018981
0 0.664429 0.159491 0.007080 0.018056
0 0.602051 0.233102 0.006348 0.019907
0 0.596680 0.086343 0.006836 0.017130
0 0.559937 0.104630 0.006592 0.015741
0 0.560303 0.076620 0.006836 0.018056
0 0.558838 0.043981 0.005371 0.020370
0 0.563477 0.188657 0.007324 0.017130
0 0.768311 0.121296 0.006348 0.016667
0 0.797852 0.108333 0.006348 0.015741
0 0.977905 0.107870 0.012451 0.019444
0 0.789307 0.030093 0.007324 0.019444
0 0.490845 0.207176 0.006592 0.013426
0 0.489380 0.052778 0.006104 0.018519
0 0.498657 0.019213 0.004639 0.014352
0 0.495605 0.321528 0.006348 0.015278
0 0.573242 0.356481 0.007324 0.011111
0 0.119019 0.167361 0.008545 0.014352
0 0.372925 0.400694 0.009521 0.018981
0 0.489380 0.152546 0.005615 0.020833
0 0.715698 0.205787 0.006104 0.017130
0 0.689575 0.034954 0.003662 0.019907
0 0.847412 0.370370 0.008789 0.023148
0 0.850464 0.668981 0.008057 0.015741
0 0.745850 0.529861 0.007324 0.016204
0 0.686279 0.418287 0.008789 0.019907
0 0.318726 0.470139 0.010498 0.018056
0 0.045654 0.587500 0.011230 0.018519
0 0.335449 0.201852 0.009277 0.019444
0 0.441406 0.295602 0.006836 0.017130
0 0.447754 0.034954 0.008301 0.021759
0 0.385742 0.191204 0.005371 0.016667
0 0.449219 0.148611 0.005371 0.014815
0 0.361694 0.785185 0.008057 0.020370
0 0.595215 0.203009 0.007324 0.015278
0 0.885498 0.216898 0.007812 0.014352
0 0.982422 0.447454 0.007812 0.019907
0 0.150635 0.914352 0.013184 0.016667
0 0.886230 0.916204 0.009277 0.020370
0 0.049561 0.921296 0.015137 0.020370
0 0.803467 0.940278 0.012207 0.020370
0 0.357666 0.940509 0.012695 0.023611
0 0.214355 0.954398 0.011719 0.023611
0 0.659424 0.949769 0.008789 0.020833
0 0.504272 0.927083 0.006592 0.023611
0 0.443848 0.963194 0.011230 0.021759
0 0.949951 0.953472 0.014160 0.018981
0 0.991211 0.761343 0.008789 0.017130
0 0.292603 0.969444 0.012451 0.023148
0 0.895264 0.982176 0.014648 0.018981
0 0.744507 0.979398 0.011475 0.024537
0 0.006836 0.827546 0.013184 0.019907
0 0.601929 0.985648 0.008057 0.017593
0 0.802856 0.991898 0.011963 0.013426
0 0.993896 0.543287 0.010742 0.018056