0 0.290283 0.160648 0.009766 0.020370
0 0.344360 0.287269 0.008057 0.019907
0 0.338013 0.371991 0.011475 0.027315
0 0.332886 0.514352 0.008545 0.025000
0 0.255737 0.533333 0.012451 0.023148
0 0.212891 0.490509 0.010254 0.018056
0 0.214966 0.454167 0.010986 0.021296
0 0.224487 0.349769 0.010986 0.019907
0 0.149292 0.403472 0.010498 0.022685
0 0.128296 0.517824 0.011475 0.018056
0 0.120972 0.562269 0.010986 0.020833
0 0.110962 0.608102 0.013428 0.025463
0 0.106812 0.683565 0.015869 0.020833
0 0.255859 0.635185 0.009277 0.020370
0 0.206909 0.546065 0.011963 0.022685
0 0.030762 0.375000 0.011719 0.018519
0 0.346802 0.169213 0.010986 0.021759
0 0.346558 0.200231 0.012451 0.023611
0 0.278687 0.287500 0.008057 0.018519
0 0.267212 0.412731 0.010498 0.021759
0 0.236938 0.185417 0.009521 0.018981
0 0.234863 0.219213 0.009766 0.021759
0 0.324585 0.701157 0.013428 0.023611
0 0.335815 0.593750 0.009521 0.022685
0 0.391724 0.682176 0.010010 0.018981
0 0.383057 0.622222 0.006836 0.023148
0 0.391724 0.559722 0.007568 0.017593
0 0.394897 0.315741 0.008057 0.021296
0 0.396973 0.232176 0.007812 0.017130
0 0.386475 0.744907 0.007812 0.018519
0 0.466797 0.698611 0.010742 0.020370
0 0.461426 0.644907 0.011230 0.021296
0 0.463013 0.537963 0.006592 0.020370
0 0.462646 0.481944 0.010254 0.019444
0 0.460571 0.438194 0.007568 0.017130
0 0.458618 0.388194 0.007568 0.019907
0 0.462891 0.293750 0.008301 0.019907
0 0.463623 0.254167 0.011230 0.021296
0 0.461182 0.212963 0.008789 0.016667
0 0.455078 0.171528 0.007324 0.015278
0 0.457764 0.122222 0.007324 0.020370
0 0.504639 0.186574 0.008789 0.021296
0 0.505737 0.284722 0.007568 0.015741
0 0.509155 0.358102 0.010010 0.018981
0 0.515015 0.508102 0.008545 0.021759
0 0.520264 0.678935 0.008789 0.020833
0 0.469360 0.761806 0.008545 0.018056
0 0.525635 0.804167 0.010254 0.019444
0 0.524292 0.862500 0.009521 0.019444
0 0.472290 0.900463 0.010498 0.020370
0 0.376099 0.868519 0.010498 0.018519
0 0.379028 0.992130 0.008057 0.015741
0 0.318115 0.826620 0.011719 0.024537
0 0.237305 0.880093 0.012207 0.023148
0 0.239990 0.797222 0.009766 0.019444
0 0.184692 0.781481 0.013916 0.021296
0 0.096802 0.801389 0.011475 0.019444
0 0.077026 0.869676 0.017822 0.033796
0 0.075195 0.940509 0.017090 0.023611
0 0.221069 0.946528 0.014893 0.028241
0 0.472656 0.973611 0.008301 0.018519
0 0.593994 0.543519 0.010254 0.019444
0 0.593262 0.602083 0.007812 0.017130
0 0.607056 0.712500 0.007568 0.020370
0 0.614258 0.840278 0.009766 0.019444
0 0.623169 0.976620 0.010010 0.018981
0 0.659424 0.738194 0.009766 0.018056
0 0.648560 0.513889 0.011475 0.023148
0 0.631714 0.418750 0.006592 0.017130
0 0.617676 0.312963 0.009277 0.022222
0 0.309326 0.971759 0.010254 0.018519
0 0.314819 0.896991 0.011475 0.019907
0 0.569336 0.186806 0.006836 0.016204
0 0.577759 0.262269 0.007568 0.022685
0 0.746094 0.784722 0.010254 0.022222
0 0.681030 0.943287 0.011475 0.021759
0 0.769287 0.988426 0.011719 0.023148
0 0.757568 0.902778 0.010254 0.023148
0 0.755249 0.843056 0.011963 0.021296
0 0.729858 0.658796 0.008545 0.020370
0 0.783691 0.629167 0.009277 0.022222
0 0.773438 0.567824 0.008301 0.018056
0 0.760498 0.475926 0.011719 0.022222
0 0.720337 0.483102 0.010010 0.023611
0 0.706665 0.455324 0.008545 0.016204
0 0.638306 0.568287 0.009033 0.020833
0 0.653320 0.628241 0.005859 0.018519
0 0.816650 0.877083 0.012695 0.019907
0 0.800781 0.793981 0.009766 0.023148
0 0.784180 0.677546 0.008301 0.017130
0 0.848755 0.560648 0.009033 0.017593
0 0.844116 0.511806 0.010498 0.017130
0 0.834595 0.450463 0.008057 0.017593
0 0.890869 0.506713 0.006836 0.023611
0 0.858398 0.614815 0.011230 0.023148
0 0.864136 0.664583 0.010986 0.020833
0 0.876343 0.726620 0.009033 0.018981
0 0.885376 0.781019 0.011963 0.022222
0 0.888306 0.857870 0.010986 0.021296
0 0.910278 0.988194 0.012451 0.023611
0 0.957397 0.872222 0.012451 0.024074
0 0.952637 0.809954 0.013672 0.023611
0 0.991577 0.679398 0.011963 0.019907
0 0.976562 0.584491 0.014160 0.018981
0 0.966797 0.528935 0.012695 0.018056
0 0.855103 0.329167 0.009033 0.021296
0 0.817993 0.357176 0.011963 0.022685
0 0.746460 0.373380 0.008545 0.018981
0 0.751465 0.425463 0.008789 0.016667
0 0.696655 0.367130 0.008545 0.020370
0 0.671875 0.121759 0.010254 0.019444
0 0.718018 0.167130 0.007324 0.023148
0 0.779907 0.084954 0.007568 0.014352
0 0.902588 0.250926 0.010254 0.019444
0 0.938354 0.420833 0.008545 0.015741
0 0.960205 0.306250 0.011719 0.022685
0 0.928223 0.147222 0.008301 0.024074
0 0.679565 0.149537 0.006592 0.020370
0 0.617920 0.208333 0.011719 0.022222
0 0.806641 0.268981 0.010254 0.020370
0 0.831909 0.211111 0.009033 0.018519
0 0.847168 0.241667 0.008301 0.019444
0 0.990479 0.403009 0.011230 0.018056
0 0.591431 0.489120 0.011475 0.021759
0 0.587769 0.438426 0.008057 0.018519
0 0.584106 0.393981 0.008545 0.023148
0 0.069458 0.168287 0.009521 0.016204
0 0.080200 0.071991 0.008057 0.015278
0 0.070557 0.536111 0.011230 0.021296
0 0.152344 0.317824 0.010254 0.020833
0 0.158325 0.265046 0.010986 0.018981
0 0.100220 0.741898 0.009521 0.017130
0 0.183472 0.859028 0.011963 0.022685
0 0.285400 0.199074 0.007324 0.016667
0 0.280151 0.247917 0.004639 0.017130
0 0.326416 0.650000 0.009766 0.018519
0 0.335693 0.438889 0.011230 0.021296
0 0.354980 0.075463 0.008789 0.023148
0 0.398804 0.071065 0.010498 0.019907
0 0.521484 0.733333 0.007324 0.016667
0 0.516846 0.615509 0.006836 0.019907
0 0.515991 0.564352 0.008057 0.018519
0 0.662476 0.789120 0.008545 0.019907
0 0.669678 0.876389 0.009766 0.020370
0 0.704468 0.392824 0.010498 0.019907
0 0.683228 0.230093 0.006592 0.017593
0 0.721680 0.210648 0.009766 0.018519
0 0.622192 0.280787 0.010498 0.019907
0 0.673340 0.078009 0.008789 0.024537
0 0.704102 0.093056 0.006348 0.018519
0 0.902710 0.581481 0.012939 0.018519
0 0.874146 0.427546 0.010010 0.017130
0 0.852783 0.290972 0.006836 0.021759
0 0.814209 0.096065 0.007324 0.017130
0 0.935425 0.372454 0.010010 0.013426
0 0.253052 0.687731 0.010010 0.018981
0 0.291382 0.092361 0.007568 0.017130
0 0.380005 0.796065 0.009033 0.020833
0 0.632690 0.374074 0.008057 0.021296
0 0.460693 0.068287 0.008301 0.014352
0 0.953003 0.485417 0.009033 0.017130
0 0.009277 0.477315 0.009766 0.018519
0 0.245972 0.744213 0.009521 0.016204
0 0.188232 0.717361 0.011230 0.019907
0 0.802002 0.742824 0.012207 0.018981
0 0.341797 0.474769 0.008789 0.018056
0 0.391357 0.410417 0.008789 0.024537
0 0.503784 0.125231 0.006592 0.018981
0 0.721558 0.546528 0.009521 0.021759
0 0.509766 0.465046 0.008301 0.017130
0 0.078735 0.433565 0.010010 0.018981
0 0.094238 0.385880 0.011230 0.019907
0 0.905029 0.222685 0.008789 0.019444
0 0.689209 0.312963 0.009766 0.016667
0 0.933594 0.741667 0.010742 0.020370
0 0.461914 0.830093 0.009277 0.017593
0 0.602661 0.664583 0.007568 0.019907
0 0.610718 0.131250 0.007080 0.016204
0 0.121094 0.163426 0.010742 0.019444
0 0.237183 0.264120 0.009033 0.021759
0 0.706543 0.060648 0.007324 0.019444
0 0.972046 0.060648 0.008057 0.020370
0 0.575928 0.304630 0.006836 0.012963
0 0.563599 0.076620 0.009521 0.018056
0 0.876709 0.101389 0.007812 0.016667
0 0.887695 0.174074 0.007324 0.013889
0 0.222290 0.298843 0.008545 0.016204
0 0.279785 0.325000 0.008789 0.016667
0 0.018066 0.905324 0.015137 0.016204
0 0.620605 0.165046 0.005859 0.012500
0 0.914307 0.639583 0.011230 0.023611
0 0.608398 0.091204 0.008301 0.015741
0 0.056274 0.209259 0.011475 0.017593
0 0.031494 0.330556 0.007324 0.013889
0 0.110474 0.284722 0.012939 0.023148
0 0.345703 0.246528 0.009277 0.018981
0 0.908447 0.044444 0.007324 0.013889
0 0.088379 0.024074 0.008301 0.018519
0 0.321289 0.770370 0.009277 0.017593
0 0.164917 0.225694 0.008057 0.015278
0 0.500610 0.029861 0.008545 0.016204
0 0.764771 0.021065 0.010010 0.018981
0 0.715698 0.121528 0.010010 0.018981
0 0.039673 0.290741 0.009521 0.017593
0 0.127686 0.458796 0.008789 0.016667
0 0.660156 0.013426 0.008789 0.016667
0 0.051636 0.652546 0.014404 0.027315
0 0.047852 0.719907 0.013184 0.025000
0 0.380127 0.932870 0.010742 0.020370
0 0.818604 0.128704 0.009277 0.019444