0 0.209839 0.007870 0.016357 0.014815
0 0.200562 0.112731 0.006592 0.022685
0 0.337402 0.081019 0.014160 0.035185
0 0.318481 0.200694 0.013428 0.037500
0 0.192261 0.229630 0.025635 0.033333
0 0.024048 0.084491 0.017334 0.048611
0 0.015625 0.222685 0.020996 0.038889
0 0.296631 0.290972 0.016602 0.044907
0 0.175903 0.354167 0.019775 0.039815
0 0.273315 0.429398 0.017822 0.036574
0 0.157593 0.467593 0.022705 0.041667
0 0.269653 0.556019 0.017822 0.034259
0 0.138550 0.620139 0.026611 0.033796
0 0.247314 0.688889 0.020020 0.029630
0 0.125488 0.743056 0.024902 0.038889
0 0.239990 0.846296 0.020996 0.041667
0 0.101440 0.852315 0.017334 0.035185
0 0.084229 0.971065 0.020020 0.034722
0 0.386597 0.915509 0.017822 0.034722
0 0.496094 0.880556 0.013672 0.034259
0 0.517212 0.768981 0.019287 0.039815
0 0.392822 0.789583 0.012207 0.033796
0 0.404541 0.654630 0.017578 0.039815
0 0.540527 0.625926 0.016602 0.030556
0 0.546387 0.510880 0.016113 0.035648
0 0.424438 0.539583 0.018799 0.034722
0 0.432617 0.399306 0.015137 0.035648
0 0.562988 0.393981 0.016602 0.036111
0 0.443359 0.273843 0.019531 0.039352
0 0.559937 0.257639 0.017334 0.037500
0 0.470703 0.157870 0.019043 0.043519
0 0.580566 0.133565 0.017090 0.036574
0 0.463379 0.057176 0.016602 0.033796
0 0.587036 0.019213 0.019775 0.037500
0 0.747437 0.091435 0.015869 0.031944
0 0.871582 0.051157 0.022949 0.047685
0 0.853149 0.122917 0.021240 0.038426
0 0.883789 0.196759 0.015625 0.031481
0 0.849854 0.294444 0.016602 0.041667
0 0.724243 0.315509 0.021729 0.043981
0 0.822754 0.395139 0.017578 0.040278
0 0.720947 0.430787 0.008301 0.030093
0 0.823853 0.515972 0.015869 0.031944
0 0.702637 0.550463 0.008301 0.015741
0 0.823730 0.660648 0.020996 0.043519
0 0.689453 0.663657 0.022461 0.038426
0 0.799927 0.770370 0.026123 0.041667
0 0.690796 0.831713 0.022705 0.043981
0 0.788574 0.904398 0.026367 0.042130
0 0.662109 0.929630 0.021973 0.040741
0 0.954712 0.943287 0.032471 0.038426
0 0.971924 0.784028 0.027832 0.036574
0 0.972534 0.661806 0.029541 0.034722
0 0.988647 0.543287 0.015869 0.035648
0 0.989868 0.417361 0.020264 0.042130
0 0.993408 0.275694 0.013184 0.041204