0 0.065674 0.045602 0.027344 0.055093
0 0.026978 0.153704 0.015869 0.017593
0 0.017822 0.273843 0.016113 0.024537
0 0.274536 0.091435 0.019287 0.038426
0 0.395996 0.133333 0.016113 0.041667
0 0.362305 0.207870 0.021484 0.050926
0 0.240356 0.196296 0.020752 0.035185
0 0.203003 0.286343 0.022217 0.036574
0 0.318237 0.320370 0.018799 0.035185
0 0.293213 0.438889 0.019531 0.031481
0 0.161865 0.421065 0.027344 0.033796
0 0.127319 0.526389 0.025146 0.039815
0 0.250244 0.550000 0.014160 0.029630
0 0.401123 0.611574 0.020508 0.040741
0 0.218262 0.693287 0.020996 0.036574
0 0.054932 0.712731 0.021973 0.036574
0 0.367065 0.737963 0.016357 0.033333
0 0.339722 0.845602 0.017334 0.044907
0 0.138550 0.875463 0.026611 0.038889
0 0.012451 0.843750 0.024414 0.037500
0 0.306519 0.944213 0.020752 0.042130
0 0.642822 0.957639 0.020508 0.042130
0 0.670288 0.799074 0.023682 0.042593
0 0.448853 0.882870 0.019287 0.031481
0 0.488037 0.787963 0.020508 0.042593
0 0.534668 0.666204 0.019043 0.034259
0 0.701050 0.697454 0.009521 0.012500
0 0.739014 0.593981 0.009277 0.032407
0 0.439087 0.515509 0.021240 0.031944
0 0.559692 0.564815 0.018311 0.035185
0 0.596802 0.464120 0.018799 0.037500
0 0.763916 0.489352 0.020996 0.036111
0 0.470093 0.388194 0.016357 0.031019
0 0.615723 0.330787 0.017090 0.038426
0 0.502441 0.276157 0.020508 0.039352
0 0.655273 0.224537 0.018066 0.035185
0 0.434204 0.036111 0.017334 0.033333
0 0.557739 0.085185 0.013428 0.032407
0 0.547974 0.185648 0.019287 0.045370
0 0.680176 0.120139 0.019043 0.043056
0 0.715210 0.026389 0.017822 0.036111
0 0.882568 0.070370 0.026367 0.044444
0 0.996826 0.081944 0.006348 0.019444
0 0.987549 0.211806 0.024902 0.036574
0 0.870361 0.174537 0.010254 0.020370
0 0.822754 0.287963 0.014648 0.032407
0 0.952881 0.323843 0.030762 0.040278
0 0.920776 0.380093 0.021240 0.035185
0 0.936401 0.465972 0.020264 0.032870
0 0.801758 0.361111 0.014648 0.028704
0 0.886597 0.539352 0.025146 0.033333
0 0.844849 0.626157 0.021729 0.035648
0 0.822876 0.741435 0.021729 0.035648
0 0.995117 0.750926 0.009766 0.048148
0 0.977661 0.869907 0.022217 0.037037
0 0.798950 0.881944 0.020752 0.039815
0 0.944580 0.978009 0.027832 0.043981
0 0.757202 0.968056 0.029541 0.037963
0 0.413696 0.993519 0.015381 0.012963
0 0.101196 0.989583 0.021729 0.020833