0 0.287720 0.105324 0.008545 0.020833
0 0.341187 0.226157 0.008057 0.019907
0 0.336792 0.306944 0.009521 0.022222
0 0.329224 0.439352 0.008545 0.025000
0 0.254150 0.455324 0.010254 0.018981
0 0.211914 0.418750 0.009277 0.015278
0 0.214600 0.381713 0.010254 0.016204
0 0.223145 0.285417 0.009766 0.013426
0 0.150269 0.334259 0.008545 0.019444
0 0.130249 0.440046 0.011475 0.018056
0 0.124146 0.481250 0.009521 0.016204
0 0.113770 0.526157 0.011719 0.021759
0 0.109619 0.601620 0.014648 0.017130
0 0.255249 0.559954 0.009033 0.019907
0 0.206543 0.473843 0.009766 0.022685
0 0.035156 0.309028 0.008789 0.017130
0 0.343628 0.111111 0.008545 0.015741
0 0.341919 0.137731 0.007568 0.020833
0 0.277222 0.229167 0.008057 0.018519
0 0.266235 0.345139 0.010498 0.021759
0 0.235962 0.128241 0.008545 0.018519
0 0.234619 0.163194 0.009766 0.021759
0 0.321167 0.620139 0.013428 0.023611
0 0.331665 0.512269 0.009521 0.022685
0 0.386353 0.600000 0.008545 0.024074
0 0.378662 0.539352 0.006836 0.023148
0 0.386597 0.478241 0.007568 0.017593
0 0.389526 0.254167 0.007080 0.019444
0 0.391479 0.174074 0.007080 0.013889
0 0.380615 0.662037 0.007812 0.018519
0 0.458252 0.619213 0.008789 0.018056
0 0.455078 0.563426 0.006836 0.018519
0 0.455200 0.458796 0.006592 0.020370
0 0.456299 0.410880 0.006836 0.018056
0 0.452393 0.368519 0.007324 0.016667
0 0.451538 0.322454 0.007568 0.019907
0 0.456909 0.237037 0.006592 0.016667
0 0.457275 0.197222 0.007812 0.020370
0 0.454956 0.155093 0.006104 0.017593
0 0.449219 0.117361 0.007324 0.015278
0 0.451172 0.072222 0.007324 0.020370
0 0.497925 0.134954 0.007568 0.021759
0 0.497925 0.227315 0.007568 0.015741
0 0.499878 0.295370 0.007080 0.022222
0 0.506592 0.435185 0.008789 0.021296
0 0.510986 0.597917 0.008789 0.020833
0 0.461060 0.678935 0.008545 0.018056
0 0.515381 0.709259 0.005859 0.021296
0 0.513794 0.763889 0.009521 0.019444
0 0.464478 0.807639 0.010010 0.017130
0 0.371582 0.778935 0.009766 0.016204
0 0.373413 0.896296 0.010010 0.020370
0 0.314453 0.735648 0.010742 0.021296
0 0.237427 0.782639 0.009521 0.021759
0 0.238647 0.712037 0.009521 0.017593
0 0.184692 0.696065 0.011475 0.018056
0 0.100708 0.714815 0.011475 0.019444
0 0.080322 0.774074 0.016113 0.021296
0 0.078369 0.845370 0.013184 0.019444
0 0.221924 0.852778 0.012695 0.018519
0 0.234985 0.919907 0.009033 0.019444
0 0.301636 0.947917 0.012939 0.019907
0 0.465454 0.872222 0.007568 0.021296
0 0.061157 0.984491 0.014404 0.018981
0 0.583618 0.473843 0.007568 0.018056
0 0.582275 0.532639 0.007812 0.017130
0 0.594849 0.628704 0.007568 0.020370
0 0.601196 0.752546 0.009521 0.019907
0 0.609619 0.880556 0.007324 0.017593
0 0.610840 0.955324 0.009766 0.019907
0 0.645996 0.653935 0.009766 0.018056
0 0.636108 0.446991 0.010010 0.020833
0 0.620728 0.355324 0.006592 0.017130
0 0.607422 0.253704 0.008301 0.019444
0 0.308228 0.867824 0.011963 0.018981
0 0.312134 0.799306 0.011475 0.019907
0 0.516968 0.899769 0.007568 0.017130
0 0.560547 0.134954 0.006836 0.016204
0 0.568481 0.208102 0.006104 0.021759
0 0.728882 0.691898 0.008545 0.022685
0 0.666016 0.844907 0.009277 0.017593
0 0.671265 0.909722 0.009521 0.016667
0 0.675537 0.985648 0.009766 0.019444
0 0.750366 0.885417 0.010010 0.019907
0 0.739990 0.810417 0.009277 0.021759
0 0.739380 0.751852 0.011963 0.021296
0 0.715210 0.578241 0.008545 0.020370
0 0.765869 0.548611 0.009277 0.022222
0 0.756836 0.495602 0.008301 0.018056
0 0.745483 0.408565 0.012939 0.022685
0 0.705200 0.414583 0.010010 0.023611
0 0.693970 0.388657 0.008545 0.016204
0 0.626831 0.496991 0.009033 0.020833
0 0.640625 0.551852 0.005859 0.018519
0 0.822144 0.969676 0.012939 0.019907
0 0.813477 0.903704 0.011719 0.021296
0 0.796875 0.780787 0.012695 0.019907
0 0.782227 0.704167 0.009766 0.023148
0 0.767090 0.590972 0.008301 0.017130
0 0.830444 0.484259 0.009033 0.017593
0 0.825806 0.441204 0.009521 0.015741
0 0.816528 0.382870 0.008057 0.017593
0 0.872070 0.442824 0.006836 0.023611
0 0.837158 0.530556 0.009766 0.020370
0 0.843872 0.579167 0.008545 0.020370
0 0.857056 0.645139 0.009033 0.018981
0 0.863403 0.697222 0.010010 0.021296
0 0.867920 0.769444 0.008789 0.015741
0 0.887695 0.890509 0.011230 0.018981
0 0.911621 0.959954 0.013672 0.019907
0 0.972778 0.988194 0.015381 0.023611
0 0.968384 0.921528 0.010986 0.018981
0 0.933716 0.782639 0.012451 0.022685
0 0.928711 0.721991 0.010742 0.019907
0 0.994507 0.740741 0.010986 0.017593
0 0.989990 0.677083 0.009766 0.020833
0 0.970337 0.601157 0.011963 0.019907
0 0.956055 0.514120 0.012207 0.018981
0 0.945557 0.460417 0.012695 0.018056
0 0.972900 0.379167 0.009766 0.020370
0 0.837524 0.267130 0.009033 0.021296
0 0.801270 0.293519 0.008789 0.018519
0 0.732300 0.313194 0.008545 0.018981
0 0.736450 0.361806 0.008545 0.015278
0 0.683960 0.301852 0.008545 0.020370
0 0.660767 0.070370 0.007568 0.019444
0 0.706543 0.112963 0.007324 0.023148
0 0.766235 0.033796 0.007568 0.013889
0 0.885986 0.196065 0.007812 0.017130
0 0.919067 0.355556 0.008545 0.015741
0 0.940674 0.250694 0.007812 0.019907
0 0.911133 0.096759 0.008301 0.024074
0 0.667603 0.101389 0.006592 0.020370
0 0.605835 0.153472 0.006104 0.015278
0 0.791748 0.213426 0.010254 0.020370
0 0.816772 0.156019 0.009033 0.018519
0 0.830566 0.184259 0.007324 0.020370
0 0.968262 0.335880 0.011230 0.018056
0 0.581055 0.424537 0.009277 0.021296
0 0.577026 0.374074 0.008057 0.018519
0 0.573364 0.332407 0.007080 0.018519
0 0.072876 0.110880 0.008057 0.015278
0 0.083008 0.017593 0.006836 0.013889
0 0.074707 0.455093 0.011230 0.017593
0 0.154053 0.257176 0.009277 0.018981
0 0.160645 0.204167 0.008789 0.017593
0 0.166138 0.166435 0.006104 0.016204
0 0.103394 0.654398 0.009521 0.017130
0 0.056396 0.568750 0.008301 0.015278
0 0.155029 0.954167 0.011230 0.018519
0 0.184082 0.766898 0.010254 0.015278
0 0.283936 0.141204 0.007324 0.016667
0 0.278320 0.185648 0.004883 0.015741
0 0.323120 0.566667 0.008057 0.020370
0 0.331787 0.369213 0.006348 0.017130
0 0.351318 0.026852 0.008789 0.023148
0 0.394165 0.022685 0.008057 0.020370
0 0.375000 0.833102 0.008301 0.019907
0 0.511963 0.645833 0.007324 0.016667
0 0.506470 0.537269 0.008057 0.017130
0 0.505981 0.486574 0.008057 0.018519
0 0.648560 0.710417 0.008545 0.019907
0 0.655762 0.787500 0.009766 0.020370
0 0.760498 0.954630 0.007812 0.016667
0 0.692017 0.330556 0.007080 0.018519
0 0.671265 0.179630 0.006592 0.017593
0 0.709351 0.154861 0.009521 0.017130
0 0.611450 0.225000 0.007080 0.021296
0 0.661987 0.031481 0.008057 0.019444
0 0.691895 0.043981 0.006348 0.018519
0 0.882568 0.503241 0.010254 0.017593
0 0.857422 0.361806 0.008789 0.017130
0 0.835571 0.231019 0.005615 0.019444
0 0.800049 0.047454 0.007324 0.017130
0 0.994995 0.163657 0.010010 0.018056
0 0.978638 0.085648 0.009521 0.022222
0 0.916870 0.310417 0.010010 0.013426
0 0.250732 0.606713 0.010742 0.019907
0 0.288696 0.039120 0.007568 0.017130
0 0.462158 0.993981 0.008789 0.012037
0 0.373901 0.705324 0.009033 0.020833
0 0.620483 0.310417 0.007080 0.018056
0 0.454102 0.018750 0.008301 0.014352
0 0.932739 0.420370 0.005615 0.014815
0 0.013794 0.403935 0.006592 0.014352
0 0.243408 0.659028 0.010254 0.018056
0 0.189331 0.635185 0.011963 0.023148
0 0.783691 0.652083 0.012207 0.018981
0 0.338257 0.403935 0.007080 0.016204
0 0.386353 0.339815 0.007568 0.018519
0 0.498657 0.072454 0.006592 0.018981
0 0.706909 0.479398 0.009521 0.021759
0 0.501221 0.393750 0.008301 0.017130
0 0.004150 0.950231 0.007812 0.020833
0 0.083374 0.363889 0.011475 0.012963
0 0.098145 0.318750 0.007812 0.015278
0 0.888428 0.167130 0.008789 0.019444
0 0.161987 0.890509 0.011963 0.018981
0 0.677246 0.253704 0.009766 0.016667
0 0.913818 0.659259 0.010742 0.020370
0 0.454956 0.741898 0.008057 0.016204
0 0.592041 0.586343 0.005371 0.018056
0 0.600952 0.081250 0.007080 0.016204
0 0.222656 0.327315 0.008301 0.016667
0 0.702393 0.072917 0.004883 0.021759
0 0.038086 0.687037 0.013184 0.021296
0 0.121826 0.105093 0.008301 0.018519
0 0.516113 0.828935 0.004883 0.017130
0 0.234497 0.203009 0.006104 0.016204
0 0.005859 0.457176 0.010742 0.014352
0 0.566406 0.172222 0.008789 0.012037
0 0.693970 0.010880 0.007568 0.020833
0 0.956421 0.017824 0.006592 0.016204
0 0.566650 0.100463 0.003906 0.013889
0 0.565918 0.246296 0.006836 0.012963