0 0.014893 0.069907 0.021973 0.047222
0 0.011597 0.211806 0.022705 0.042130
0 0.081543 0.960648 0.029297 0.032407
0 0.094971 0.838657 0.017090 0.027315
0 0.118408 0.728935 0.027832 0.035648
0 0.132568 0.606250 0.025391 0.039352
0 0.148682 0.452778 0.025391 0.043519
0 0.168335 0.337037 0.023682 0.037963
0 0.187500 0.217824 0.025391 0.032870
0 0.192505 0.101620 0.006592 0.026389
0 0.329102 0.063194 0.017090 0.041204
0 0.311890 0.182639 0.016357 0.035648
0 0.289429 0.273843 0.021240 0.046759
0 0.265869 0.411343 0.020996 0.041204
0 0.263184 0.540972 0.021973 0.036574
0 0.242920 0.671991 0.016113 0.031944
0 0.236450 0.832870 0.021240 0.037963
0 0.381958 0.898611 0.014404 0.035185
0 0.388672 0.775000 0.015625 0.036111
0 0.398682 0.635185 0.018555 0.040741
0 0.418823 0.519213 0.016846 0.035648
0 0.423706 0.381481 0.015381 0.036111
0 0.434326 0.253704 0.020020 0.037037
0 0.456299 0.037037 0.018066 0.033333
0 0.460571 0.137037 0.020264 0.044444
0 0.578857 0.008796 0.018066 0.016667
0 0.572632 0.109722 0.018311 0.035185
0 0.551880 0.235417 0.020264 0.038426
0 0.556396 0.371296 0.021484 0.040741
0 0.540039 0.490741 0.018066 0.032407
0 0.535034 0.603704 0.019287 0.040741
0 0.512573 0.747917 0.020752 0.039352
0 0.490723 0.860185 0.015137 0.034259
0 0.481323 0.991435 0.019287 0.017130
0 0.657471 0.908102 0.024902 0.041204
0 0.685669 0.807176 0.020264 0.034722
0 0.785278 0.880093 0.024170 0.040741
0 0.795166 0.746296 0.028320 0.038889
0 0.686401 0.640046 0.022705 0.039352
0 0.816406 0.629861 0.022461 0.040278
0 0.711548 0.408565 0.012939 0.031944
0 0.816895 0.491435 0.017090 0.037500
0 0.816895 0.370833 0.019531 0.032407
0 0.717407 0.295370 0.025146 0.044444
0 0.843262 0.264815 0.016113 0.040741
0 0.875488 0.170602 0.018066 0.031019
0 0.738525 0.071991 0.015137 0.044907
0 0.847778 0.097917 0.021240 0.041204
0 0.863159 0.025463 0.024658 0.044444
0 0.996338 0.042593 0.007324 0.020370
0 0.990234 0.242593 0.019531 0.050000
0 0.986206 0.382639 0.027588 0.040278
0 0.980591 0.515509 0.022217 0.033796
0 0.968506 0.633565 0.027832 0.036574
0 0.967773 0.756713 0.025879 0.037500
0 0.950439 0.912269 0.031250 0.042130
0 0.695557 0.526620 0.004883 0.013426