0 0.052612 0.051852 0.016846 0.041667
0 0.038208 0.189120 0.022705 0.038426
0 0.009766 0.282176 0.016113 0.043981
0 0.239868 0.005093 0.010010 0.008333
0 0.226318 0.110417 0.003906 0.021759
0 0.363892 0.094676 0.016357 0.041204
0 0.214722 0.219907 0.023682 0.038889
0 0.338379 0.206481 0.014160 0.033333
0 0.193359 0.341204 0.021484 0.034259
0 0.168335 0.449769 0.025146 0.037500
0 0.315186 0.299769 0.021973 0.044907
0 0.459595 0.301852 0.018311 0.038889
0 0.444336 0.423611 0.012695 0.030556
0 0.286133 0.431713 0.020020 0.042130
0 0.277710 0.555556 0.019287 0.035185
0 0.147339 0.600694 0.024170 0.029167
0 0.431763 0.565046 0.017334 0.039352
0 0.249268 0.685880 0.014160 0.031019
0 0.406860 0.672222 0.020264 0.037037
0 0.125244 0.719676 0.025879 0.040278
0 0.389893 0.808796 0.014648 0.029630
0 0.237305 0.841204 0.020020 0.042593
0 0.098022 0.822685 0.016846 0.036111
0 0.077881 0.942130 0.027344 0.037037
0 0.377930 0.933102 0.015137 0.037500
0 0.488770 0.914815 0.017090 0.027778
0 0.654175 0.983333 0.025146 0.033333
0 0.683960 0.894213 0.019775 0.040278
0 0.693726 0.729630 0.021240 0.039815
0 0.544067 0.663657 0.017822 0.029167
0 0.706787 0.613889 0.013672 0.020370
0 0.554565 0.555093 0.018799 0.034259
0 0.779297 0.980093 0.025391 0.039815
0 0.796753 0.853472 0.023682 0.040278
0 0.731445 0.501852 0.011230 0.028704
0 0.741089 0.385648 0.021240 0.041667
0 0.575806 0.438194 0.016357 0.036574
0 0.578125 0.303704 0.019043 0.037037
0 0.490112 0.085417 0.016846 0.032870
0 0.492554 0.188194 0.021240 0.043056
0 0.613525 0.063889 0.017578 0.040741
0 0.604126 0.175000 0.018311 0.031481
0 0.770508 0.162731 0.014160 0.035648
0 0.760986 0.247685 0.014160 0.029630
0 0.924072 0.020139 0.029297 0.039352
0 0.898804 0.138657 0.028564 0.045833
0 0.876953 0.208102 0.023438 0.038426
0 0.906494 0.282407 0.017578 0.023148
0 0.867310 0.375926 0.018311 0.035185
0 0.837036 0.478009 0.018799 0.033796
0 0.995850 0.529398 0.008301 0.042130
0 0.832397 0.599306 0.017822 0.033796
0 0.992554 0.651620 0.014893 0.034722
0 0.824341 0.743519 0.025635 0.033333
0 0.975586 0.768981 0.026367 0.037963
0 0.970337 0.894213 0.028564 0.042130
0 0.514771 0.802083 0.021240 0.043056
0 0.801270 0.033333 0.012207 0.033333