0 0.338867 0.371528 0.012207 0.026389
0 0.335205 0.453935 0.013184 0.033796
0 0.326172 0.615278 0.012207 0.028704
0 0.200439 0.591204 0.013672 0.022222
0 0.203613 0.547454 0.015625 0.022685
0 0.214111 0.437037 0.013672 0.022222
0 0.133911 0.493519 0.012451 0.025926
0 0.111572 0.618056 0.015625 0.023148
0 0.106201 0.666667 0.014160 0.024074
0 0.094360 0.716898 0.014404 0.026389
0 0.088745 0.802546 0.017822 0.025463
0 0.245117 0.750000 0.013672 0.024074
0 0.192261 0.651620 0.015381 0.022685
0 0.012085 0.462963 0.012451 0.022222
0 0.342163 0.245139 0.011963 0.019907
0 0.270874 0.375000 0.011963 0.023148
0 0.259155 0.506481 0.011475 0.026852
0 0.224854 0.300000 0.013184 0.024074
0 0.316040 0.823380 0.012939 0.026389
0 0.326050 0.699537 0.013428 0.021296
0 0.386475 0.800000 0.010742 0.023148
0 0.377075 0.731481 0.010986 0.025926
0 0.384766 0.660880 0.013184 0.019907
0 0.387939 0.402315 0.011230 0.023148
0 0.390625 0.312963 0.011230 0.021296
0 0.378418 0.874306 0.010254 0.020833
0 0.463501 0.823380 0.013428 0.023611
0 0.458618 0.755093 0.012451 0.024074
0 0.460205 0.637500 0.011230 0.023148
0 0.460327 0.579167 0.009521 0.013889
0 0.456909 0.526157 0.010498 0.020833
0 0.455933 0.475231 0.010986 0.022685
0 0.461060 0.383102 0.009033 0.021759
0 0.462036 0.338889 0.011963 0.025926
0 0.458740 0.291667 0.010742 0.020370
0 0.453857 0.244213 0.011230 0.022685
0 0.454712 0.198380 0.011475 0.025463
0 0.504272 0.265509 0.009521 0.018981
0 0.504517 0.367130 0.011963 0.018519
0 0.507446 0.443519 0.010498 0.023148
0 0.514771 0.604398 0.011963 0.026389
0 0.522461 0.793287 0.012207 0.020833
0 0.467041 0.892361 0.013184 0.026389
0 0.524536 0.926157 0.013428 0.025463
0 0.522827 0.988426 0.013916 0.023148
0 0.367920 0.991898 0.010254 0.016204
0 0.308594 0.960185 0.012695 0.019444
0 0.226562 0.926852 0.014648 0.026852
0 0.171875 0.842130 0.018555 0.025926
0 0.077026 0.937500 0.016846 0.024074
0 0.595947 0.651157 0.011719 0.022685
0 0.597046 0.717361 0.011475 0.022685
0 0.610474 0.831019 0.011475 0.024074
0 0.617920 0.972222 0.015137 0.026852
0 0.664185 0.865278 0.013428 0.025926
0 0.652344 0.616204 0.014160 0.033333
0 0.635620 0.514352 0.011475 0.029630
0 0.620850 0.398843 0.011230 0.026389
0 0.571899 0.264352 0.009521 0.020370
0 0.579224 0.344676 0.009033 0.019907
0 0.753906 0.906481 0.013672 0.026852
0 0.766724 0.973148 0.017822 0.030556
0 0.737427 0.775463 0.015869 0.027778
0 0.792725 0.740509 0.012695 0.028241
0 0.782471 0.676157 0.011230 0.018981
0 0.768311 0.575926 0.019043 0.035185
0 0.728149 0.591204 0.015869 0.033333
0 0.714233 0.552315 0.010986 0.024074
0 0.642700 0.675231 0.010986 0.021759
0 0.658081 0.739815 0.009033 0.025926
0 0.813354 0.924537 0.015869 0.036111
0 0.812988 0.860648 0.012695 0.025926
0 0.859253 0.661111 0.014404 0.024074
0 0.855957 0.612731 0.018066 0.025463
0 0.844971 0.550694 0.014160 0.023611
0 0.902832 0.611806 0.013672 0.029167
0 0.870483 0.717824 0.015381 0.024537
0 0.878174 0.774769 0.018555 0.024537
0 0.891235 0.848148 0.017334 0.024074
0 0.903442 0.988657 0.018311 0.022685
0 0.974609 0.938194 0.019043 0.033796
0 0.990479 0.689815 0.019043 0.031481
0 0.982788 0.635648 0.018311 0.034259
0 0.866089 0.409722 0.011963 0.030556
0 0.827759 0.439120 0.012451 0.030093
0 0.753906 0.465509 0.012207 0.022685
0 0.758179 0.521296 0.011963 0.022222
0 0.675781 0.185880 0.011230 0.027315
0 0.723389 0.242130 0.010742 0.027778
0 0.786377 0.147454 0.009766 0.024537
0 0.952148 0.518287 0.013672 0.017130
0 0.684448 0.221991 0.010986 0.022685
0 0.620605 0.286574 0.010254 0.024074
0 0.816528 0.349074 0.011963 0.026852
0 0.855225 0.319444 0.013184 0.029630
0 0.594849 0.596991 0.011963 0.023611
0 0.589233 0.537037 0.009033 0.023148
0 0.585938 0.482870 0.009277 0.029630
0 0.052246 0.241667 0.010742 0.019444
0 0.064575 0.137963 0.009521 0.019444
0 0.052368 0.634722 0.015381 0.023148
0 0.136597 0.405093 0.012451 0.020370
0 0.145996 0.350000 0.014160 0.024074
0 0.079346 0.868056 0.016602 0.023148
0 0.277710 0.276157 0.009033 0.025463
0 0.270020 0.324074 0.009766 0.022222
0 0.318726 0.756481 0.011963 0.025000
0 0.329224 0.533565 0.009521 0.019907
0 0.393555 0.138657 0.012207 0.029167
0 0.521484 0.855556 0.011230 0.024074
0 0.689331 0.308796 0.011475 0.021296
0 0.729614 0.292361 0.012939 0.021759
0 0.627808 0.362269 0.006592 0.018981
0 0.677979 0.140972 0.012695 0.027315
0 0.708984 0.160648 0.008789 0.022222
0 0.915649 0.687731 0.015381 0.027315
0 0.889648 0.515972 0.013672 0.031019
0 0.864380 0.372454 0.010986 0.026389
0 0.822510 0.165741 0.011719 0.028704
0 0.457397 0.136343 0.011963 0.021759
0 0.971558 0.585185 0.008545 0.020370
0 0.233887 0.866667 0.013672 0.025926
0 0.334717 0.577778 0.010742 0.021296
0 0.385742 0.500694 0.008789 0.025463
0 0.504028 0.196759 0.011475 0.027778
0 0.510010 0.558796 0.010254 0.019444
0 0.061646 0.524537 0.013428 0.022222
0 0.078613 0.476157 0.011230 0.019907
0 0.457642 0.963194 0.010498 0.022685
0 0.605835 0.780787 0.010010 0.022685
0 0.613525 0.200463 0.007812 0.023148
0 0.712280 0.123843 0.010986 0.019907
0 0.565308 0.143519 0.008545 0.018519
0 0.624023 0.237731 0.007324 0.024537
0 0.772339 0.080324 0.011475 0.026389
0 0.184204 0.078704 0.011963 0.024074
0 0.802124 0.060648 0.012939 0.022222
0 0.106567 0.237269 0.010010 0.020833
0 0.596069 0.049074 0.010010 0.018519
0 0.943970 0.213194 0.007568 0.017130
0 0.702393 0.451620 0.012695 0.026389
0 0.243774 0.042361 0.013428 0.022685
0 0.568726 0.043287 0.008545 0.017130
0 0.930054 0.744213 0.013428 0.019907
0 0.291260 0.033333 0.012207 0.017593
0 0.352661 0.051852 0.009521 0.017593
0 0.499146 0.091435 0.010010 0.020833
0 0.516968 0.721528 0.009521 0.020833
0 0.074097 0.089352 0.010010 0.025926
0 0.395386 0.039120 0.009033 0.023611
0 0.390503 0.260880 0.008545 0.022685
0 0.841919 0.284954 0.010986 0.023611
0 0.600708 0.014583 0.009033 0.017130
0 0.034302 0.759722 0.013916 0.021296
0 0.282471 0.232407 0.010742 0.022222
0 0.339355 0.276389 0.011719 0.021296
0 0.041992 0.286806 0.015137 0.020833
0 0.022217 0.376852 0.013672 0.024074
0 0.168945 0.910185 0.018555 0.019444
0 0.225220 0.347685 0.012451 0.019444
0 0.226807 0.261111 0.010742 0.020370
0 0.244629 0.631713 0.013184 0.025463
0 0.283325 0.163426 0.012451 0.022222
0 0.348755 0.148611 0.010498 0.026852
0 0.899170 0.910648 0.018066 0.026852
0 0.915405 0.334722 0.010010 0.022222
0 0.794556 0.787963 0.016846 0.028704
0 0.951172 0.462731 0.018066 0.024537