0 0.076904 0.020833 0.006836 0.018519
0 0.034668 0.254167 0.009766 0.013889
0 0.043701 0.201157 0.009766 0.018056
0 0.158813 0.187731 0.010498 0.022685
0 0.133667 0.090278 0.008545 0.018519
0 0.019531 0.372917 0.009766 0.017130
0 0.132812 0.064583 0.009277 0.018981
0 0.076172 0.370602 0.012695 0.017130
0 0.182495 0.023611 0.008545 0.022222
0 0.187012 0.099537 0.006348 0.013889
0 0.152222 0.264583 0.007568 0.019907
0 0.138428 0.305324 0.006836 0.019907
0 0.120361 0.441898 0.007812 0.016204
0 0.241455 0.022454 0.008301 0.016204
0 0.235107 0.093981 0.008301 0.013889
0 0.219604 0.164815 0.010010 0.015741
0 0.213257 0.289583 0.008545 0.024537
0 0.202271 0.395370 0.008545 0.016667
0 0.198608 0.437037 0.010498 0.018519
0 0.250732 0.465278 0.009766 0.017593
0 0.255981 0.408102 0.009033 0.018056
0 0.260254 0.362731 0.009766 0.019907
0 0.263672 0.279167 0.008301 0.019444
0 0.275635 0.196296 0.008301 0.016667
0 0.270630 0.143981 0.009521 0.020370
0 0.279175 0.089815 0.009521 0.016667
0 0.285156 0.056481 0.008301 0.018519
0 0.289185 0.012731 0.007080 0.017130
0 0.345459 0.008333 0.008789 0.015741
0 0.338745 0.159954 0.008545 0.017130
0 0.332275 0.268056 0.007812 0.020370
0 0.323242 0.375000 0.010254 0.018519
0 0.321533 0.408796 0.009277 0.020370
0 0.377319 0.446528 0.007080 0.016204
0 0.380249 0.259028 0.008545 0.020833
0 0.379639 0.213889 0.007812 0.019444
0 0.383789 0.149537 0.006836 0.017593
0 0.387207 0.060648 0.008301 0.022222
0 0.452026 0.063657 0.007080 0.022685
0 0.448364 0.101157 0.007080 0.018056
0 0.447876 0.253704 0.007568 0.018519
0 0.444092 0.322454 0.008789 0.024537
0 0.441040 0.379630 0.009521 0.018519
0 0.447632 0.421528 0.006104 0.020833
0 0.449951 0.476157 0.007324 0.019907
0 0.041748 0.639352 0.011719 0.014815
0 0.059814 0.512963 0.011719 0.020370
0 0.100464 0.659722 0.011963 0.022222
0 0.106934 0.555324 0.011719 0.017130
0 0.115356 0.492593 0.011475 0.018519
0 0.021606 0.697222 0.014893 0.015741
0 0.074829 0.795833 0.014404 0.019444
0 0.067017 0.855787 0.013428 0.018056
0 0.161865 0.836806 0.013184 0.017130
0 0.172607 0.716204 0.011719 0.017593
0 0.170654 0.768981 0.011719 0.014815
0 0.183472 0.595370 0.011475 0.015741
0 0.182251 0.648611 0.010498 0.015741
0 0.185425 0.533102 0.011475 0.013426
0 0.198242 0.489583 0.011230 0.017130
0 0.247314 0.516898 0.010254 0.017130
0 0.241821 0.562731 0.007568 0.017130
0 0.239502 0.622917 0.006348 0.018981
0 0.233032 0.675000 0.013428 0.018519
0 0.216675 0.811111 0.013428 0.019444
0 0.303101 0.890972 0.009033 0.021759
0 0.301880 0.798148 0.010498 0.024074
0 0.312622 0.746296 0.008545 0.019444
0 0.305298 0.699537 0.009521 0.017593
0 0.312622 0.625926 0.010986 0.022222
0 0.317383 0.518750 0.010254 0.019907
0 0.373047 0.552083 0.008789 0.019907
0 0.369263 0.667824 0.010010 0.019907
0 0.366699 0.844676 0.010254 0.018056
0 0.448120 0.818519 0.008545 0.019444
0 0.448120 0.748611 0.006592 0.016667
0 0.443726 0.693056 0.008545 0.019444
0 0.442505 0.635185 0.008545 0.020370
0 0.448608 0.528472 0.007080 0.018981
0 0.505249 0.784491 0.010010 0.019907
0 0.504639 0.853472 0.008789 0.018056
0 0.497803 0.602315 0.008301 0.018519
0 0.499390 0.732176 0.009521 0.018056
0 0.495239 0.509722 0.008545 0.016667
0 0.494751 0.398148 0.007568 0.021296
0 0.592041 0.904861 0.009277 0.020833
0 0.592896 0.829861 0.009033 0.020833
0 0.589966 0.769907 0.009033 0.020370
0 0.585205 0.702083 0.007812 0.018056
0 0.580566 0.645370 0.008789 0.018519
0 0.572388 0.539583 0.009521 0.019907
0 0.575073 0.487037 0.006592 0.016667
0 0.571045 0.442593 0.006348 0.019444
0 0.566162 0.394444 0.006836 0.016667
0 0.617676 0.418056 0.006836 0.017593
0 0.619507 0.471296 0.006592 0.016667
0 0.623901 0.508565 0.008057 0.018981
0 0.618286 0.548148 0.008057 0.018519
0 0.634521 0.677546 0.008301 0.018056
0 0.653076 0.796296 0.011719 0.022222
0 0.641846 0.864352 0.009277 0.017593
0 0.732544 0.837269 0.010010 0.019907
0 0.731812 0.761111 0.010986 0.022222
0 0.717773 0.720370 0.008789 0.015741
0 0.714233 0.645139 0.008545 0.019907
0 0.705444 0.607407 0.010498 0.019444
0 0.698853 0.544444 0.009033 0.015741
0 0.690430 0.449074 0.006348 0.016667
0 0.734131 0.421065 0.010742 0.018056
0 0.761108 0.623380 0.009521 0.018056
0 0.765259 0.684954 0.010498 0.018056
0 0.776733 0.746065 0.012451 0.028241
0 0.782104 0.792361 0.006592 0.015278
0 0.791748 0.859028 0.009277 0.017130
0 0.826416 0.494444 0.011719 0.019444
0 0.874512 0.843519 0.010742 0.016667
0 0.934814 0.874074 0.014648 0.018519
0 0.870361 0.784954 0.013184 0.018056
0 0.857300 0.716898 0.011475 0.018056
0 0.837891 0.597685 0.010254 0.018519
0 0.854004 0.419676 0.008301 0.018056
0 0.869263 0.457176 0.008545 0.018981
0 0.878784 0.563889 0.011963 0.022222
0 0.902588 0.683565 0.012695 0.018056
0 0.920776 0.792130 0.011963 0.019444
0 0.876465 0.516898 0.007812 0.017130
0 0.931519 0.472917 0.010498 0.018056
0 0.955200 0.570139 0.009521 0.014352
0 0.967896 0.622454 0.009033 0.020833
0 0.973022 0.675694 0.010010 0.018056
0 0.907715 0.151852 0.008301 0.017593
0 0.840576 0.011111 0.007324 0.014815
0 0.845947 0.039120 0.006348 0.019907
0 0.858276 0.070833 0.007080 0.019444
0 0.862183 0.097222 0.006104 0.011111
0 0.878296 0.183333 0.006104 0.013889
0 0.810425 0.170602 0.007568 0.014352
0 0.903076 0.292824 0.010254 0.015278
0 0.957642 0.346528 0.010498 0.020833
0 0.931152 0.233333 0.012207 0.020370
0 0.913208 0.373148 0.006592 0.011111
0 0.832520 0.284954 0.009277 0.014352
0 0.838257 0.322917 0.008057 0.019907
0 0.806763 0.353009 0.009033 0.015278
0 0.728271 0.368287 0.008789 0.017130
0 0.724976 0.312963 0.007568 0.022222
0 0.712646 0.281944 0.007324 0.016667
0 0.714111 0.240046 0.005371 0.018981
0 0.702271 0.131944 0.005615 0.019444
0 0.691406 0.061111 0.006348 0.018519
0 0.659668 0.119213 0.006836 0.013426
0 0.678345 0.264815 0.007080 0.019444
0 0.676758 0.315278 0.005859 0.018519
0 0.685669 0.350694 0.007568 0.019907
0 0.622314 0.367593 0.005371 0.014815
0 0.610840 0.322454 0.005371 0.016204
0 0.607666 0.275463 0.004395 0.015741
0 0.560791 0.262731 0.006836 0.012500
0 0.560181 0.217361 0.004150 0.014352
0 0.563965 0.149537 0.005371 0.015741
0 0.593140 0.158565 0.007568 0.015278
0 0.598022 0.119213 0.007568 0.017130
0 0.772583 0.156713 0.007568 0.018056
0 0.778931 0.192593 0.008057 0.021296
0 0.794556 0.268981 0.008545 0.017593
0 0.761108 0.035417 0.007080 0.019907
0 0.757324 0.012037 0.005371 0.015741
0 0.661865 0.075694 0.007812 0.019907
0 0.664673 0.187269 0.006104 0.018981
0 0.664917 0.157176 0.007080 0.018056
0 0.602051 0.232176 0.006348 0.019907
0 0.596680 0.084954 0.006836 0.017130
0 0.559937 0.101389 0.006592 0.015741
0 0.560303 0.070139 0.006836 0.018056
0 0.558838 0.038426 0.005371 0.020370
0 0.563477 0.183565 0.007324 0.017130
0 0.767822 0.117130 0.006348 0.016667
0 0.797852 0.105093 0.006348 0.015741
0 0.979370 0.100926 0.012451 0.019444
0 0.789307 0.030093 0.007324 0.019444
0 0.490601 0.200231 0.006592 0.013426
0 0.489624 0.046296 0.006104 0.018519
0 0.497925 0.012731 0.004639 0.014352
0 0.495117 0.318287 0.006348 0.015278
0 0.573242 0.350000 0.007324 0.011111
0 0.119995 0.164583 0.008545 0.014352
0 0.373657 0.392361 0.009521 0.018981
0 0.490112 0.148380 0.005615 0.020833
0 0.715698 0.200694 0.006104 0.017130
0 0.689575 0.030787 0.003662 0.019907
0 0.847412 0.370370 0.008789 0.023148
0 0.850464 0.662037 0.008057 0.015741
0 0.745850 0.529861 0.007324 0.016204
0 0.686279 0.408565 0.008789 0.019907
0 0.319702 0.465046 0.010498 0.018056
0 0.047119 0.581481 0.011230 0.018519
0 0.336670 0.194907 0.009277 0.019444
0 0.444336 0.294213 0.006836 0.017130
0 0.448486 0.028009 0.008301 0.021759
0 0.385986 0.188426 0.005371 0.016667
0 0.450684 0.143519 0.005371 0.014815
0 0.363525 0.776852 0.008789 0.020370
0 0.593994 0.196065 0.007324 0.015278
0 0.885498 0.216898 0.007812 0.014352
0 0.980713 0.439583 0.007812 0.019907
0 0.153320 0.905556 0.013184 0.016667
0 0.885010 0.909259 0.009277 0.020370
0 0.052002 0.913426 0.015137 0.020370
0 0.802734 0.931481 0.012207 0.020370
0 0.358643 0.928935 0.012695 0.023611
0 0.215576 0.946528 0.011719 0.023611
0 0.658936 0.933565 0.008789 0.020833
0 0.505005 0.920139 0.006592 0.023611
0 0.443848 0.954398 0.011230 0.021759
0 0.948975 0.943750 0.014160 0.018981
0 0.991211 0.757639 0.008789 0.017130
0 0.293335 0.961574 0.012451 0.023148
0 0.895508 0.974769 0.014648 0.018981
0 0.744507 0.970602 0.011475 0.024537
0 0.007568 0.820139 0.013184 0.019907
0 0.602417 0.979167 0.008057 0.017593
0 0.803223 0.987731 0.012695 0.021759
0 0.993896 0.539583 0.010742 0.018056
0 0.509766 0.992593 0.010254 0.014815
0 0.365845 0.994676 0.010010 0.010648