0 0.290527 0.139815 0.009766 0.020370
0 0.344604 0.267361 0.008057 0.019907
0 0.340210 0.350926 0.009521 0.022222
0 0.333374 0.490278 0.008545 0.025000
0 0.255981 0.503704 0.012451 0.023148
0 0.213379 0.466898 0.010254 0.018056
0 0.215454 0.427315 0.010986 0.021296
0 0.224976 0.325231 0.010986 0.019907
0 0.149536 0.378009 0.010498 0.022685
0 0.131226 0.490046 0.011475 0.018056
0 0.123901 0.531250 0.010986 0.020833
0 0.114258 0.581019 0.013184 0.023148
0 0.109009 0.655787 0.015869 0.020833
0 0.257324 0.611111 0.009277 0.020370
0 0.207031 0.520602 0.009766 0.022685
0 0.032471 0.353935 0.008789 0.017130
0 0.346558 0.146296 0.008545 0.015741
0 0.346069 0.176620 0.007568 0.020833
0 0.279663 0.268519 0.008057 0.018519
0 0.267944 0.388657 0.010498 0.021759
0 0.238403 0.165509 0.009521 0.018981
0 0.235840 0.196065 0.009766 0.021759
0 0.324097 0.671065 0.013428 0.023611
0 0.334595 0.564120 0.009521 0.022685
0 0.391479 0.653009 0.010010 0.018981
0 0.383301 0.590278 0.006836 0.023148
0 0.391235 0.527778 0.007568 0.017593
0 0.394165 0.295370 0.008057 0.021296
0 0.396118 0.212500 0.007080 0.013889
0 0.384277 0.717593 0.007812 0.018519
0 0.465088 0.673148 0.008789 0.020370
0 0.461426 0.614815 0.008301 0.019444
0 0.461792 0.507870 0.006592 0.020370
0 0.461182 0.455787 0.006836 0.018056
0 0.458862 0.411806 0.007568 0.017130
0 0.455688 0.363194 0.007568 0.019907
0 0.462646 0.279398 0.008301 0.019907
0 0.462158 0.234028 0.007812 0.020833
0 0.460327 0.189352 0.006104 0.017593
0 0.454346 0.153935 0.007324 0.015278
0 0.456543 0.107407 0.007324 0.020370
0 0.503418 0.168981 0.008789 0.021296
0 0.503784 0.264352 0.007568 0.015741
0 0.506958 0.337269 0.009033 0.017130
0 0.514038 0.483102 0.008545 0.021759
0 0.518311 0.648380 0.008789 0.020833
0 0.468140 0.736806 0.008545 0.018056
0 0.523193 0.770139 0.005859 0.018056
0 0.521606 0.825463 0.009521 0.019444
0 0.471069 0.870833 0.010498 0.020370
0 0.376587 0.840741 0.010498 0.018519
0 0.378296 0.966204 0.010010 0.020370
0 0.317627 0.796065 0.011719 0.024537
0 0.239624 0.845139 0.009521 0.021759
0 0.240723 0.772222 0.009766 0.019444
0 0.184937 0.753935 0.011475 0.018056
0 0.098755 0.774074 0.011475 0.019444
0 0.079102 0.839815 0.016113 0.021296
0 0.077393 0.906250 0.014160 0.019907
0 0.222412 0.919444 0.012695 0.018519
0 0.236694 0.986111 0.009033 0.019444
0 0.473145 0.935185 0.008301 0.018519
0 0.590942 0.521528 0.007568 0.018056
0 0.590332 0.579398 0.007812 0.017130
0 0.603394 0.686574 0.007568 0.020370
0 0.610718 0.813889 0.010010 0.020370
0 0.621704 0.949074 0.009521 0.018519
0 0.656738 0.709491 0.009766 0.018056
0 0.647339 0.492824 0.010010 0.020833
0 0.628540 0.399306 0.006592 0.017130
0 0.614990 0.293519 0.009277 0.022222
0 0.309814 0.934722 0.010254 0.018519
0 0.315796 0.867824 0.011475 0.019907
0 0.525391 0.966204 0.007812 0.022222
0 0.567627 0.169213 0.006836 0.016204
0 0.575806 0.243287 0.007568 0.022685
0 0.741943 0.749074 0.010254 0.022222
0 0.678101 0.911806 0.011475 0.021759
0 0.682739 0.978241 0.009521 0.016667
0 0.763794 0.953009 0.010010 0.019907
0 0.752686 0.871759 0.010254 0.023148
0 0.751831 0.813426 0.011963 0.021296
0 0.726929 0.632870 0.008545 0.020370
0 0.779053 0.599074 0.009277 0.022222
0 0.769775 0.544676 0.008301 0.018056
0 0.756104 0.456019 0.011719 0.022222
0 0.716675 0.461806 0.010010 0.023611
0 0.703979 0.434954 0.008545 0.016204
0 0.636353 0.545602 0.009033 0.020833
0 0.650391 0.598611 0.005859 0.018519
0 0.829102 0.972222 0.011719 0.021296
0 0.811768 0.843287 0.012695 0.019907
0 0.795898 0.761111 0.009766 0.023148
0 0.779053 0.645139 0.008301 0.017130
0 0.845093 0.534259 0.009033 0.017593
0 0.838989 0.487731 0.010498 0.017130
0 0.829468 0.427778 0.008057 0.017593
0 0.886230 0.485417 0.006836 0.023611
0 0.853760 0.586111 0.009766 0.020370
0 0.860474 0.636574 0.008545 0.020370
0 0.872681 0.702083 0.009033 0.018981
0 0.878540 0.753704 0.011963 0.022222
0 0.881958 0.827315 0.010986 0.021296
0 0.905762 0.957639 0.011230 0.018981
0 0.985962 0.990046 0.010986 0.018981
0 0.951782 0.846065 0.012451 0.022685
0 0.947266 0.781713 0.010742 0.019907
0 0.987915 0.657176 0.011963 0.019907
0 0.972900 0.562731 0.014160 0.018981
0 0.961182 0.509954 0.012695 0.018056
0 0.988770 0.425000 0.009766 0.020370
0 0.849976 0.306019 0.009033 0.021296
0 0.812744 0.331944 0.008789 0.018519
0 0.742554 0.354398 0.008545 0.018981
0 0.747681 0.407639 0.008545 0.015278
0 0.693726 0.344907 0.008545 0.020370
0 0.669556 0.104630 0.007568 0.019444
0 0.715820 0.149537 0.007324 0.023148
0 0.775757 0.066898 0.007568 0.014352
0 0.898926 0.234491 0.007812 0.017130
0 0.932739 0.399074 0.008545 0.015741
0 0.955566 0.286806 0.007812 0.019907
0 0.924316 0.131481 0.008301 0.024074
0 0.678101 0.132407 0.006592 0.020370
0 0.613892 0.190972 0.007080 0.017130
0 0.803711 0.252315 0.010254 0.020370
0 0.828735 0.190741 0.009033 0.018519
0 0.841553 0.221528 0.008301 0.018981
0 0.985352 0.381713 0.011230 0.018056
0 0.588623 0.470833 0.009277 0.021296
0 0.586792 0.420370 0.008057 0.018519
0 0.581665 0.370370 0.007080 0.018519
0 0.071899 0.146065 0.009521 0.016204
0 0.083130 0.051620 0.008057 0.015278
0 0.071777 0.504630 0.011230 0.017593
0 0.153809 0.296528 0.010254 0.020833
0 0.161011 0.242824 0.010986 0.018981
0 0.165649 0.203009 0.006104 0.016204
0 0.102661 0.713194 0.009521 0.017130
0 0.054443 0.621991 0.008301 0.015278
0 0.185303 0.827546 0.010254 0.015278
0 0.286377 0.177315 0.007324 0.016667
0 0.281982 0.225463 0.004883 0.015741
0 0.326782 0.618981 0.008057 0.020370
0 0.334961 0.413657 0.006348 0.017130
0 0.355225 0.061111 0.008789 0.023148
0 0.398071 0.055556 0.008057 0.020370
0 0.518311 0.702315 0.007324 0.016667
0 0.514893 0.586343 0.006836 0.019907
0 0.513550 0.538426 0.008057 0.018519
0 0.660278 0.769213 0.008545 0.019907
0 0.666504 0.849074 0.009766 0.020370
0 0.702271 0.375926 0.007080 0.018519
0 0.681763 0.216204 0.006592 0.017593
0 0.719360 0.193750 0.009521 0.017130
0 0.620850 0.260648 0.007812 0.016667
0 0.671387 0.063194 0.008789 0.024537
0 0.700439 0.074537 0.006348 0.018519
0 0.896973 0.557407 0.010254 0.017593
0 0.870728 0.406713 0.010010 0.017130
0 0.849854 0.266898 0.006836 0.021759
0 0.810303 0.079861 0.007324 0.017130
0 0.992798 0.118056 0.009521 0.022222
0 0.930786 0.354861 0.010010 0.013426
0 0.252197 0.659954 0.010742 0.019907
0 0.291138 0.073843 0.007568 0.017130
0 0.377319 0.764583 0.009033 0.020833
0 0.629761 0.354167 0.008057 0.021296
0 0.458740 0.049769 0.008301 0.014352
0 0.948120 0.465741 0.005615 0.014815
0 0.012573 0.451157 0.006592 0.014352
0 0.246460 0.714583 0.009521 0.016204
0 0.189087 0.691667 0.011963 0.023148
0 0.799561 0.707176 0.012207 0.018981
0 0.342407 0.446065 0.007080 0.016204
0 0.391113 0.388657 0.008789 0.024537
0 0.503784 0.105324 0.006592 0.018981
0 0.716675 0.528009 0.009521 0.021759
0 0.508545 0.439120 0.008301 0.017130
0 0.081665 0.408102 0.010010 0.018981
0 0.097168 0.359491 0.007812 0.015278
0 0.901611 0.204167 0.008789 0.019444
0 0.159546 0.959491 0.011963 0.018981
0 0.685547 0.293056 0.009766 0.016667
0 0.928223 0.712500 0.010742 0.020370
0 0.461304 0.800694 0.008057 0.016204
0 0.601318 0.635880 0.005371 0.018056
0 0.607788 0.109028 0.007080 0.016204
0 0.224365 0.369444 0.008301 0.016667
0 0.711182 0.103472 0.004883 0.021759
0 0.035767 0.748843 0.014893 0.020833
0 0.122314 0.143981 0.010742 0.019444
0 0.524414 0.891435 0.004883 0.017130
0 0.237183 0.244676 0.008057 0.015278
0 0.005005 0.506250 0.009521 0.014352
0 0.571411 0.205093 0.007568 0.012037
0 0.704346 0.043056 0.007324 0.019444
0 0.969604 0.049537 0.008057 0.020370
0 0.574219 0.132639 0.004883 0.016204
0 0.573486 0.280556 0.006836 0.012963
0 0.869507 0.047685 0.007568 0.020370
0 0.562012 0.060880 0.008301 0.014352
0 0.873779 0.090741 0.007812 0.016667
0 0.905151 0.029861 0.006104 0.011574
0 0.882324 0.158102 0.008301 0.014352
0 0.003296 0.555324 0.006104 0.016204
0 0.223022 0.278472 0.008545 0.016204
0 0.278564 0.307870 0.004883 0.012963
0 0.020508 0.868750 0.015137 0.016204
0 0.618896 0.145602 0.005859 0.012500
0 0.910645 0.612731 0.011230 0.023611