0 0.012939 0.212731 0.025391 0.044907
0 0.021240 0.071296 0.021973 0.046296
0 0.198120 0.101157 0.006592 0.025463
0 0.335327 0.068981 0.015869 0.037037
0 0.315552 0.186343 0.017822 0.043056
0 0.191528 0.219444 0.025635 0.034259
0 0.294067 0.278935 0.021240 0.051389
0 0.172974 0.340741 0.020752 0.031481
0 0.270264 0.414583 0.020020 0.038426
0 0.153198 0.454861 0.020264 0.040278
0 0.267456 0.543056 0.020264 0.033333
0 0.400757 0.639583 0.021240 0.037500
0 0.135254 0.608333 0.022949 0.031481
0 0.244751 0.675694 0.016846 0.031019
0 0.122803 0.731481 0.025391 0.041667
0 0.237915 0.835648 0.022217 0.039815
0 0.390747 0.779398 0.015381 0.030093
0 0.383545 0.903935 0.017578 0.038426
0 0.098755 0.838657 0.013916 0.033796
0 0.084961 0.961111 0.026367 0.034259
0 0.493164 0.866435 0.020020 0.031019
0 0.514648 0.752778 0.021484 0.037963
0 0.661499 0.915972 0.020752 0.041204
0 0.688843 0.815509 0.022217 0.039352
0 0.786865 0.888889 0.024414 0.040741
0 0.797485 0.756019 0.025146 0.039815
0 0.689575 0.650231 0.020752 0.038426
0 0.538086 0.609491 0.018066 0.030093
0 0.543213 0.497222 0.019531 0.037037
0 0.560913 0.378704 0.017334 0.034259
0 0.717651 0.417130 0.009033 0.025926
0 0.421753 0.526852 0.017822 0.040741
0 0.428955 0.384722 0.015137 0.037963
0 0.723022 0.300463 0.019775 0.040741
0 0.556152 0.241898 0.019043 0.037500
0 0.438965 0.258102 0.020996 0.035648
0 0.467407 0.144213 0.020264 0.044907
0 0.460205 0.044907 0.014160 0.031481
0 0.583252 0.010880 0.018555 0.020833
0 0.575806 0.116435 0.017334 0.035648
0 0.741699 0.076852 0.017578 0.037963
0 0.483521 0.994676 0.013428 0.010648
0 0.822144 0.646296 0.024170 0.040741
0 0.818970 0.503472 0.016357 0.043056
0 0.821045 0.381019 0.018066 0.035185
0 0.847778 0.278009 0.016357 0.039352
0 0.881104 0.180324 0.017578 0.035648
0 0.869873 0.032176 0.023926 0.043981
0 0.851318 0.104630 0.020996 0.037963
0 0.991089 0.252546 0.017822 0.038426
0 0.987549 0.393981 0.024902 0.042593
0 0.984497 0.527083 0.016846 0.034722
0 0.969727 0.642593 0.026367 0.040741
0 0.969604 0.767824 0.025146 0.042130
0 0.953247 0.922685 0.031982 0.040741
0 0.735718 0.157639 0.015381 0.031944
0 0.206177 0.003241 0.008057 0.005556
0 0.697266 0.532639 0.006836 0.014352