0 0.288452 0.110417 0.008545 0.020833
0 0.341675 0.231250 0.008057 0.019907
0 0.337280 0.312500 0.009521 0.022222
0 0.329956 0.445833 0.008545 0.025000
0 0.254639 0.461343 0.010254 0.018981
0 0.213135 0.425694 0.009277 0.015278
0 0.214600 0.387269 0.010254 0.016204
0 0.223389 0.290509 0.009766 0.013426
0 0.150269 0.340741 0.008545 0.019444
0 0.130737 0.446991 0.011475 0.018056
0 0.124390 0.490509 0.009521 0.016204
0 0.114746 0.532639 0.011719 0.021759
0 0.110840 0.608565 0.014648 0.017130
0 0.255737 0.566435 0.009033 0.019907
0 0.207031 0.481250 0.009766 0.022685
0 0.035156 0.314120 0.008789 0.017130
0 0.345093 0.117130 0.008545 0.015741
0 0.342896 0.145139 0.007568 0.020833
0 0.278198 0.234722 0.008057 0.018519
0 0.267212 0.351157 0.010498 0.021759
0 0.236450 0.133796 0.008545 0.018519
0 0.235352 0.167824 0.009766 0.021759
0 0.321655 0.627083 0.013428 0.023611
0 0.332397 0.519676 0.009521 0.022685
0 0.386353 0.606481 0.008545 0.024074
0 0.378662 0.544907 0.006836 0.023148
0 0.387329 0.484259 0.007568 0.017593
0 0.389771 0.259259 0.007080 0.019444
0 0.392700 0.179630 0.007080 0.013889
0 0.381592 0.669444 0.007812 0.018519
0 0.459717 0.626157 0.008789 0.018056
0 0.455078 0.569907 0.006836 0.018519
0 0.456177 0.465741 0.006592 0.020370
0 0.456299 0.416898 0.006836 0.018056
0 0.453125 0.373611 0.007324 0.016667
0 0.451782 0.327083 0.007568 0.019907
0 0.457642 0.242130 0.006592 0.016667
0 0.458252 0.201389 0.007812 0.020370
0 0.455688 0.158333 0.006104 0.017593
0 0.449463 0.121528 0.007324 0.015278
0 0.451904 0.076852 0.007324 0.020370
0 0.497925 0.138657 0.007568 0.021759
0 0.498657 0.230556 0.007568 0.015741
0 0.501099 0.300926 0.007080 0.022222
0 0.507568 0.440741 0.008789 0.021296
0 0.512207 0.603935 0.008789 0.020833
0 0.462036 0.684954 0.008545 0.018056
0 0.516602 0.717593 0.005859 0.021296
0 0.515015 0.772222 0.009521 0.019444
0 0.464966 0.813194 0.010010 0.017130
0 0.372070 0.786343 0.009766 0.016204
0 0.373657 0.902778 0.010010 0.020370
0 0.315186 0.743056 0.010742 0.021296
0 0.238403 0.790046 0.009521 0.021759
0 0.239380 0.719444 0.009521 0.017593
0 0.184692 0.703009 0.011475 0.018056
0 0.100708 0.722685 0.011475 0.019444
0 0.081055 0.783333 0.016113 0.021296
0 0.079102 0.852778 0.013184 0.019444
0 0.222412 0.861111 0.012695 0.018519
0 0.235474 0.926852 0.009033 0.019444
0 0.301880 0.956713 0.012939 0.019907
0 0.466919 0.878704 0.007568 0.021296
0 0.061401 0.990509 0.014404 0.018981
0 0.584595 0.481250 0.007568 0.018056
0 0.583740 0.536343 0.007812 0.017130
0 0.596802 0.637037 0.007568 0.020370
0 0.602417 0.759491 0.009521 0.019907
0 0.612061 0.888426 0.007324 0.017593
0 0.612305 0.964120 0.009766 0.019907
0 0.647461 0.661343 0.009766 0.018056
0 0.637817 0.453009 0.010010 0.020833
0 0.621704 0.361343 0.006592 0.017130
0 0.608398 0.258796 0.008301 0.019444
0 0.308716 0.877546 0.011963 0.018981
0 0.314087 0.811806 0.011475 0.019907
0 0.517944 0.909028 0.007568 0.017130
0 0.561768 0.139120 0.006836 0.016204
0 0.569458 0.213194 0.006104 0.021759
0 0.730347 0.699306 0.008545 0.022685
0 0.667725 0.853241 0.009277 0.017593
0 0.672485 0.917593 0.009521 0.016667
0 0.677002 0.991898 0.011230 0.016204
0 0.752319 0.893287 0.010010 0.019907
0 0.741211 0.815509 0.009277 0.021759
0 0.741821 0.758796 0.011963 0.021296
0 0.716675 0.586111 0.008545 0.020370
0 0.768066 0.557870 0.009277 0.022222
0 0.758545 0.503472 0.008301 0.018056
0 0.746704 0.414120 0.012939 0.022685
0 0.706665 0.421065 0.010010 0.023611
0 0.695435 0.394676 0.008545 0.016204
0 0.627563 0.504398 0.009033 0.020833
0 0.642578 0.557870 0.005859 0.018519
0 0.824097 0.978009 0.012939 0.019907
0 0.815674 0.912037 0.011719 0.021296
0 0.798584 0.788657 0.012695 0.019907
0 0.783691 0.712037 0.009766 0.023148
0 0.768799 0.597917 0.008301 0.017130
0 0.831665 0.490278 0.009033 0.017593
0 0.826538 0.446759 0.009521 0.015741
0 0.818237 0.390741 0.008057 0.017593
0 0.872803 0.448380 0.006836 0.023611
0 0.839844 0.541667 0.009766 0.020370
0 0.846069 0.589352 0.008545 0.020370
0 0.858276 0.652083 0.009033 0.018981
0 0.865112 0.704630 0.010010 0.021296
0 0.870117 0.777315 0.008789 0.015741
0 0.890625 0.898380 0.011230 0.018981
0 0.914795 0.967361 0.013672 0.019907
0 0.975464 0.993750 0.015381 0.012500
0 0.972046 0.930787 0.010986 0.018981
0 0.935669 0.790046 0.012451 0.022685
0 0.930664 0.729398 0.010742 0.019907
0 0.997437 0.747454 0.005127 0.019907
0 0.991211 0.684491 0.009766 0.020833
0 0.972290 0.611806 0.011963 0.019907
0 0.958252 0.519676 0.012207 0.018981
0 0.946777 0.465972 0.012695 0.018056
0 0.973633 0.385648 0.009766 0.020370
0 0.838989 0.272685 0.009033 0.021296
0 0.802490 0.299537 0.008789 0.018519
0 0.733765 0.318750 0.008545 0.018981
0 0.737427 0.368287 0.008545 0.015278
0 0.685181 0.306481 0.008545 0.020370
0 0.662231 0.074074 0.007568 0.019444
0 0.707031 0.118056 0.007324 0.023148
0 0.767212 0.036574 0.007568 0.013889
0 0.887451 0.200231 0.007812 0.017130
0 0.921265 0.361111 0.008545 0.015741
0 0.942871 0.253472 0.007812 0.019907
0 0.912598 0.100463 0.008301 0.024074
0 0.669067 0.105093 0.006592 0.020370
0 0.608276 0.158102 0.006104 0.015278
0 0.793945 0.218056 0.010254 0.020370
0 0.818237 0.159722 0.009033 0.018519
0 0.831787 0.187963 0.007324 0.020370
0 0.969482 0.342361 0.011230 0.018056
0 0.582031 0.431944 0.009277 0.021296
0 0.578979 0.381019 0.008057 0.018519
0 0.575073 0.335648 0.007080 0.018519
0 0.072876 0.110880 0.008057 0.015278
0 0.083008 0.020833 0.006836 0.013889
0 0.074707 0.460185 0.011230 0.017593
0 0.154053 0.260880 0.009277 0.018981
0 0.160645 0.208333 0.008789 0.017593
0 0.165649 0.171991 0.006104 0.016204
0 0.103394 0.659954 0.009521 0.017130
0 0.056396 0.574306 0.008301 0.015278
0 0.156250 0.963426 0.011230 0.018519
0 0.184082 0.773843 0.010254 0.015278
0 0.284180 0.145833 0.007324 0.016667
0 0.278809 0.191204 0.004883 0.015741
0 0.323608 0.574537 0.008057 0.020370
0 0.331787 0.371991 0.006348 0.017130
0 0.352295 0.030556 0.008789 0.023148
0 0.394653 0.026389 0.008057 0.020370
0 0.375244 0.841435 0.008301 0.019907
0 0.512451 0.653241 0.007324 0.016667
0 0.507935 0.542361 0.008057 0.017130
0 0.507202 0.494907 0.008057 0.018519
0 0.649780 0.717824 0.008545 0.019907
0 0.657227 0.794444 0.009766 0.020370
0 0.763672 0.963889 0.007812 0.016667
0 0.694214 0.336111 0.007080 0.018519
0 0.672729 0.184259 0.006592 0.017593
0 0.711060 0.159491 0.009521 0.017130
0 0.612427 0.229630 0.007080 0.021296
0 0.663696 0.034722 0.008057 0.019444
0 0.692139 0.047685 0.006348 0.018519
0 0.883301 0.511574 0.010254 0.017593
0 0.858398 0.368750 0.008789 0.017130
0 0.837036 0.236574 0.005615 0.019444
0 0.800049 0.049769 0.007324 0.017130
0 0.996460 0.169907 0.007080 0.018519
0 0.980103 0.089815 0.009521 0.022222
0 0.918335 0.316435 0.010010 0.013426
0 0.251709 0.612269 0.010742 0.019907
0 0.289673 0.045139 0.007568 0.017130
0 0.374878 0.712731 0.009033 0.020833
0 0.621948 0.316898 0.007080 0.018056
0 0.454590 0.021528 0.008301 0.014352
0 0.934448 0.425926 0.005615 0.014815
0 0.014526 0.409491 0.006592 0.014352
0 0.244873 0.667824 0.010254 0.018056
0 0.189819 0.642130 0.011963 0.023148
0 0.786133 0.659028 0.012207 0.018981
0 0.339233 0.408565 0.007080 0.016204
0 0.387085 0.346759 0.007568 0.018519
0 0.499390 0.077083 0.006592 0.018981
0 0.707886 0.484028 0.009521 0.021759
0 0.502686 0.399769 0.008301 0.017130
0 0.004395 0.959259 0.008301 0.023148
0 0.083374 0.369907 0.011475 0.012963
0 0.098145 0.324306 0.007812 0.015278
0 0.889648 0.171296 0.008789 0.019444
0 0.162964 0.896991 0.011963 0.018981
0 0.679199 0.256944 0.009766 0.016667
0 0.916016 0.665741 0.010742 0.020370
0 0.455688 0.748843 0.008057 0.016204
0 0.593018 0.592361 0.005371 0.018056
0 0.601685 0.084954 0.007080 0.016204
0 0.223389 0.332407 0.008301 0.016667
0 0.703613 0.077546 0.004883 0.021759
0 0.039551 0.694444 0.015137 0.021296
0 0.122559 0.112500 0.008301 0.018519
0 0.517334 0.836806 0.004883 0.017130
0 0.235229 0.208102 0.006104 0.016204
0 0.006348 0.463194 0.010742 0.014352
0 0.567139 0.175463 0.008789 0.012037
0 0.695801 0.013426 0.007324 0.019444
0 0.957886 0.021991 0.006592 0.016204
0 0.567871 0.103704 0.003906 0.013889
0 0.566650 0.249537 0.006836 0.012963