0 0.147583 0.243519 0.009033 0.018519
0 0.144165 0.323611 0.008545 0.022222
0 0.124756 0.426852 0.010254 0.018519
0 0.106812 0.509954 0.012451 0.021759
0 0.117310 0.468519 0.009033 0.018519
0 0.230713 0.119213 0.008301 0.018981
0 0.229004 0.151157 0.008789 0.018056
0 0.216919 0.273148 0.008545 0.018519
0 0.259644 0.333102 0.008545 0.022685
0 0.334229 0.214352 0.007812 0.020370
0 0.281006 0.095602 0.007324 0.019907
0 0.200562 0.458102 0.009521 0.024537
0 0.207275 0.368981 0.008789 0.017593
0 0.246826 0.441667 0.010254 0.019444
0 0.322021 0.428241 0.008301 0.025000
0 0.323608 0.354398 0.007080 0.015278
0 0.329590 0.295602 0.008301 0.021759
0 0.382690 0.242130 0.007568 0.019444
0 0.450562 0.185648 0.007080 0.020370
0 0.447754 0.143981 0.005371 0.019444
0 0.442139 0.108565 0.008301 0.017130
0 0.445312 0.064815 0.008789 0.023148
0 0.335938 0.129861 0.008789 0.020833
0 0.336548 0.102083 0.006592 0.015278
0 0.344971 0.016898 0.006836 0.019907
0 0.387207 0.012963 0.006348 0.019444
0 0.384521 0.164352 0.007324 0.016667
0 0.378540 0.464352 0.007080 0.015741
0 0.371338 0.523148 0.007324 0.020370
0 0.248535 0.543750 0.009277 0.018981
0 0.029663 0.296528 0.009033 0.016204
0 0.447754 0.446759 0.007324 0.018519
0 0.443481 0.307870 0.008057 0.021296
0 0.448853 0.226620 0.007080 0.021759
0 0.446167 0.548148 0.008057 0.020370
0 0.103516 0.584954 0.015625 0.017130
0 0.096802 0.638194 0.009521 0.015278
0 0.094360 0.695833 0.010498 0.018519
0 0.074463 0.755093 0.017090 0.016667
0 0.072632 0.826157 0.012939 0.018056
0 0.054199 0.961343 0.011719 0.018056
0 0.148193 0.931019 0.011719 0.015741
0 0.177124 0.746991 0.009033 0.013426
0 0.177246 0.676620 0.010742 0.018981
0 0.231567 0.693056 0.008057 0.018519
0 0.229614 0.762500 0.009521 0.020370
0 0.213379 0.830556 0.010742 0.017593
0 0.226196 0.895370 0.007568 0.021296
0 0.293335 0.925000 0.011475 0.019444
0 0.305908 0.715509 0.009766 0.019907
0 0.313232 0.602083 0.011230 0.020833
0 0.323730 0.495833 0.007812 0.017593
0 0.377441 0.581019 0.006836 0.020370
0 0.372437 0.644676 0.006104 0.018056
0 0.362671 0.758333 0.009033 0.017593
0 0.364136 0.873843 0.010010 0.018981
0 0.449341 0.600694 0.008057 0.021759
0 0.452026 0.660648 0.007568 0.019444
0 0.457031 0.848380 0.006836 0.016204
0 0.451904 0.972454 0.008789 0.018056
0 0.454468 0.785185 0.010498 0.017593
0 0.069580 0.443287 0.010742 0.018056
0 0.293579 0.990972 0.012451 0.018056
0 0.501709 0.580324 0.008789 0.018981
0 0.505371 0.690046 0.005859 0.018981
0 0.503784 0.744444 0.009033 0.019444
0 0.590454 0.731481 0.009033 0.018519
0 0.585327 0.611343 0.007080 0.019907
0 0.572388 0.511806 0.008057 0.017130
0 0.574463 0.459259 0.006348 0.017593
0 0.616333 0.482407 0.008545 0.017593
0 0.630615 0.535648 0.006348 0.019444
0 0.635254 0.635648 0.008301 0.019444
0 0.654907 0.822917 0.008545 0.018981
0 0.662842 0.959028 0.010254 0.020833
0 0.598877 0.857176 0.006348 0.018056
0 0.599243 0.931713 0.009521 0.018981
0 0.703613 0.561806 0.008301 0.018056
0 0.746826 0.480787 0.006836 0.017130
0 0.755981 0.533565 0.007568 0.018981
0 0.755615 0.573380 0.007812 0.019907
0 0.717407 0.671991 0.008545 0.023611
0 0.727539 0.732639 0.011230 0.015278
0 0.728271 0.787500 0.009766 0.022222
0 0.737793 0.863426 0.009766 0.019444
0 0.808350 0.943750 0.012207 0.020833
0 0.660889 0.887500 0.005859 0.019444
0 0.784546 0.757870 0.013428 0.018519
0 0.769775 0.684028 0.008789 0.019907
0 0.818848 0.468287 0.008301 0.015278
0 0.827393 0.517130 0.006836 0.019444
0 0.832886 0.563889 0.007568 0.020370
0 0.844238 0.627546 0.010254 0.017130
0 0.851196 0.676620 0.010010 0.018981
0 0.855103 0.750694 0.008545 0.018056
0 0.873413 0.866435 0.010498 0.017130
0 0.801147 0.880787 0.008057 0.022685
0 0.491577 0.281944 0.008545 0.017593
0 0.489746 0.215509 0.005371 0.015278
0 0.489624 0.122454 0.007080 0.018981
0 0.598999 0.241435 0.010010 0.018056
0 0.553589 0.125694 0.005615 0.018056
0 0.598511 0.144213 0.004639 0.021759
0 0.674683 0.288889 0.008545 0.019444
0 0.612061 0.341435 0.006348 0.015278
0 0.568604 0.361574 0.006348 0.016667
0 0.497925 0.420139 0.008057 0.019907
0 0.571899 0.410185 0.009521 0.017593
0 0.627441 0.431019 0.008789 0.025000
0 0.444824 0.355093 0.007324 0.013889
0 0.447876 0.395833 0.007080 0.016667
0 0.659912 0.090278 0.007812 0.019444
0 0.651978 0.059954 0.006104 0.017130
0 0.653564 0.021991 0.007324 0.017130
0 0.827393 0.254861 0.009277 0.021759
0 0.791016 0.280324 0.009766 0.017130
0 0.722046 0.298611 0.008057 0.016667
0 0.725830 0.348611 0.007324 0.015741
0 0.683716 0.374074 0.007080 0.014815
0 0.695557 0.400926 0.008789 0.023148
0 0.735107 0.393750 0.012207 0.024537
0 0.697144 0.103935 0.007080 0.015278
0 0.807617 0.142593 0.007812 0.019444
0 0.875488 0.183796 0.008301 0.018519
0 0.806030 0.368981 0.006592 0.016667
0 0.814331 0.425926 0.009033 0.022222
0 0.908569 0.340972 0.007080 0.015278
0 0.933350 0.444907 0.010254 0.014815
0 0.943481 0.496296 0.011475 0.016667
0 0.957397 0.324074 0.009521 0.019444
0 0.959595 0.364815 0.009521 0.016667
0 0.860962 0.425926 0.006592 0.020370
0 0.845215 0.345833 0.010254 0.018519
0 0.559448 0.194907 0.005127 0.015741
0 0.271484 0.218287 0.008301 0.020833
0 0.271851 0.177083 0.005615 0.016204
0 0.299927 0.847454 0.010498 0.017130
0 0.507324 0.877315 0.008789 0.019444
0 0.645264 0.766204 0.010742 0.021296
0 0.744629 0.993287 0.010254 0.013426
0 0.897827 0.934722 0.014404 0.021296
0 0.958008 0.961806 0.013672 0.022685
0 0.919800 0.760185 0.013428 0.017593
0 0.915039 0.702546 0.010254 0.021759
0 0.984375 0.721528 0.012207 0.021759
0 0.976929 0.660185 0.009033 0.022222
0 0.068115 0.102778 0.008301 0.015741
0 0.054810 0.138194 0.005127 0.009722
0 0.077148 0.351389 0.009277 0.017593
0 0.009033 0.390278 0.006348 0.012037
0 0.051392 0.552083 0.007080 0.013426
0 0.032837 0.668981 0.012451 0.016667
0 0.117432 0.097917 0.008789 0.016204
0 0.154907 0.192824 0.009033 0.018981
0 0.079346 0.010648 0.008789 0.015741
0 0.215088 0.223843 0.004883 0.014352
0 0.216553 0.314815 0.007324 0.015741
0 0.204468 0.406019 0.005127 0.014815
0 0.182861 0.615278 0.010254 0.016667
0 0.048340 0.616435 0.012207 0.015278
0 0.276855 0.128241 0.006836 0.014815
0 0.267700 0.250231 0.005615 0.012500
0 0.238770 0.643287 0.005859 0.014352
0 0.303345 0.783333 0.007568 0.021296
0 0.315918 0.548843 0.007812 0.015278
0 0.330444 0.390278 0.006104 0.015741
0 0.283203 0.030556 0.007324 0.015741
0 0.379883 0.328472 0.007324 0.018056
0 0.445923 0.722685 0.007080 0.014815
0 0.446655 0.009491 0.006592 0.018056
0 0.491333 0.062037 0.006592 0.016667
0 0.497314 0.472917 0.006836 0.017130
0 0.498657 0.521759 0.005127 0.017593
0 0.502441 0.628472 0.008789 0.016204
0 0.506226 0.806944 0.005127 0.016667
0 0.637939 0.691435 0.008301 0.021759
0 0.612305 0.297222 0.005859 0.014815
0 0.565063 0.319444 0.007568 0.016667
0 0.603516 0.212731 0.004883 0.017130
0 0.559937 0.090278 0.005127 0.012963
0 0.547974 0.020139 0.006592 0.013426
0 0.591309 0.032407 0.005859 0.013889
0 0.592529 0.070602 0.006348 0.018056
0 0.663208 0.167593 0.005615 0.020370
0 0.669922 0.242361 0.004883 0.014352
0 0.684448 0.037037 0.005127 0.020370
0 0.801636 0.333102 0.004639 0.016204
0 0.699707 0.146296 0.006348 0.017593
0 0.757324 0.025463 0.008301 0.015741
0 0.790527 0.038194 0.005859 0.016204
0 0.781982 0.202315 0.008789 0.018519
0 0.902100 0.086574 0.005859 0.019444
0 0.930420 0.235880 0.005859 0.016204
0 0.906250 0.296296 0.008789 0.018519
0 0.894775 0.263194 0.006348 0.012500
0 0.921387 0.405556 0.005859 0.017593
0 0.957520 0.589352 0.009277 0.021296
0 0.952759 0.896991 0.009033 0.017130
0 0.989990 0.457870 0.009766 0.016667
0 0.992798 0.185417 0.009033 0.018056
0 0.968506 0.073611 0.007812 0.016667
0 0.946777 0.009028 0.005859 0.013426