0 0.025024 0.086574 0.018799 0.048148
0 0.016968 0.228472 0.022705 0.044907
0 0.209595 0.007639 0.016846 0.014352
0 0.337891 0.084028 0.014648 0.041204
0 0.318848 0.203935 0.016602 0.035648
0 0.194458 0.233333 0.022705 0.035185
0 0.296753 0.295833 0.017822 0.047222
0 0.177246 0.356250 0.020996 0.040278
0 0.274292 0.431481 0.018311 0.036111
0 0.156494 0.471991 0.022949 0.040278
0 0.270752 0.559028 0.019531 0.033796
0 0.139282 0.622222 0.023193 0.035185
0 0.247070 0.690278 0.015625 0.030556
0 0.125000 0.746296 0.024902 0.039815
0 0.241699 0.850463 0.020020 0.042593
0 0.101318 0.853472 0.014648 0.031019
0 0.089233 0.977083 0.027100 0.034722
0 0.386719 0.919676 0.017090 0.037500
0 0.497437 0.884491 0.016357 0.028241
0 0.517578 0.769676 0.020020 0.042130
0 0.392578 0.794907 0.012695 0.029630
0 0.404419 0.657176 0.018311 0.043056
0 0.540894 0.627546 0.017334 0.031019
0 0.546631 0.515046 0.016602 0.037500
0 0.423584 0.542593 0.019043 0.037963
0 0.430786 0.404398 0.012939 0.039352
0 0.563477 0.394213 0.017578 0.036574
0 0.443359 0.276852 0.018555 0.038889
0 0.559326 0.259491 0.018555 0.040278
0 0.470459 0.162037 0.020508 0.047222
0 0.581177 0.132176 0.017334 0.034722
0 0.463501 0.060417 0.014404 0.033796
0 0.586426 0.022685 0.019531 0.044444
0 0.739502 0.181250 0.014160 0.030093
0 0.746704 0.093519 0.014404 0.030556
0 0.872437 0.053241 0.024170 0.041667
0 0.853516 0.126620 0.018066 0.035648
0 0.883423 0.198148 0.018799 0.031481
0 0.850708 0.294213 0.018799 0.032870
0 0.725464 0.321528 0.021240 0.041204
0 0.822998 0.399306 0.016113 0.033796
0 0.718994 0.435417 0.007324 0.029167
0 0.824707 0.520370 0.019531 0.037963
0 0.702515 0.552778 0.007080 0.009259
0 0.690918 0.667824 0.023438 0.043056
0 0.821533 0.662269 0.023438 0.037500
0 0.799194 0.773843 0.028076 0.035648
0 0.690796 0.833796 0.022705 0.038889
0 0.788574 0.906944 0.023926 0.037963
0 0.663452 0.932176 0.019775 0.040278
0 0.954468 0.944444 0.031982 0.041667
0 0.973267 0.789352 0.029541 0.039815
0 0.972534 0.667593 0.028076 0.043519
0 0.987793 0.546528 0.017578 0.034722
0 0.988892 0.416898 0.022217 0.042130
0 0.993408 0.276620 0.013184 0.044907