0 0.285156 0.096296 0.008301 0.020370
0 0.338989 0.216435 0.008057 0.019907
0 0.334106 0.297222 0.009521 0.022222
0 0.327148 0.430093 0.008301 0.028704
0 0.252930 0.444213 0.010254 0.018981
0 0.210938 0.409028 0.009277 0.015278
0 0.212646 0.370602 0.010254 0.016204
0 0.221191 0.274769 0.009766 0.013426
0 0.149048 0.324074 0.008545 0.019444
0 0.129761 0.430787 0.011475 0.018056
0 0.122925 0.469213 0.009521 0.016204
0 0.112427 0.513194 0.010498 0.020833
0 0.108643 0.588194 0.014648 0.017130
0 0.253784 0.547454 0.009033 0.019907
0 0.204834 0.462269 0.009766 0.022685
0 0.033691 0.298380 0.008789 0.017130
0 0.340942 0.101389 0.008545 0.015741
0 0.339966 0.128935 0.007568 0.020833
0 0.275513 0.219444 0.008057 0.018519
0 0.264771 0.333565 0.010498 0.021759
0 0.233765 0.119444 0.008545 0.018519
0 0.233643 0.154861 0.009766 0.021759
0 0.318970 0.605787 0.013428 0.023611
0 0.328979 0.498843 0.009521 0.022685
0 0.383911 0.585648 0.008545 0.024074
0 0.375732 0.525926 0.006836 0.023148
0 0.384399 0.466204 0.007568 0.017593
0 0.386841 0.243056 0.007080 0.019444
0 0.388550 0.163889 0.007080 0.013889
0 0.377930 0.649537 0.007812 0.018519
0 0.455322 0.605787 0.008789 0.018056
0 0.451782 0.549769 0.007568 0.020833
0 0.452515 0.446759 0.006592 0.020370
0 0.452393 0.396991 0.006836 0.018056
0 0.449707 0.356944 0.007324 0.016667
0 0.448608 0.310880 0.007568 0.019907
0 0.453491 0.226852 0.006592 0.016667
0 0.454346 0.187037 0.007812 0.020370
0 0.451782 0.143981 0.006104 0.017593
0 0.446289 0.108102 0.007324 0.015278
0 0.448975 0.065278 0.007324 0.020370
0 0.494263 0.126157 0.007568 0.021759
0 0.495239 0.217130 0.007568 0.015741
0 0.497192 0.284259 0.007080 0.022222
0 0.503174 0.423148 0.008789 0.021296
0 0.507568 0.584028 0.008789 0.020833
0 0.458130 0.663194 0.008545 0.018056
0 0.511963 0.694907 0.005859 0.021296
0 0.510132 0.750000 0.009521 0.019444
0 0.461060 0.790046 0.010010 0.017130
0 0.369141 0.763194 0.009766 0.016204
0 0.369995 0.877315 0.010010 0.020370
0 0.311768 0.718519 0.010742 0.021296
0 0.235718 0.766898 0.009521 0.021759
0 0.236938 0.697685 0.009521 0.017593
0 0.182739 0.681250 0.011475 0.018056
0 0.099243 0.699074 0.011475 0.019444
0 0.080322 0.761111 0.016113 0.021296
0 0.077637 0.828241 0.013184 0.019444
0 0.219971 0.836574 0.012695 0.018519
0 0.232544 0.901389 0.009033 0.019444
0 0.299194 0.930324 0.012939 0.019907
0 0.300171 0.995370 0.010986 0.009259
0 0.463013 0.853704 0.007568 0.021296
0 0.060913 0.966435 0.014404 0.018981
0 0.580200 0.463194 0.007568 0.018056
0 0.579102 0.517361 0.007812 0.017130
0 0.591675 0.616204 0.007568 0.020370
0 0.596313 0.735880 0.009521 0.019907
0 0.605225 0.862037 0.007324 0.017593
0 0.605957 0.937963 0.010742 0.017593
0 0.641846 0.640046 0.009766 0.018056
0 0.632690 0.435417 0.010010 0.020833
0 0.617065 0.345602 0.006592 0.017130
0 0.603516 0.243519 0.008301 0.019444
0 0.306030 0.853472 0.011963 0.018981
0 0.311157 0.789583 0.011475 0.019907
0 0.513062 0.882639 0.007568 0.017130
0 0.557861 0.125694 0.006836 0.016204
0 0.565308 0.197917 0.006104 0.021759
0 0.723511 0.675694 0.008545 0.022685
0 0.661865 0.828704 0.009277 0.017593
0 0.666138 0.891667 0.009521 0.016667
0 0.670654 0.967593 0.009766 0.019444
0 0.752441 0.995370 0.013184 0.009259
0 0.744751 0.867824 0.010010 0.019907
0 0.734863 0.791898 0.009277 0.021759
0 0.734253 0.735185 0.011963 0.021296
0 0.710815 0.564815 0.008545 0.020370
0 0.761963 0.537963 0.009277 0.022222
0 0.753174 0.484954 0.008301 0.018056
0 0.740845 0.396991 0.012939 0.022685
0 0.701294 0.404398 0.010010 0.023611
0 0.689819 0.377083 0.008545 0.016204
0 0.622681 0.485185 0.009033 0.023148
0 0.637451 0.539815 0.005859 0.018519
0 0.816772 0.951157 0.012939 0.019907
0 0.809082 0.885648 0.011719 0.021296
0 0.791504 0.764120 0.012695 0.019907
0 0.777100 0.688426 0.009766 0.023148
0 0.762451 0.578935 0.008301 0.017130
0 0.825317 0.472685 0.009033 0.017593
0 0.821167 0.428241 0.009521 0.015741
0 0.812134 0.372222 0.008057 0.017593
0 0.866943 0.430556 0.005371 0.024074
0 0.833740 0.522222 0.009766 0.020370
0 0.840454 0.570833 0.008545 0.020370
0 0.851685 0.632639 0.009033 0.018981
0 0.858765 0.681944 0.010010 0.021296
0 0.862305 0.753704 0.008789 0.015741
0 0.882324 0.873380 0.011230 0.018981
0 0.905762 0.940972 0.013672 0.019907
0 0.965698 0.969676 0.015381 0.023611
0 0.962280 0.903935 0.010986 0.018981
0 0.926880 0.766898 0.012451 0.022685
0 0.922852 0.707639 0.010742 0.019907
0 0.991455 0.727778 0.013184 0.016667
0 0.984375 0.664120 0.009766 0.020833
0 0.964966 0.592824 0.011963 0.019907
0 0.949951 0.501620 0.012207 0.018981
0 0.940186 0.448380 0.011230 0.018056
0 0.965942 0.367593 0.008057 0.019444
0 0.832642 0.257870 0.009033 0.021296
0 0.796387 0.283333 0.008789 0.018519
0 0.728394 0.303009 0.008545 0.018981
0 0.732056 0.351620 0.008545 0.015278
0 0.680054 0.292130 0.008545 0.020370
0 0.657837 0.061111 0.007568 0.019444
0 0.702637 0.105556 0.007324 0.023148
0 0.762573 0.025463 0.007568 0.013889
0 0.880615 0.185417 0.007812 0.017130
0 0.914185 0.344444 0.008545 0.015741
0 0.936279 0.240509 0.007812 0.019907
0 0.906494 0.088889 0.008301 0.024074
0 0.664917 0.092593 0.006592 0.020370
0 0.603149 0.145139 0.006104 0.015278
0 0.787109 0.200926 0.010254 0.020370
0 0.812378 0.146296 0.009033 0.018519
0 0.825439 0.173148 0.007324 0.020370
0 0.962402 0.327546 0.011230 0.018056
0 0.577881 0.413889 0.009277 0.021296
0 0.573853 0.365278 0.008057 0.018519
0 0.570190 0.320833 0.007080 0.018519
0 0.070923 0.102083 0.008057 0.015278
0 0.081299 0.008796 0.006836 0.013889
0 0.073975 0.443056 0.011230 0.017593
0 0.151855 0.245139 0.009277 0.018981
0 0.158691 0.193519 0.008789 0.017593
0 0.163452 0.156713 0.006104 0.016204
0 0.102417 0.641898 0.009521 0.017130
0 0.055420 0.554861 0.008301 0.015278
0 0.154541 0.936111 0.011230 0.018519
0 0.182373 0.752083 0.010254 0.015278
0 0.281738 0.132870 0.007324 0.016667
0 0.277100 0.176852 0.004883 0.015741
0 0.320923 0.552778 0.008057 0.020370
0 0.327881 0.356019 0.004883 0.013889
0 0.349121 0.018519 0.008789 0.023148
0 0.391724 0.014815 0.008057 0.020370
0 0.372314 0.817361 0.008301 0.019907
0 0.508057 0.632870 0.007324 0.016667
0 0.503906 0.523380 0.008301 0.019907
0 0.502075 0.476852 0.008057 0.018519
0 0.643921 0.693287 0.008545 0.019907
0 0.651123 0.770370 0.009766 0.020370
0 0.755615 0.937037 0.007812 0.016667
0 0.688599 0.320833 0.007080 0.018519
0 0.668091 0.170370 0.006592 0.017593
0 0.706909 0.148380 0.009521 0.017130
0 0.609009 0.216204 0.007080 0.021296
0 0.658813 0.021759 0.008057 0.019444
0 0.688477 0.039352 0.006348 0.018519
0 0.876709 0.492130 0.010254 0.017593
0 0.852295 0.349769 0.008789 0.017130
0 0.830200 0.221759 0.005615 0.019444
0 0.795898 0.040046 0.007324 0.017130
0 0.991943 0.156944 0.011719 0.021296
0 0.973999 0.075926 0.009521 0.022222
0 0.912720 0.300231 0.010010 0.013426
0 0.994873 0.457870 0.010254 0.017593
0 0.248779 0.591435 0.010742 0.019907
0 0.287231 0.034028 0.007568 0.017130
0 0.458618 0.977315 0.010010 0.019444
0 0.371216 0.691898 0.009033 0.020833
0 0.617310 0.301157 0.007080 0.018056
0 0.451660 0.010880 0.008301 0.014352
0 0.926880 0.408333 0.005615 0.014815
0 0.996826 0.189120 0.006348 0.018056
0 0.014282 0.393750 0.006592 0.014352
0 0.241943 0.647454 0.010254 0.018056
0 0.186890 0.621296 0.011963 0.023148
0 0.778809 0.637731 0.012207 0.018981
0 0.336060 0.390509 0.007080 0.016204
0 0.384399 0.330093 0.007568 0.018519
0 0.495972 0.065509 0.006592 0.018981
0 0.701294 0.465972 0.009521 0.021759
0 0.498047 0.382176 0.008301 0.017130
0 0.004150 0.931713 0.007812 0.020833
0 0.082397 0.354167 0.011475 0.012963
0 0.097168 0.308565 0.007812 0.015278
0 0.882812 0.156944 0.008789 0.019444
0 0.159302 0.867824 0.011963 0.018981
0 0.673340 0.245370 0.009766 0.016667
0 0.908447 0.644907 0.010742 0.020370
0 0.451294 0.725231 0.008057 0.016204
0 0.588135 0.571991 0.005371 0.018056
0 0.597778 0.071528 0.007080 0.016204
0 0.220703 0.316667 0.008301 0.016667
0 0.699463 0.064120 0.004883 0.021759
0 0.038086 0.672222 0.013184 0.021296
0 0.121826 0.099537 0.008301 0.018519
0 0.512207 0.815046 0.004883 0.017130
0 0.233765 0.195602 0.006104 0.016204
0 0.006348 0.446065 0.010742 0.014352
0 0.562134 0.162731 0.006104 0.008796