0 0.283447 0.092593 0.008301 0.020370
0 0.336548 0.212731 0.008057 0.019907
0 0.331665 0.291667 0.009033 0.021296
0 0.324341 0.422685 0.009521 0.023148
0 0.249023 0.437269 0.010254 0.018981
0 0.208740 0.403009 0.009277 0.015278
0 0.210205 0.365046 0.010254 0.016204
0 0.218750 0.270139 0.009766 0.013426
0 0.146606 0.319213 0.009033 0.022685
0 0.127319 0.424306 0.011475 0.018056
0 0.120972 0.465046 0.009521 0.016204
0 0.110229 0.507639 0.010498 0.020833
0 0.106934 0.582639 0.014648 0.017130
0 0.251343 0.539120 0.009033 0.019907
0 0.202393 0.456713 0.009766 0.022685
0 0.032227 0.293750 0.008789 0.017130
0 0.339722 0.100000 0.008545 0.015741
0 0.338257 0.127083 0.007568 0.020833
0 0.273804 0.214815 0.008057 0.018519
0 0.262573 0.330324 0.010498 0.021759
0 0.232056 0.116204 0.008545 0.018519
0 0.231201 0.150694 0.009766 0.021759
0 0.315674 0.599074 0.011230 0.018519
0 0.327393 0.493750 0.007812 0.018056
0 0.380737 0.577778 0.008545 0.024074
0 0.373047 0.518981 0.006836 0.023148
0 0.381714 0.460185 0.007568 0.017593
0 0.384155 0.239352 0.007080 0.019444
0 0.386597 0.161111 0.007080 0.013889
0 0.375000 0.641204 0.007812 0.018519
0 0.452393 0.598843 0.008789 0.018056
0 0.449585 0.543750 0.007568 0.020833
0 0.449585 0.442130 0.006592 0.020370
0 0.450195 0.393287 0.006836 0.018056
0 0.447021 0.351852 0.007324 0.016667
0 0.445679 0.306250 0.007568 0.019907
0 0.451050 0.223611 0.006592 0.016667
0 0.452148 0.183333 0.007812 0.020370
0 0.449829 0.141667 0.006104 0.017593
0 0.444580 0.105324 0.007324 0.015278
0 0.446533 0.060185 0.007324 0.020370
0 0.491333 0.120139 0.007568 0.021759
0 0.492065 0.211111 0.007568 0.015741
0 0.494019 0.280093 0.007080 0.022222
0 0.499756 0.417593 0.008789 0.021296
0 0.504639 0.577546 0.008789 0.020833
0 0.454956 0.657176 0.008545 0.018056
0 0.508301 0.687037 0.005859 0.021296
0 0.506836 0.741204 0.009277 0.020370
0 0.457886 0.783102 0.010010 0.017130
0 0.366211 0.755324 0.009766 0.016204
0 0.367065 0.869444 0.010010 0.020370
0 0.308594 0.712500 0.010742 0.021296
0 0.233032 0.759028 0.009521 0.021759
0 0.234253 0.690278 0.009521 0.017593
0 0.180298 0.674306 0.011475 0.018056
0 0.097290 0.693519 0.011475 0.019444
0 0.077637 0.753704 0.016113 0.021296
0 0.075928 0.823148 0.013184 0.019444
0 0.217041 0.827778 0.012695 0.018519
0 0.229492 0.891898 0.008301 0.018056
0 0.296021 0.920602 0.012939 0.019907
0 0.297241 0.989815 0.011475 0.020370
0 0.459595 0.846296 0.007568 0.021296
0 0.057739 0.957176 0.014404 0.018981
0 0.576294 0.456250 0.007568 0.018056
0 0.575439 0.511343 0.008301 0.018981
0 0.587036 0.608333 0.007568 0.020370
0 0.593384 0.728472 0.009521 0.019907
0 0.602051 0.854167 0.007324 0.017593
0 0.603027 0.928241 0.010742 0.017593
0 0.637939 0.631250 0.009766 0.018056
0 0.629517 0.428009 0.010010 0.020833
0 0.613647 0.339120 0.006592 0.017130
0 0.600830 0.238889 0.008301 0.019444
0 0.302856 0.844213 0.011963 0.018981
0 0.307007 0.779861 0.011475 0.019907
0 0.509888 0.873843 0.007568 0.017130
0 0.555176 0.122917 0.006836 0.016204
0 0.561890 0.192824 0.005127 0.016204
0 0.719604 0.669213 0.008545 0.022685
0 0.657959 0.819444 0.009277 0.017593
0 0.663208 0.882407 0.007568 0.016667
0 0.666992 0.957870 0.009766 0.019444
0 0.748169 0.992130 0.011963 0.015741
0 0.740845 0.859491 0.010010 0.019907
0 0.730713 0.784028 0.009277 0.021759
0 0.730347 0.726389 0.011963 0.021296
0 0.706421 0.559028 0.009033 0.016204
0 0.757568 0.529630 0.009277 0.022222
0 0.748291 0.479398 0.008301 0.018056
0 0.737183 0.391435 0.012939 0.022685
0 0.698120 0.397917 0.010010 0.023611
0 0.686401 0.371991 0.008057 0.014352
0 0.619019 0.477546 0.006592 0.019907
0 0.633667 0.531019 0.005615 0.014815
0 0.811646 0.940972 0.012939 0.019907
0 0.803467 0.876852 0.011719 0.021296
0 0.787109 0.755787 0.012695 0.019907
0 0.772461 0.681944 0.009766 0.023148
0 0.757812 0.569676 0.008301 0.017130
0 0.821777 0.466204 0.007812 0.015741
0 0.816284 0.421296 0.009521 0.015741
0 0.807251 0.367130 0.008057 0.017593
0 0.863037 0.424537 0.005371 0.024074
0 0.829956 0.514815 0.008057 0.022222
0 0.835327 0.561806 0.007080 0.020833
0 0.846802 0.624306 0.009033 0.018981
0 0.853882 0.674074 0.010010 0.021296
0 0.857178 0.745370 0.008789 0.015741
0 0.876709 0.862731 0.011230 0.018981
0 0.900391 0.930787 0.013672 0.019907
0 0.961060 0.959954 0.015381 0.023611
0 0.956177 0.894676 0.010986 0.018981
0 0.921997 0.757870 0.013916 0.021296
0 0.918213 0.698843 0.010742 0.019907
0 0.987061 0.718981 0.013184 0.016667
0 0.979248 0.654861 0.009766 0.020833
0 0.958618 0.584491 0.011963 0.019907
0 0.945557 0.493750 0.012207 0.018981
0 0.934814 0.441898 0.011230 0.018056
0 0.961548 0.362963 0.008057 0.019444
0 0.829224 0.251389 0.009033 0.021296
0 0.791748 0.277778 0.008789 0.018519
0 0.724487 0.296759 0.007080 0.015741
0 0.728516 0.346065 0.007812 0.015278
0 0.677124 0.286111 0.008545 0.020370
0 0.654175 0.058333 0.007568 0.019444
0 0.699341 0.100926 0.006592 0.023148
0 0.758423 0.021759 0.007568 0.013889
0 0.877197 0.182176 0.007812 0.017130
0 0.909546 0.337963 0.008545 0.015741
0 0.932129 0.233565 0.006348 0.018981
0 0.902100 0.083796 0.008301 0.024074
0 0.661255 0.088889 0.006592 0.020370
0 0.600220 0.140972 0.006104 0.015278
0 0.782959 0.198611 0.010254 0.020370
0 0.809204 0.141667 0.009033 0.018519
0 0.822754 0.170139 0.007812 0.023611
0 0.958740 0.322454 0.011230 0.018056
0 0.574097 0.407870 0.008057 0.017593
0 0.570923 0.358333 0.009033 0.016667
0 0.567261 0.316204 0.007080 0.018519
0 0.068970 0.098843 0.008057 0.015278
0 0.079834 0.007870 0.006836 0.013889
0 0.117676 0.094907 0.009766 0.018519
0 0.070557 0.437037 0.008789 0.013889
0 0.149536 0.241667 0.008545 0.015741
0 0.156738 0.190278 0.008789 0.017593
0 0.162231 0.153472 0.006104 0.016204
0 0.099976 0.634028 0.009521 0.017130
0 0.054443 0.548843 0.008301 0.015278
0 0.151978 0.927315 0.011963 0.020370
0 0.179688 0.744676 0.010254 0.015278
0 0.279297 0.127778 0.007324 0.016667
0 0.274170 0.172222 0.004883 0.015741
0 0.317993 0.546759 0.008057 0.020370
0 0.325684 0.350463 0.004883 0.013889
0 0.347168 0.014815 0.008789 0.023148
0 0.389526 0.011574 0.007080 0.022222
0 0.510010 0.802315 0.006348 0.014815
0 0.369141 0.809491 0.008301 0.019907
0 0.504639 0.624074 0.007324 0.016667
0 0.499756 0.518287 0.008301 0.019907
0 0.499878 0.470370 0.008057 0.018519
0 0.640015 0.687731 0.008545 0.019907
0 0.647461 0.762500 0.009766 0.020370
0 0.750977 0.927778 0.007812 0.016667
0 0.684692 0.314815 0.007080 0.018519
0 0.664673 0.164815 0.006592 0.017593
0 0.703491 0.144213 0.009521 0.017130
0 0.605713 0.208796 0.005859 0.017593
0 0.655884 0.018981 0.008057 0.019444
0 0.685791 0.033796 0.006348 0.018519
0 0.872559 0.486574 0.010254 0.017593
0 0.847168 0.345139 0.008789 0.017130
0 0.827515 0.216667 0.005615 0.019444
0 0.792969 0.037269 0.007324 0.017130
0 0.986328 0.150926 0.008301 0.019444
0 0.969727 0.071296 0.008789 0.020370
0 0.907837 0.293750 0.010010 0.013426
0 0.990845 0.453704 0.011963 0.016667
0 0.158325 0.995139 0.012451 0.009722
0 0.246338 0.586806 0.008789 0.017130
0 0.285278 0.028935 0.007568 0.017130
0 0.455200 0.968981 0.010010 0.019444
0 0.368774 0.687269 0.009033 0.020833
0 0.613770 0.295139 0.004395 0.017130
0 0.449463 0.007870 0.008301 0.014815
0 0.922974 0.402315 0.005615 0.014815
0 0.993896 0.184954 0.009277 0.021759
0 0.011353 0.386806 0.006592 0.014352
0 0.238770 0.641435 0.010254 0.018056
0 0.185059 0.612500 0.010742 0.019444
0 0.774902 0.631250 0.012207 0.018981
0 0.333618 0.387269 0.007080 0.016204
0 0.381226 0.324074 0.008057 0.016667
0 0.493042 0.060417 0.006592 0.018981
0 0.698120 0.461343 0.008057 0.021759
0 0.494629 0.377546 0.008301 0.017130
0 0.003296 0.921065 0.006104 0.017130
0 0.080200 0.346759 0.011475 0.012963
0 0.094971 0.303009 0.007812 0.015278
0 0.879883 0.152778 0.008789 0.019444
0 0.157104 0.862731 0.011963 0.018981
0 0.670654 0.239352 0.009766 0.016667
0 0.903320 0.636574 0.010742 0.020370
0 0.448364 0.718287 0.007568 0.018056
0 0.584595 0.564583 0.005615 0.018056
0 0.595337 0.068287 0.007080 0.016204
0 0.218262 0.312963 0.008301 0.016667
0 0.696045 0.059491 0.004883 0.021759