0 0.050781 0.057407 0.019531 0.041667
0 0.037964 0.194907 0.022705 0.044444
0 0.007690 0.287963 0.014893 0.046296
0 0.236450 0.008333 0.011963 0.015741
0 0.229126 0.117361 0.012451 0.032870
0 0.361450 0.093056 0.015869 0.037037
0 0.338013 0.210648 0.014404 0.036111
0 0.213867 0.226389 0.023926 0.039815
0 0.311523 0.301852 0.022461 0.048148
0 0.192383 0.342824 0.021484 0.035648
0 0.284668 0.431713 0.020996 0.039352
0 0.167114 0.456481 0.020752 0.042593
0 0.278320 0.559954 0.019531 0.033796
0 0.145142 0.605093 0.023193 0.034259
0 0.250122 0.687269 0.014893 0.031019
0 0.126343 0.724537 0.025635 0.038889
0 0.096191 0.831944 0.020996 0.024074
0 0.237183 0.845139 0.023682 0.035648
0 0.379761 0.918519 0.013916 0.013889
0 0.489380 0.916435 0.020752 0.033796
0 0.514648 0.803472 0.020996 0.041204
0 0.390991 0.813657 0.012451 0.027315
0 0.406860 0.676389 0.018311 0.041667
0 0.542480 0.662500 0.017090 0.031481
0 0.553833 0.551852 0.017822 0.034259
0 0.432007 0.564352 0.016846 0.040741
0 0.443359 0.428241 0.014648 0.037037
0 0.575806 0.434491 0.015869 0.035648
0 0.458984 0.300231 0.019043 0.040278
0 0.576538 0.299769 0.016846 0.038426
0 0.490601 0.190278 0.020264 0.044444
0 0.601440 0.174306 0.016846 0.033796
0 0.489014 0.084954 0.015625 0.033796
0 0.611328 0.062037 0.017090 0.044444
0 0.799194 0.021759 0.012939 0.026852
0 0.920410 0.016435 0.025879 0.031944
0 0.897217 0.130556 0.026855 0.042593
0 0.769043 0.156944 0.013184 0.034259
0 0.739380 0.382407 0.020752 0.039815
0 0.759521 0.241898 0.016113 0.031019
0 0.875122 0.204398 0.024658 0.042130
0 0.903809 0.279398 0.018066 0.024537
0 0.866577 0.371528 0.017334 0.040278
0 0.836182 0.475000 0.017578 0.037037
0 0.730225 0.497917 0.010254 0.031019
0 0.830566 0.595139 0.018555 0.036574
0 0.707153 0.611343 0.009521 0.015278
0 0.692627 0.724306 0.023438 0.040278
0 0.823120 0.737269 0.023682 0.043056
0 0.798340 0.848611 0.027344 0.039815
0 0.686035 0.893287 0.022461 0.043056
0 0.781616 0.977546 0.023193 0.037500
0 0.653809 0.981944 0.024414 0.033333
0 0.971924 0.887037 0.025391 0.037037
0 0.975830 0.764352 0.024414 0.041667
0 0.992432 0.643519 0.015137 0.032407
0 0.995850 0.517130 0.008301 0.034259