0 0.055908 0.889352 0.017578 0.022222
0 0.104004 0.943519 0.018555 0.025000
0 0.096191 0.838657 0.015625 0.017130
0 0.120850 0.747685 0.016113 0.019444
0 0.142090 0.673380 0.017578 0.022685
0 0.067505 0.638194 0.013916 0.020833
0 0.074341 0.699306 0.016846 0.016204
0 0.146484 0.581019 0.014648 0.020370
0 0.143311 0.510185 0.016602 0.021296
0 0.082153 0.534954 0.016357 0.019907
0 0.083618 0.464815 0.018311 0.024074
0 0.149170 0.415046 0.017578 0.025463
0 0.025024 0.235648 0.013916 0.021296
0 0.039062 0.149537 0.015137 0.015741
0 0.124268 0.160417 0.015137 0.025463
0 0.106567 0.237500 0.018799 0.024074
0 0.110962 0.295139 0.015869 0.031944
0 0.176514 0.276852 0.016113 0.025000
0 0.181152 0.219213 0.014648 0.023611
0 0.193481 0.142361 0.015381 0.028241
0 0.254883 0.789352 0.014648 0.025926
0 0.258545 0.696296 0.014160 0.024074
0 0.267090 0.531481 0.017090 0.027778
0 0.279663 0.377546 0.014893 0.028241
0 0.293579 0.224074 0.013428 0.028704
0 0.298218 0.162037 0.013916 0.031481
0 0.290161 0.299537 0.013428 0.037037
0 0.344727 0.347222 0.014648 0.026852
0 0.355591 0.276157 0.012939 0.025463
0 0.353027 0.185417 0.013672 0.028241
0 0.367554 0.123843 0.011963 0.027315
0 0.376709 0.050926 0.011230 0.033333
0 0.347656 0.493287 0.010742 0.025463
0 0.339111 0.575231 0.014160 0.028241
0 0.319946 0.844444 0.011963 0.022222
0 0.321411 0.926852 0.011475 0.022222
0 0.431763 0.896065 0.008057 0.021759
0 0.432983 0.788194 0.005615 0.022685
0 0.199585 0.075926 0.010010 0.021296
0 0.456177 0.012731 0.011963 0.020833
0 0.452393 0.144676 0.013184 0.031019
0 0.449341 0.236343 0.012939 0.023611
0 0.451172 0.302546 0.010742 0.031944
0 0.438843 0.375231 0.012451 0.028241
0 0.441895 0.544444 0.013184 0.030556
0 0.443115 0.630093 0.012695 0.028704
0 0.508301 0.578241 0.010254 0.023148
0 0.508789 0.495602 0.011230 0.025463
0 0.434326 0.711111 0.010254 0.018519
0 0.419312 0.892130 0.011475 0.023148
0 0.510010 0.841667 0.015137 0.027778
0 0.517090 0.927315 0.012207 0.024074
0 0.508423 0.750926 0.010010 0.022222
0 0.498657 0.679861 0.011963 0.023611
0 0.508423 0.411574 0.013428 0.026852
0 0.512573 0.336343 0.010498 0.026389
0 0.514282 0.182870 0.010986 0.027778
0 0.507690 0.130556 0.013428 0.025926
0 0.521484 0.050000 0.011230 0.025926
0 0.284912 0.452778 0.011230 0.021296
0 0.167847 0.364583 0.015869 0.030093
0 0.100342 0.385880 0.013184 0.018056
0 0.123413 0.081481 0.011963 0.026852
0 0.290894 0.086111 0.010986 0.026852
0 0.246094 0.869444 0.013184 0.019444
0 0.234375 0.971065 0.015625 0.022685
0 0.440430 0.463426 0.007324 0.021296
0 0.332642 0.667593 0.011963 0.024074
0 0.345581 0.428009 0.010498 0.020833
0 0.640381 0.926389 0.018066 0.028704
0 0.710815 0.971065 0.011963 0.024537
0 0.703003 0.892130 0.012939 0.023148
0 0.691040 0.789815 0.011475 0.019444
0 0.637085 0.821065 0.013916 0.022685
0 0.705933 0.701157 0.013428 0.023611
0 0.631714 0.746065 0.014404 0.023611
0 0.634399 0.665278 0.012939 0.024074
0 0.716553 0.611574 0.014160 0.022222
0 0.633911 0.566204 0.015869 0.025926
0 0.699219 0.540509 0.012695 0.024537
0 0.628540 0.481713 0.011963 0.025463
0 0.702759 0.438426 0.011963 0.025000
0 0.636841 0.393287 0.012939 0.025463
0 0.704590 0.372454 0.012695 0.024537
0 0.639282 0.321528 0.012939 0.025463
0 0.697388 0.275463 0.013428 0.027778
0 0.640991 0.251620 0.011963 0.023611
0 0.642578 0.174769 0.010742 0.023611
0 0.707275 0.207639 0.007812 0.021759
0 0.697144 0.125231 0.011963 0.029167
0 0.637207 0.017824 0.012695 0.030093
0 0.809448 0.057407 0.015381 0.025000
0 0.806396 0.132176 0.017090 0.028241
0 0.805664 0.192361 0.014160 0.031019
0 0.807983 0.286111 0.016357 0.025926
0 0.816895 0.355787 0.016113 0.023611
0 0.813354 0.454398 0.010986 0.021759
0 0.817505 0.528472 0.015869 0.024537
0 0.829224 0.617593 0.018311 0.025000
0 0.814819 0.700231 0.015381 0.025463
0 0.827515 0.796065 0.017334 0.024537
0 0.829590 0.895370 0.016113 0.026852
0 0.821777 0.973148 0.017090 0.023148
0 0.912109 0.938426 0.017090 0.027778
0 0.895630 0.755093 0.013916 0.020370
0 0.891846 0.656250 0.013672 0.022685
0 0.889771 0.576157 0.014404 0.023611
0 0.883301 0.488657 0.013672 0.020833
0 0.876465 0.393056 0.017090 0.024074
0 0.873535 0.330787 0.013672 0.023611
0 0.881836 0.235880 0.014648 0.027315
0 0.867798 0.163194 0.011475 0.026389
0 0.864258 0.095833 0.014160 0.025000
0 0.865601 0.018287 0.012939 0.024537
0 0.992798 0.069907 0.011963 0.022222
0 0.993652 0.135648 0.011230 0.024074
0 0.995972 0.279630 0.006592 0.023148
0 0.995728 0.367824 0.007080 0.024537