0 0.988525 0.496065 0.013184 0.022685
0 0.978394 0.429861 0.014404 0.020833
0 0.974243 0.384259 0.013916 0.026852
0 0.950684 0.333796 0.009766 0.021296
0 0.991821 0.250926 0.008545 0.017593
0 0.947021 0.277315 0.013672 0.025926
0 0.938843 0.242361 0.012451 0.020833
0 0.935181 0.189583 0.013428 0.021759
0 0.922119 0.139120 0.013672 0.029167
0 0.909302 0.100000 0.010986 0.025926
0 0.972290 0.160417 0.010986 0.018981
0 0.953979 0.081944 0.009521 0.023148
0 0.977295 0.200463 0.008789 0.016667
0 0.846191 0.056019 0.008301 0.021296
0 0.848022 0.141898 0.006592 0.021759
0 0.857666 0.179167 0.009766 0.025926
0 0.880493 0.281944 0.010010 0.017593
0 0.882690 0.326157 0.011475 0.022685
0 0.883789 0.430556 0.011230 0.016667
0 0.914185 0.481250 0.013916 0.021759
0 0.936646 0.661574 0.010986 0.021296
0 0.941162 0.730787 0.014160 0.021759
0 0.953369 0.799306 0.012695 0.017130
0 0.969604 0.864352 0.013428 0.018519
0 0.979736 0.941667 0.013672 0.022222
0 0.903687 0.828935 0.013916 0.022685
0 0.904785 0.910417 0.017090 0.023611
0 0.937256 0.988889 0.016602 0.021296
0 0.902344 0.760880 0.016113 0.024537
0 0.888184 0.692361 0.013184 0.028241
0 0.879150 0.637269 0.015625 0.025463
0 0.866089 0.576157 0.010986 0.018981
0 0.859009 0.515741 0.014893 0.023148
0 0.853027 0.456019 0.013672 0.022222
0 0.848267 0.412500 0.010986 0.020370
0 0.837280 0.350694 0.011963 0.022685
0 0.824707 0.298148 0.012695 0.026852
0 0.923950 0.554861 0.006592 0.012500
0 0.804932 0.162731 0.008789 0.021759
0 0.827271 0.247917 0.012451 0.019907
0 0.799805 0.110880 0.011230 0.031019
0 0.789429 0.084028 0.008545 0.024537
0 0.780151 0.012963 0.009033 0.025000
0 0.718628 0.140278 0.010986 0.020370
0 0.734741 0.217361 0.009521 0.022685
0 0.672119 0.112963 0.010742 0.026852
0 0.681763 0.158102 0.010986 0.026389
0 0.686768 0.237037 0.010254 0.026852
0 0.695557 0.285185 0.010742 0.027778
0 0.730957 0.169213 0.010254 0.024537
0 0.721069 0.097685 0.006592 0.021296
0 0.604858 0.040741 0.008545 0.021296
0 0.614502 0.119444 0.007324 0.017593
0 0.613159 0.208565 0.009521 0.027315
0 0.620239 0.288426 0.009033 0.025926
0 0.633301 0.390972 0.012207 0.025463
0 0.798340 0.785880 0.009277 0.018056
0 0.801147 0.799074 0.016846 0.018519
0 0.791626 0.731019 0.011963 0.021296
0 0.807617 0.931944 0.013184 0.022222
0 0.784912 0.651852 0.011230 0.022222
0 0.771973 0.518056 0.013184 0.025926
0 0.712402 0.508333 0.010742 0.022222
0 0.712524 0.551389 0.009521 0.021296
0 0.725342 0.628241 0.011719 0.019444
0 0.735229 0.692130 0.011963 0.021296
0 0.738037 0.737963 0.014648 0.026852
0 0.745239 0.827778 0.015381 0.026852
0 0.755493 0.909722 0.015869 0.023148
0 0.719116 0.590278 0.006592 0.012963
0 0.703857 0.450694 0.007812 0.020833
0 0.703979 0.396065 0.012939 0.025463
0 0.748657 0.366667 0.009033 0.021296
0 0.696777 0.344907 0.009766 0.023148
0 0.743530 0.320602 0.011963 0.016204
0 0.736816 0.262037 0.008789 0.024074
0 0.660156 0.975231 0.014160 0.026389
0 0.659180 0.912731 0.012695 0.023611
0 0.651978 0.749074 0.013428 0.024074
0 0.641113 0.688426 0.010742 0.020370
0 0.643066 0.626157 0.010742 0.024537
0 0.637817 0.560880 0.010986 0.025463
0 0.629883 0.444444 0.012207 0.026852
0 0.650391 0.836574 0.010254 0.022222
0 0.603638 0.948148 0.011963 0.024074
0 0.593506 0.864583 0.011230 0.022685
0 0.591064 0.795833 0.009766 0.023148
0 0.587524 0.721991 0.010010 0.026389
0 0.586548 0.657176 0.011475 0.023611
0 0.581543 0.542361 0.012207 0.022685
0 0.569946 0.480556 0.009521 0.021296
0 0.575806 0.425463 0.007080 0.019444
0 0.570679 0.379167 0.008545 0.022222
0 0.575317 0.318981 0.012451 0.027778
0 0.568481 0.277083 0.009521 0.027315
0 0.571045 0.227315 0.008789 0.025926
0 0.564819 0.176620 0.007568 0.023611
0 0.562134 0.138889 0.007568 0.026852
0 0.559204 0.051389 0.008057 0.023148
0 0.554932 0.027083 0.004395 0.020833
0 0.484375 0.115741 0.008301 0.025000
0 0.499023 0.081019 0.005859 0.017593
0 0.492798 0.166898 0.004150 0.026389
0 0.491821 0.242593 0.008057 0.026852
0 0.485596 0.301852 0.007812 0.025926
0 0.490479 0.345370 0.006836 0.024074
0 0.491577 0.382407 0.009521 0.026852
0 0.485840 0.456250 0.008789 0.022685
0 0.487427 0.557639 0.009521 0.025463
0 0.497559 0.625000 0.007812 0.023148
0 0.489746 0.683565 0.010742 0.021759
0 0.492676 0.836574 0.009766 0.019444
0 0.496704 0.904398 0.010986 0.020833
0 0.489746 0.965972 0.008789 0.021759
0 0.433594 0.934028 0.010254 0.028241
0 0.438110 0.861343 0.009521 0.021759
0 0.434937 0.793519 0.012451 0.025000
0 0.430298 0.722454 0.009033 0.023611
0 0.433716 0.658565 0.010986 0.019907
0 0.433472 0.605787 0.010010 0.021759
0 0.434937 0.541435 0.010498 0.023611
0 0.426880 0.478009 0.009521 0.021759
0 0.435059 0.430324 0.006348 0.020833
0 0.439209 0.373148 0.007324 0.017593
0 0.438477 0.317361 0.009766 0.029167
0 0.437378 0.257407 0.009033 0.025926
0 0.447021 0.215509 0.005859 0.019907
0 0.432007 0.140509 0.009033 0.025463
0 0.440308 0.086111 0.009033 0.025000
0 0.436890 0.055324 0.007080 0.025463
0 0.322021 0.994907 0.013184 0.009259
0 0.323486 0.922917 0.010254 0.024537
0 0.324463 0.857407 0.014160 0.024074
0 0.336548 0.703241 0.013428 0.025926
0 0.337646 0.654398 0.006836 0.020833
0 0.336182 0.577778 0.011230 0.025926
0 0.335938 0.524074 0.011719 0.024074
0 0.353027 0.466204 0.010742 0.026852
0 0.352539 0.409028 0.009277 0.026389
0 0.354858 0.361806 0.009521 0.025463
0 0.367798 0.305093 0.010498 0.030556
0 0.361572 0.222685 0.008789 0.025926
0 0.369019 0.168056 0.008545 0.023148
0 0.371826 0.080093 0.008301 0.025000
0 0.326294 0.027083 0.007568 0.020833
0 0.322388 0.156713 0.008545 0.026389
0 0.321777 0.118519 0.007324 0.021296
0 0.317871 0.234722 0.009766 0.024074
0 0.312378 0.285880 0.009521 0.029167
0 0.297729 0.392130 0.010498 0.023148
0 0.296997 0.438194 0.009521 0.025463
0 0.288208 0.558333 0.012451 0.020370
0 0.292236 0.625463 0.008301 0.012037
0 0.268677 0.814815 0.012451 0.025926
0 0.272095 0.751852 0.012939 0.027778
0 0.257935 0.961574 0.014404 0.017593
0 0.264038 0.895602 0.010498 0.022685
0 0.005249 0.938194 0.010010 0.027315
0 0.102783 0.925463 0.013672 0.024074
0 0.170654 0.951389 0.011719 0.024074
0 0.167236 0.862037 0.011230 0.018519
0 0.110840 0.845139 0.010742 0.021759
0 0.013184 0.870139 0.015625 0.021759
0 0.021606 0.796296 0.016357 0.025000
0 0.040649 0.723843 0.013916 0.020833
0 0.168213 0.796296 0.011719 0.023148
0 0.190063 0.730556 0.012451 0.021296
0 0.192505 0.662963 0.011475 0.024074
0 0.203491 0.596528 0.010986 0.024537
0 0.218140 0.418287 0.011475 0.021759
0 0.227783 0.368287 0.008789 0.022685
0 0.225952 0.318519 0.009521 0.020370
0 0.233887 0.277315 0.007812 0.020370
0 0.244019 0.224306 0.009033 0.021759
0 0.242432 0.184028 0.010254 0.025463
0 0.251343 0.097685 0.010010 0.026852
0 0.263184 0.015741 0.008301 0.020370
0 0.148926 0.059491 0.007812 0.021759
0 0.156006 0.029398 0.006836 0.019907
0 0.126953 0.171065 0.010254 0.025463
0 0.123779 0.221991 0.010742 0.025463
0 0.141724 0.580324 0.012939 0.026389
0 0.120117 0.762269 0.013672 0.031019
0 0.130737 0.702083 0.012939 0.022685
0 0.165527 0.409028 0.010742 0.023611
0 0.169067 0.351157 0.012451 0.021759
0 0.181396 0.308796 0.008789 0.015741
0 0.096802 0.327546 0.013916 0.026389
0 0.107422 0.277546 0.011719 0.025463
0 0.098755 0.377315 0.011963 0.025926
0 0.078369 0.423611 0.014160 0.025926
0 0.065796 0.542361 0.013428 0.023611
0 0.078125 0.484491 0.009277 0.022685
0 0.052368 0.660880 0.012939 0.027315
0 0.058716 0.600000 0.011963 0.020370
0 0.010986 0.521991 0.014648 0.024537
0 0.004150 0.569676 0.007812 0.027315
0 0.028809 0.464120 0.013672 0.024537
0 0.061157 0.253241 0.012451 0.028704
0 0.030029 0.035880 0.009277 0.024537
0 0.015137 0.121759 0.011230 0.022222
0 0.092407 0.086806 0.010010 0.023611
0 0.095215 0.053704 0.007812 0.024074
0 0.200684 0.119444 0.010254 0.023148
0 0.187622 0.213889 0.008545 0.024074
0 0.076172 0.171296 0.005371 0.024074