0 0.142944 0.934028 0.011963 0.025463
0 0.073608 0.913889 0.013428 0.021296
0 0.163940 0.709259 0.011963 0.021296
0 0.177246 0.642824 0.012207 0.025463
0 0.104004 0.693287 0.009766 0.021759
0 0.082153 0.828472 0.013428 0.018056
0 0.154541 0.775694 0.007324 0.022685
0 0.255249 0.671296 0.011963 0.022222
0 0.252319 0.727315 0.008057 0.014815
0 0.295898 0.841667 0.013184 0.024074
0 0.294922 0.912963 0.010742 0.025000
0 0.241943 0.881481 0.010742 0.020370
0 0.141846 0.858333 0.014160 0.027778
0 0.317017 0.696065 0.008545 0.023611
0 0.316284 0.767130 0.010498 0.025926
0 0.319946 0.638194 0.011963 0.025463
0 0.004517 0.791435 0.008545 0.020833
0 0.007935 0.714120 0.015381 0.026389
0 0.031372 0.650694 0.012939 0.022685
0 0.028809 0.589815 0.011230 0.018519
0 0.044312 0.530556 0.014893 0.025000
0 0.109497 0.621065 0.014404 0.022685
0 0.127075 0.566435 0.011963 0.023611
0 0.097168 0.754398 0.011719 0.022685
0 0.176147 0.579167 0.010986 0.022222
0 0.186279 0.526852 0.009277 0.021296
0 0.197998 0.462731 0.009766 0.024537
0 0.273804 0.541435 0.010986 0.027315
0 0.334961 0.564352 0.010254 0.025926
0 0.332520 0.509722 0.003418 0.013889
0 0.330811 0.462963 0.007812 0.017593
0 0.338501 0.395833 0.009521 0.023148
0 0.287354 0.378704 0.009277 0.023148
0 0.280762 0.476157 0.010254 0.022685
0 0.413330 0.508102 0.009766 0.025463
0 0.425415 0.456481 0.006592 0.024074
0 0.409790 0.357176 0.009521 0.023611
0 0.343506 0.287500 0.009766 0.025926
0 0.419800 0.296991 0.007080 0.026389
0 0.416504 0.255324 0.008789 0.022685
0 0.064575 0.460417 0.012451 0.022685
0 0.069336 0.396296 0.012207 0.027778
0 0.197754 0.412500 0.011230 0.024074
0 0.287109 0.332176 0.007812 0.018981
0 0.209595 0.307870 0.010010 0.024074
0 0.058716 0.149769 0.012451 0.023611
0 0.106079 0.221296 0.008057 0.020370
0 0.097412 0.260417 0.010742 0.022685
0 0.035034 0.291435 0.011963 0.022685
0 0.084595 0.315278 0.010498 0.024074
0 0.012207 0.392824 0.004395 0.017130
0 0.038330 0.251852 0.010742 0.022222
0 0.112671 0.174769 0.008545 0.019907
0 0.119507 0.138889 0.005615 0.014815
0 0.004150 0.096065 0.007812 0.027315
0 0.081055 0.040509 0.008789 0.018056
0 0.021362 0.024074 0.008057 0.019444
0 0.227051 0.175000 0.010254 0.023148
0 0.225098 0.207870 0.008301 0.020370
0 0.181763 0.151389 0.010010 0.023148
0 0.138062 0.450463 0.013428 0.026852
0 0.293579 0.221991 0.009033 0.021759
0 0.296997 0.175231 0.009521 0.026389
0 0.354492 0.143287 0.009766 0.027315
0 0.356812 0.081713 0.007080 0.018981
0 0.414429 0.579630 0.011475 0.028704
0 0.473389 0.663194 0.010742 0.026389
0 0.467163 0.755093 0.010986 0.023148
0 0.408813 0.719444 0.009521 0.022222
0 0.399170 0.782870 0.010742 0.020370
0 0.407837 0.861111 0.011475 0.025926
0 0.467773 0.879630 0.010742 0.024074
0 0.472656 0.612269 0.007812 0.024537
0 0.466553 0.556713 0.007812 0.021759
0 0.475098 0.486574 0.009277 0.024074
0 0.563599 0.469444 0.010010 0.025000
0 0.560425 0.528241 0.009521 0.025926
0 0.567993 0.582639 0.012451 0.025463
0 0.563110 0.656944 0.010498 0.027778
0 0.569824 0.712731 0.009277 0.018981
0 0.557129 0.404398 0.008301 0.024537
0 0.554077 0.358102 0.009521 0.028241
0 0.476807 0.389815 0.004883 0.024074
0 0.468140 0.329630 0.009033 0.025000
0 0.482178 0.287500 0.009766 0.020370
0 0.471924 0.184491 0.008301 0.023611
0 0.421997 0.174537 0.008545 0.023148
0 0.471802 0.148843 0.006104 0.019907
0 0.479126 0.233102 0.006592 0.019907
0 0.547241 0.162269 0.008545 0.025463
0 0.547119 0.219213 0.004883 0.019907
0 0.551758 0.252315 0.008789 0.025000
0 0.405273 0.943287 0.011719 0.023611
0 0.477783 0.971528 0.009277 0.024537
0 0.574829 0.862731 0.012451 0.024537
0 0.421753 0.120602 0.008057 0.021759
0 0.426025 0.082176 0.007812 0.019907
0 0.550171 0.092361 0.008545 0.019907
0 0.595215 0.019676 0.007324 0.025463
0 0.601318 0.130324 0.008301 0.027315
0 0.598999 0.184259 0.009033 0.026852
0 0.601807 0.238194 0.008301 0.019907
0 0.307373 0.024769 0.009277 0.023611
0 0.355957 0.042593 0.007324 0.021296
0 0.311890 0.099074 0.008057 0.023148
0 0.174927 0.104861 0.007080 0.017130
0 0.473633 0.091435 0.005371 0.018056
0 0.476685 0.063194 0.005127 0.017130
0 0.544556 0.037269 0.005615 0.024537
0 0.659912 0.194676 0.008789 0.024537
0 0.655151 0.136574 0.008545 0.020370
0 0.705811 0.115972 0.008789 0.023611
0 0.712646 0.081944 0.009766 0.021296
0 0.676758 0.324306 0.011230 0.028241
0 0.687866 0.381019 0.011963 0.027778
0 0.693115 0.479861 0.010254 0.025463
0 0.703735 0.539583 0.011963 0.027315
0 0.749268 0.510417 0.008789 0.019907
0 0.746216 0.455556 0.011475 0.024074
0 0.610352 0.442361 0.009766 0.022685
0 0.613892 0.376852 0.008545 0.014815
0 0.611206 0.335185 0.008545 0.020370
0 0.729614 0.357639 0.009521 0.019907
0 0.728394 0.307407 0.010498 0.020370
0 0.728638 0.255324 0.010010 0.018981
0 0.561646 0.782639 0.009033 0.019907
0 0.632202 0.739120 0.007080 0.021759
0 0.639404 0.886574 0.011230 0.022222
0 0.634277 0.672917 0.012207 0.023611
0 0.620483 0.607176 0.009521 0.022685
0 0.618042 0.543287 0.009521 0.020833
0 0.703857 0.614583 0.011230 0.023611
0 0.713257 0.678472 0.014404 0.024537
0 0.714111 0.747917 0.008301 0.021759
0 0.765137 0.639815 0.008301 0.023148
0 0.757568 0.586806 0.013184 0.022685
0 0.644775 0.972222 0.013672 0.025000
0 0.738525 0.972917 0.014160 0.025463
0 0.729980 0.925926 0.009277 0.019444
0 0.724121 0.876157 0.009766 0.020833
0 0.723389 0.821528 0.011719 0.020833
0 0.780762 0.781019 0.007812 0.019444
0 0.790405 0.835648 0.012451 0.024074
0 0.800293 0.932639 0.010742 0.023611
0 0.889893 0.831019 0.017090 0.024074
0 0.899536 0.904398 0.012939 0.022685
0 0.916016 0.986111 0.020508 0.026852
0 0.952759 0.784722 0.015869 0.023148
0 0.882202 0.756481 0.013916 0.023148
0 0.877686 0.696991 0.011719 0.020833
0 0.864868 0.623148 0.012939 0.023148
0 0.848633 0.555787 0.012695 0.024537
0 0.851807 0.495833 0.012695 0.024074
0 0.913574 0.592361 0.010742 0.019907
0 0.911377 0.534491 0.011719 0.018056
0 0.825684 0.390278 0.010254 0.025000
0 0.884644 0.407639 0.010986 0.021759
0 0.742188 0.395370 0.010254 0.023148
0 0.709839 0.169907 0.008545 0.022222
0 0.778442 0.069213 0.008545 0.026389
0 0.789307 0.144676 0.010742 0.025463
0 0.782227 0.112731 0.007812 0.021759
0 0.703613 0.034722 0.007812 0.025000
0 0.796753 0.200231 0.008545 0.021759
0 0.802979 0.249537 0.010742 0.022222
0 0.807129 0.287037 0.008301 0.021296
0 0.818726 0.324306 0.010986 0.027315
0 0.916992 0.719444 0.012207 0.020370
0 0.989624 0.595139 0.010010 0.018981
0 0.975952 0.484028 0.013428 0.020833
0 0.970337 0.420833 0.017822 0.022222
0 0.956177 0.356019 0.014404 0.025000
0 0.941406 0.309954 0.011719 0.028241
0 0.932495 0.272454 0.010986 0.019907
0 0.873047 0.357176 0.009277 0.026389
0 0.870605 0.260417 0.007812 0.024537
0 0.919922 0.223148 0.005859 0.016667
0 0.912598 0.168056 0.010254 0.021296
0 0.906860 0.132407 0.008545 0.026852
0 0.833740 0.060648 0.011719 0.028704
0 0.970825 0.192361 0.009521 0.023611
0 0.991577 0.284722 0.007568 0.019444
0 0.845337 0.160880 0.009521 0.023611
0 0.836792 0.108796 0.007568 0.017593
0 0.207764 0.252546 0.003906 0.019907