0 0.078735 0.830556 0.013428 0.025926
0 0.139526 0.849306 0.014404 0.025463
0 0.153564 0.774306 0.011719 0.026389
0 0.971313 0.929167 0.016846 0.025926
0 0.905762 0.981250 0.018555 0.027315
0 0.896973 0.898148 0.017090 0.024074
0 0.890869 0.831481 0.014160 0.025000
0 0.876831 0.751852 0.013916 0.022222
0 0.929565 0.718750 0.012939 0.018981
0 0.860107 0.676157 0.013672 0.027315
0 0.925415 0.653935 0.012939 0.019907
0 0.862427 0.613194 0.014893 0.025463
0 0.800415 0.985648 0.015381 0.027778
0 0.728516 0.971296 0.013184 0.025000
0 0.791260 0.926157 0.012695 0.024537
0 0.719238 0.889815 0.010254 0.025000
0 0.559204 0.928009 0.010010 0.025463
0 0.566772 0.850000 0.010498 0.022222
0 0.633545 0.965278 0.006348 0.025000
0 0.632446 0.879167 0.009033 0.024074
0 0.635742 0.809028 0.012695 0.027315
0 0.718506 0.814352 0.015137 0.029630
0 0.709229 0.742593 0.011719 0.025000
0 0.772461 0.768981 0.011230 0.024074
0 0.765503 0.711574 0.015381 0.026852
0 0.756104 0.628009 0.011230 0.023611
0 0.708374 0.661343 0.013916 0.030093
0 0.697998 0.594907 0.010742 0.026852
0 0.621338 0.736574 0.013184 0.025000
0 0.560425 0.786806 0.010986 0.027315
0 0.566040 0.710185 0.011963 0.027778
0 0.557739 0.646296 0.011475 0.027778
0 0.561035 0.583565 0.010742 0.024537
0 0.554443 0.510648 0.009766 0.025926
0 0.552612 0.461111 0.008057 0.028704
0 0.610596 0.551157 0.010254 0.024537
0 0.618530 0.662731 0.010986 0.024537
0 0.692017 0.486574 0.012939 0.027778
0 0.613647 0.484028 0.009521 0.022685
0 0.611450 0.436806 0.008545 0.023611
0 0.679077 0.424769 0.010986 0.025463
0 0.748535 0.500463 0.011719 0.025926
0 0.992676 0.597685 0.014160 0.024074
0 0.987549 0.529630 0.018555 0.025000
0 0.972534 0.458102 0.016357 0.025463
0 0.904663 0.570833 0.012451 0.022222
0 0.895386 0.514815 0.015869 0.028704
0 0.885498 0.459028 0.011230 0.025463
0 0.957031 0.408565 0.013184 0.029167
0 0.946777 0.366667 0.014648 0.024074
0 0.933960 0.313889 0.008545 0.019444
0 0.753052 0.567824 0.012939 0.022685
0 0.734619 0.459722 0.010742 0.019444
0 0.733765 0.405556 0.012451 0.022222
0 0.734009 0.347917 0.011963 0.020833
0 0.805664 0.288194 0.010742 0.024537
0 0.811523 0.341667 0.012207 0.023148
0 0.828247 0.424074 0.012939 0.028704
0 0.848022 0.554167 0.008545 0.023148
0 0.834839 0.494444 0.011475 0.025000
0 0.816162 0.384028 0.009277 0.023611
0 0.796143 0.228935 0.011230 0.025463
0 0.789185 0.192593 0.009033 0.021296
0 0.785156 0.147222 0.009277 0.026852
0 0.769043 0.063426 0.007324 0.025000
0 0.843018 0.140972 0.014160 0.031019
0 0.925903 0.255093 0.012451 0.023148
0 0.987427 0.280093 0.009521 0.021296
0 0.957764 0.142130 0.010742 0.018519
0 0.898560 0.071759 0.010010 0.026852
0 0.858765 0.297685 0.005615 0.015741
0 0.855469 0.246296 0.009766 0.026852
0 0.882446 0.354630 0.007568 0.024074
0 0.919189 0.216667 0.008301 0.026852
0 0.848267 0.191435 0.004639 0.018981
0 0.714111 0.255093 0.009766 0.022222
0 0.661987 0.281481 0.008545 0.025000
0 0.709229 0.201389 0.010742 0.030556
0 0.716309 0.161343 0.010742 0.022685
0 0.708252 0.109954 0.007812 0.025463
0 0.657471 0.218519 0.008301 0.025000
0 0.601562 0.331019 0.008301 0.024074
0 0.603027 0.371759 0.010254 0.025000
0 0.598267 0.271065 0.010010 0.025463
0 0.600586 0.211111 0.008789 0.026852
0 0.597900 0.145370 0.007812 0.017593
0 0.594604 0.094444 0.007080 0.024074
0 0.541138 0.112269 0.007568 0.026389
0 0.547607 0.171991 0.008789 0.019907
0 0.544556 0.248843 0.009521 0.028241
0 0.481323 0.056944 0.009033 0.021296
0 0.471313 0.139815 0.006104 0.018519
0 0.465454 0.232870 0.006104 0.024074
0 0.465942 0.270602 0.009521 0.028241
0 0.548828 0.347222 0.009277 0.026852
0 0.544678 0.308102 0.006348 0.020833
0 0.551880 0.417361 0.008057 0.021759
0 0.473022 0.325926 0.007568 0.022222
0 0.476807 0.383102 0.009766 0.021759
0 0.461670 0.431019 0.010742 0.027778
0 0.469971 0.493056 0.006348 0.026852
0 0.468018 0.600000 0.010254 0.027778
0 0.458740 0.898148 0.012207 0.025926
0 0.465942 0.797222 0.010986 0.027778
0 0.465088 0.739583 0.010254 0.023611
0 0.458984 0.677315 0.008789 0.022222
0 0.467407 0.172222 0.005127 0.021296
0 0.469727 0.020370 0.004395 0.020370
0 0.472412 0.016204 0.003418 0.016667
0 0.418579 0.160648 0.007568 0.021296
0 0.413330 0.199537 0.008301 0.027778
0 0.414062 0.260185 0.008789 0.025000
0 0.418213 0.065741 0.008301 0.029630
0 0.276978 0.989120 0.015869 0.020833
0 0.299072 0.911574 0.012695 0.025000
0 0.388062 0.930787 0.010986 0.025463
0 0.396729 0.856713 0.011230 0.024537
0 0.403076 0.704861 0.012207 0.026389
0 0.304077 0.767593 0.012939 0.025000
0 0.299927 0.831250 0.010010 0.024537
0 0.320312 0.687500 0.011230 0.025000
0 0.402954 0.627315 0.011475 0.025926
0 0.416016 0.569444 0.007812 0.024074
0 0.316895 0.573611 0.008301 0.017593
0 0.325317 0.502778 0.010986 0.022222
0 0.400635 0.458796 0.010254 0.024074
0 0.410522 0.394444 0.009033 0.022222
0 0.408325 0.349074 0.010010 0.024074
0 0.331421 0.385185 0.010010 0.025926
0 0.344116 0.230093 0.010986 0.029630
0 0.346680 0.160880 0.009277 0.019907
0 0.346313 0.118056 0.009033 0.024074
0 0.295776 0.098148 0.009033 0.025926
0 0.299316 0.179167 0.009277 0.024074
0 0.282837 0.260417 0.008545 0.030093
0 0.279053 0.309954 0.011230 0.027315
0 0.270264 0.378009 0.013672 0.028241
0 0.272339 0.481713 0.011475 0.024537
0 0.272339 0.431250 0.009521 0.023611
0 0.233032 0.870370 0.010986 0.023148
0 0.235718 0.804167 0.013428 0.025000
0 0.256104 0.661806 0.012695 0.028241
0 0.264526 0.591435 0.011963 0.025463
0 0.153442 0.703472 0.013428 0.023611
0 0.165039 0.644213 0.010254 0.021759
0 0.178223 0.575231 0.012695 0.023611
0 0.177856 0.519444 0.013428 0.023148
0 0.191162 0.405556 0.011230 0.024074
0 0.113770 0.559491 0.012695 0.022685
0 0.015747 0.648843 0.014404 0.025463
0 0.037964 0.572917 0.013916 0.025463
0 0.043091 0.503009 0.014404 0.032870
0 0.083008 0.751389 0.016113 0.025926
0 0.103149 0.685417 0.012451 0.018056
0 0.131714 0.436111 0.012939 0.026852
0 0.207886 0.297222 0.010498 0.023148
0 0.210571 0.261574 0.011475 0.025926
0 0.228271 0.111343 0.010254 0.028241
0 0.239502 0.040509 0.010742 0.023611
0 0.122559 0.049074 0.007812 0.018519
0 0.070801 0.021528 0.013672 0.030093
0 0.059204 0.110417 0.010986 0.018056
0 0.091431 0.261806 0.010986 0.027315
0 0.098022 0.220833 0.010498 0.024074
0 0.084595 0.311343 0.008057 0.023611
0 0.073486 0.354630 0.011719 0.023148
0 0.035156 0.235648 0.013672 0.025926
0 0.014038 0.344444 0.014404 0.025000
0 0.009033 0.386806 0.013672 0.023611
0 0.004761 0.782407 0.009033 0.026852
0 0.164185 0.236574 0.010010 0.028704
0 0.156372 0.186343 0.008057 0.018056
0 0.335083 0.202315 0.008057 0.025926
0 0.339355 0.298148 0.006348 0.016667