0 0.088867 0.040278 0.018555 0.031481
0 0.043335 0.115972 0.027588 0.042130
0 0.253174 0.128009 0.021973 0.039352
0 0.223022 0.239583 0.016846 0.031019
0 0.187988 0.335417 0.019531 0.036574
0 0.153320 0.474537 0.023926 0.029630
0 0.122925 0.585880 0.024170 0.036574
0 0.086182 0.679167 0.014648 0.027778
0 0.056641 0.788657 0.025391 0.034722
0 0.017212 0.923843 0.029053 0.037500
0 0.148071 0.937037 0.023682 0.037963
0 0.220337 0.741204 0.023193 0.038889
0 0.247070 0.588194 0.019043 0.030093
0 0.285034 0.475926 0.018311 0.033333
0 0.305298 0.353472 0.019775 0.038426
0 0.378296 0.156250 0.015381 0.034722
0 0.344604 0.234028 0.019287 0.043981
0 0.411743 0.051389 0.015381 0.032407
0 0.535522 0.082176 0.012939 0.032870
0 0.528198 0.184491 0.020264 0.043056
0 0.487793 0.280556 0.015137 0.035185
0 0.460815 0.399537 0.014893 0.029630
0 0.436523 0.531481 0.018066 0.032407
0 0.401367 0.631944 0.018555 0.035185
0 0.350342 0.874769 0.015137 0.037500
0 0.316895 0.976620 0.015137 0.034722
0 0.495117 0.794907 0.017578 0.037963
0 0.464600 0.894907 0.006836 0.024074
0 0.536621 0.665972 0.018066 0.031019
0 0.556641 0.562731 0.017090 0.031944
0 0.589233 0.453472 0.014893 0.030093
0 0.603027 0.321296 0.018066 0.037963
0 0.640015 0.208796 0.019775 0.034259
0 0.659424 0.100463 0.018066 0.037963
0 0.654785 0.938889 0.020996 0.046296
0 0.677246 0.778009 0.020508 0.040278
0 0.770386 0.938889 0.027588 0.041667
0 0.957031 0.916898 0.028320 0.040278
0 0.807983 0.840278 0.023193 0.038889
0 0.827515 0.696759 0.018799 0.033333
0 0.842896 0.579861 0.017822 0.028241
0 0.757080 0.457870 0.022461 0.037963
0 0.807861 0.247685 0.013184 0.031481
0 0.689331 0.010880 0.019775 0.018981
0 0.859375 0.023843 0.021484 0.037500
0 0.981812 0.025926 0.024658 0.037963
0 0.969971 0.150000 0.027832 0.038889
0 0.936890 0.263426 0.025146 0.034259
0 0.908813 0.328241 0.022705 0.032407
0 0.883667 0.491435 0.021729 0.031944
0 0.930664 0.409722 0.016602 0.024074
0 0.985474 0.803704 0.016357 0.030556