0 0.065918 0.047222 0.027832 0.042593
0 0.274658 0.090046 0.018555 0.037500
0 0.240356 0.192593 0.018799 0.036111
0 0.203613 0.285417 0.021973 0.037500
0 0.160278 0.419213 0.023682 0.034722
0 0.127197 0.525000 0.025391 0.031481
0 0.053589 0.715046 0.021729 0.031944
0 0.137573 0.875926 0.025146 0.035185
0 0.098389 0.986343 0.029297 0.023611
0 0.012817 0.842130 0.024170 0.035185
0 0.217285 0.693519 0.020996 0.035185
0 0.249634 0.544444 0.015869 0.028704
0 0.294189 0.437269 0.019531 0.035648
0 0.317993 0.320370 0.018311 0.036111
0 0.360962 0.207639 0.020752 0.043981
0 0.435059 0.036574 0.017578 0.037037
0 0.397461 0.133102 0.017090 0.032870
0 0.557617 0.084259 0.013672 0.035185
0 0.546509 0.184491 0.019775 0.042130
0 0.502686 0.274074 0.016113 0.038889
0 0.470825 0.390741 0.015869 0.034259
0 0.439941 0.514815 0.018555 0.035185
0 0.401978 0.611343 0.019287 0.036574
0 0.341309 0.843981 0.016113 0.036111
0 0.454712 0.884491 0.006104 0.025463
0 0.488647 0.786111 0.018311 0.042593
0 0.535156 0.666898 0.019043 0.032870
0 0.559937 0.564120 0.019287 0.033796
0 0.596191 0.462963 0.017090 0.034259
0 0.614868 0.330787 0.018311 0.034722
0 0.655762 0.224769 0.018555 0.031019
0 0.681396 0.119907 0.021973 0.040741
0 0.715820 0.027315 0.018066 0.031481
0 0.883545 0.070370 0.022461 0.038889
0 0.868408 0.169213 0.015137 0.029167
0 0.821899 0.286806 0.014893 0.032870
0 0.763428 0.487731 0.020996 0.035648
0 0.986938 0.213426 0.023682 0.036111
0 0.952026 0.322222 0.026123 0.032407
0 0.921753 0.382176 0.021729 0.030093
0 0.939575 0.469444 0.015381 0.028704
0 0.889282 0.540741 0.023193 0.031481
0 0.844604 0.624306 0.018799 0.027315
0 0.823120 0.739583 0.019775 0.031944
0 0.980347 0.868519 0.016846 0.033333
0 0.943970 0.974769 0.026611 0.038426
0 0.798828 0.876852 0.020508 0.037963
0 0.757324 0.969907 0.024414 0.039815
0 0.670776 0.799306 0.021729 0.040278
0 0.995728 0.749769 0.007080 0.033796
0 0.641724 0.956250 0.018799 0.038426
0 0.304077 0.943056 0.015381 0.037037