0 0.014526 0.221759 0.022217 0.031481
0 0.188354 0.309954 0.021729 0.032870
0 0.145752 0.404167 0.023926 0.036111
0 0.100220 0.475231 0.015381 0.028241
0 0.061157 0.565509 0.024658 0.026389
0 0.221191 0.593750 0.021484 0.034722
0 0.010498 0.679167 0.020020 0.033333
0 0.127319 0.749537 0.025635 0.031481
0 0.241455 0.193056 0.022949 0.040741
0 0.284546 0.115278 0.017334 0.028704
0 0.327637 0.023148 0.018066 0.039815
0 0.403320 0.162963 0.017578 0.044444
0 0.349976 0.260417 0.020264 0.037500
0 0.443604 0.099537 0.014648 0.033333
0 0.489990 0.016435 0.015625 0.029167
0 0.316406 0.369444 0.018066 0.033333
0 0.264648 0.460648 0.014160 0.027778
0 0.407715 0.569444 0.019043 0.036111
0 0.328003 0.781713 0.014893 0.031019
0 0.243408 0.980324 0.020996 0.035648
0 0.285156 0.867130 0.020020 0.036111
0 0.387573 0.967593 0.018799 0.044444
0 0.435181 0.855556 0.009521 0.023148
0 0.478271 0.770370 0.016602 0.039815
0 0.534790 0.665509 0.017822 0.027315
0 0.568237 0.574537 0.019775 0.033333
0 0.453491 0.489120 0.016846 0.033796
0 0.495361 0.374769 0.017090 0.030093
0 0.534790 0.271065 0.017822 0.038426
0 0.586914 0.193981 0.021484 0.038889
0 0.606201 0.097917 0.013672 0.033796
0 0.668823 0.012500 0.020264 0.021296
0 0.767334 0.090741 0.018066 0.028704
0 0.724487 0.172454 0.018311 0.036574
0 0.691406 0.268519 0.018555 0.032407
0 0.641479 0.360417 0.020264 0.035648
0 0.612915 0.484722 0.018799 0.035185
0 0.776001 0.562037 0.021240 0.033333
0 0.656738 0.840278 0.020996 0.040741
0 0.615112 0.980093 0.019287 0.033333
0 0.777832 0.958333 0.019531 0.041667
0 0.813721 0.831019 0.021484 0.033333
0 0.844116 0.720370 0.019287 0.028704
0 0.896362 0.651157 0.022217 0.029167
0 0.990845 0.896528 0.016846 0.037500
0 0.951538 0.598380 0.021729 0.031944
0 0.941895 0.506250 0.024902 0.028241
0 0.977783 0.452546 0.027344 0.031019
0 0.852539 0.378472 0.016602 0.031944
0 0.931152 0.184722 0.023438 0.035185
0 0.984863 0.069213 0.023438 0.035648