0 0.015747 0.432407 0.011475 0.024074
0 0.097656 0.521528 0.011719 0.029167
0 0.179810 0.551157 0.010498 0.019907
0 0.201416 0.490972 0.008301 0.025463
0 0.218628 0.456944 0.009521 0.030556
0 0.246094 0.421065 0.005371 0.015278
0 0.251831 0.420602 0.006592 0.025463
0 0.325439 0.491435 0.011719 0.028241
0 0.346802 0.445139 0.007568 0.025463
0 0.355957 0.510185 0.010254 0.026852
0 0.418457 0.520139 0.011719 0.035648
0 0.419067 0.469213 0.008545 0.027315
0 0.374756 0.379167 0.005371 0.015741
0 0.448364 0.332176 0.007080 0.018056
0 0.515015 0.599074 0.013428 0.033333
0 0.556763 0.590972 0.011475 0.031944
0 0.599365 0.571759 0.017090 0.041667
0 0.524048 0.517361 0.008545 0.021759
0 0.613525 0.447685 0.012695 0.029630
0 0.610840 0.417824 0.009277 0.022685
0 0.715698 0.392130 0.008545 0.025000
0 0.718872 0.428935 0.009033 0.029167
0 0.719971 0.469676 0.011230 0.032870
0 0.729492 0.531019 0.008301 0.025000
0 0.737671 0.565278 0.016357 0.033333
0 0.724731 0.634028 0.012939 0.033796
0 0.781372 0.630324 0.014893 0.031019
0 0.833984 0.615046 0.020508 0.033796
0 0.822144 0.560185 0.009521 0.020370
0 0.808105 0.505093 0.014648 0.032407
0 0.929688 0.506019 0.009277 0.027778
0 0.932861 0.547222 0.008789 0.025000
0 0.957520 0.605787 0.012695 0.024537
0 0.987305 0.681944 0.013672 0.032407
0 0.842041 0.281019 0.007812 0.021296
0 0.703247 0.282407 0.006104 0.013889
0 0.703369 0.309259 0.005371 0.017593
0 0.716919 0.369676 0.006104 0.013426
0 0.298462 0.322685 0.004150 0.015741
0 0.540527 0.378241 0.009766 0.020370