0 0.021118 0.072917 0.020752 0.050463
0 0.014771 0.214583 0.024658 0.047685
0 0.197876 0.105324 0.005615 0.026389
0 0.334229 0.072222 0.014648 0.037963
0 0.316040 0.190741 0.015381 0.037963
0 0.190796 0.221065 0.025146 0.034722
0 0.295044 0.281713 0.020264 0.051389
0 0.173706 0.343981 0.021729 0.033333
0 0.271362 0.418287 0.019775 0.041204
0 0.154175 0.457639 0.024658 0.040278
0 0.269653 0.546528 0.019775 0.039352
0 0.137817 0.609491 0.024658 0.037500
0 0.245972 0.678241 0.016357 0.033333
0 0.124146 0.734722 0.027588 0.038889
0 0.240112 0.837963 0.021729 0.038889
0 0.100220 0.843287 0.015869 0.029167
0 0.386230 0.903472 0.020508 0.043056
0 0.495239 0.869907 0.017822 0.034259
0 0.515869 0.753704 0.021484 0.040741
0 0.402954 0.642593 0.020264 0.039815
0 0.538818 0.612037 0.019043 0.032407
0 0.423706 0.528704 0.018311 0.037963
0 0.545288 0.502315 0.015869 0.039815
0 0.429810 0.388657 0.013428 0.036574
0 0.561646 0.381019 0.018311 0.036111
0 0.440186 0.261111 0.018555 0.037963
0 0.557983 0.246759 0.016846 0.034259
0 0.467896 0.146759 0.021729 0.043519
0 0.584961 0.013426 0.019043 0.025926
0 0.460815 0.045602 0.012939 0.035648
0 0.577271 0.119907 0.018311 0.036111
0 0.744263 0.079167 0.019287 0.036111
0 0.737793 0.166435 0.014648 0.036574
0 0.871582 0.036574 0.024902 0.046296
0 0.850586 0.108565 0.020508 0.036574
0 0.879395 0.183565 0.013184 0.037500
0 0.847656 0.279398 0.015625 0.038426
0 0.820801 0.380787 0.020020 0.036574
0 0.718872 0.421296 0.009521 0.033333
0 0.822144 0.503704 0.016357 0.036111
0 0.700562 0.537500 0.007568 0.011111
0 0.688477 0.652315 0.024414 0.038889
0 0.823242 0.646296 0.019043 0.039815
0 0.799194 0.757639 0.025146 0.042130
0 0.687744 0.815278 0.025879 0.040741
0 0.786499 0.889583 0.027100 0.043056
0 0.663086 0.919213 0.021973 0.038426
0 0.953491 0.929167 0.032471 0.044444
0 0.969971 0.770833 0.029297 0.038889
0 0.971436 0.648843 0.028809 0.038426
0 0.985962 0.529398 0.016357 0.034722
0 0.988525 0.400463 0.022949 0.036111
0 0.993774 0.261574 0.012451 0.043519
0 0.723389 0.305324 0.021484 0.040278
0 0.208008 0.004861 0.010254 0.008796