0 0.080444 0.028472 0.024170 0.037500
0 0.020630 0.090972 0.024658 0.036574
0 0.300903 0.089120 0.021240 0.037500
0 0.354370 0.031250 0.018799 0.043056
0 0.236450 0.184028 0.023193 0.042130
0 0.187012 0.259028 0.023438 0.043056
0 0.398560 0.201620 0.017822 0.039352
0 0.352539 0.292361 0.019043 0.038426
0 0.136963 0.309954 0.016113 0.027315
0 0.085815 0.379861 0.023193 0.038426
0 0.021362 0.465741 0.032471 0.037037
0 0.293945 0.363426 0.017090 0.028704
0 0.234619 0.471296 0.023438 0.037037
0 0.128540 0.585417 0.028076 0.038426
0 0.070557 0.669444 0.026367 0.037037
0 0.364136 0.617824 0.011475 0.028241
0 0.317993 0.700463 0.017822 0.031481
0 0.265503 0.763426 0.019287 0.028704
0 0.212646 0.853472 0.018066 0.033796
0 0.351685 0.903472 0.019287 0.042130
0 0.143677 0.955093 0.023682 0.044444
0 0.409180 0.809259 0.015625 0.029630
0 0.464478 0.750926 0.018799 0.040741
0 0.531006 0.671065 0.016602 0.028241
0 0.628662 0.894444 0.019043 0.042593
0 0.678589 0.821991 0.008545 0.012500
0 0.418823 0.526620 0.021240 0.035648
0 0.470703 0.465972 0.017578 0.037500
0 0.571899 0.595602 0.020264 0.037500
0 0.628662 0.527315 0.017578 0.036111
0 0.670898 0.421065 0.020020 0.037500
0 0.526245 0.370602 0.016357 0.026389
0 0.576660 0.289352 0.016602 0.036111
0 0.636841 0.233333 0.021240 0.039815
0 0.460083 0.128009 0.021240 0.047685
0 0.666016 0.150231 0.014160 0.035648
0 0.507324 0.082870 0.020020 0.033333
0 0.561523 0.019444 0.017090 0.031481
0 0.778687 0.011574 0.022217 0.022222
0 0.739746 0.081944 0.015625 0.031481
0 0.978638 0.017593 0.011963 0.021296
0 0.920410 0.093519 0.015137 0.029630
0 0.878052 0.132407 0.026123 0.032407
0 0.826782 0.206481 0.021240 0.030556
0 0.773804 0.268981 0.027588 0.032407
0 0.730713 0.350463 0.018066 0.034259
0 0.977295 0.371296 0.026855 0.037963
0 0.942871 0.453935 0.010742 0.021759
0 0.876831 0.528241 0.016357 0.032407
0 0.838745 0.582639 0.014893 0.029167
0 0.779663 0.677083 0.022217 0.041204
0 0.988770 0.653704 0.022461 0.037963
0 0.950806 0.693287 0.025635 0.032870
0 0.948120 0.783796 0.017822 0.034259
0 0.887085 0.814583 0.024658 0.033796
0 0.828003 0.858565 0.016846 0.036574
0 0.733521 0.754398 0.012451 0.023611
0 0.783936 0.954861 0.020996 0.038426