0 0.287231 0.101620 0.008545 0.020833
0 0.340454 0.223380 0.008057 0.019907
0 0.335083 0.303241 0.009521 0.022222
0 0.328247 0.436111 0.008545 0.025000
0 0.253906 0.451620 0.010254 0.018981
0 0.211670 0.415972 0.009277 0.015278
0 0.213623 0.378009 0.010254 0.016204
0 0.222412 0.281713 0.009766 0.013426
0 0.149292 0.329630 0.008545 0.019444
0 0.130249 0.437731 0.011475 0.018056
0 0.123901 0.478009 0.009521 0.016204
0 0.113037 0.521065 0.011719 0.021759
0 0.109131 0.596991 0.014648 0.017130
0 0.254761 0.553935 0.009033 0.019907
0 0.206299 0.470139 0.009766 0.022685
0 0.035156 0.305324 0.008789 0.017130
0 0.343384 0.109259 0.008545 0.015741
0 0.341187 0.137269 0.007568 0.020833
0 0.276978 0.225463 0.008057 0.018519
0 0.265991 0.340509 0.010498 0.021759
0 0.235474 0.125463 0.008545 0.018519
0 0.233643 0.156250 0.009766 0.021759
0 0.320435 0.615046 0.013428 0.023611
0 0.330200 0.508102 0.009521 0.022685
0 0.385376 0.594444 0.008545 0.024074
0 0.377197 0.534259 0.006836 0.023148
0 0.385620 0.473611 0.007568 0.017593
0 0.388550 0.250463 0.007080 0.019444
0 0.390503 0.171759 0.007080 0.013889
0 0.379639 0.656944 0.007812 0.018519
0 0.457520 0.614120 0.008789 0.018056
0 0.453857 0.559722 0.006836 0.018519
0 0.454712 0.455556 0.006592 0.020370
0 0.454834 0.406250 0.006836 0.018056
0 0.451172 0.364352 0.007324 0.016667
0 0.450317 0.318287 0.007568 0.019907
0 0.455688 0.234722 0.006592 0.016667
0 0.455811 0.192593 0.007812 0.020370
0 0.453979 0.150926 0.006104 0.017593
0 0.447998 0.114583 0.007324 0.015278
0 0.450195 0.069907 0.007324 0.020370
0 0.495972 0.131250 0.007568 0.021759
0 0.496704 0.221759 0.007568 0.015741
0 0.498657 0.289815 0.007080 0.022222
0 0.505371 0.431481 0.008789 0.021296
0 0.509766 0.593287 0.008789 0.020833
0 0.459839 0.673380 0.008545 0.018056
0 0.513428 0.704167 0.005859 0.021296
0 0.512329 0.758796 0.009521 0.019444
0 0.462769 0.799769 0.010010 0.017130
0 0.370605 0.772917 0.009766 0.016204
0 0.372192 0.888426 0.010010 0.020370
0 0.313232 0.730093 0.010742 0.021296
0 0.236938 0.777546 0.009521 0.021759
0 0.238159 0.706944 0.009521 0.017593
0 0.183960 0.690509 0.011475 0.018056
0 0.100708 0.709259 0.011475 0.019444
0 0.080322 0.770370 0.016113 0.021296
0 0.078369 0.839352 0.013184 0.019444
0 0.221191 0.846296 0.012695 0.018519
0 0.233521 0.912500 0.009033 0.019444
0 0.300415 0.941435 0.012939 0.019907
0 0.464478 0.864352 0.007568 0.021296
0 0.061157 0.978935 0.014404 0.018981
0 0.581909 0.470139 0.007568 0.018056
0 0.580566 0.525694 0.007812 0.017130
0 0.593628 0.625463 0.007568 0.020370
0 0.599731 0.747454 0.009521 0.019907
0 0.608154 0.873611 0.007324 0.017593
0 0.609131 0.947917 0.009766 0.019907
0 0.644043 0.648843 0.009766 0.018056
0 0.635132 0.441898 0.010010 0.020833
0 0.619263 0.352083 0.006592 0.017130
0 0.606201 0.251389 0.008301 0.019444
0 0.307007 0.863194 0.011963 0.018981
0 0.312134 0.797454 0.011475 0.019907
0 0.515259 0.893750 0.007568 0.017130
0 0.559326 0.129398 0.006836 0.016204
0 0.567261 0.203009 0.006104 0.021759
0 0.727173 0.686806 0.008545 0.022685
0 0.664551 0.837963 0.009277 0.017593
0 0.669800 0.903241 0.009521 0.016667
0 0.673828 0.978241 0.009766 0.019444
0 0.748169 0.879861 0.010010 0.019907
0 0.738525 0.803935 0.009277 0.021759
0 0.737671 0.745833 0.011963 0.021296
0 0.713501 0.573611 0.008545 0.020370
0 0.764648 0.545833 0.009277 0.022222
0 0.755127 0.492361 0.008301 0.018056
0 0.743530 0.403935 0.012939 0.022685
0 0.703247 0.409954 0.010010 0.023611
0 0.692261 0.384491 0.008545 0.016204
0 0.625122 0.490046 0.009033 0.020833
0 0.638428 0.544907 0.005859 0.018519
0 0.819946 0.962731 0.012939 0.019907
0 0.811768 0.895370 0.011719 0.021296
0 0.794678 0.773843 0.012695 0.019907
0 0.780029 0.698611 0.009766 0.023148
0 0.764893 0.585880 0.008301 0.017130
0 0.828003 0.479167 0.009033 0.017593
0 0.823364 0.433796 0.009521 0.015741
0 0.815063 0.380093 0.008057 0.017593
0 0.869629 0.437500 0.005371 0.024074
0 0.835693 0.528704 0.009766 0.020370
0 0.843140 0.578704 0.008545 0.020370
0 0.853882 0.638657 0.009033 0.018981
0 0.860962 0.689352 0.010010 0.021296
0 0.865723 0.763889 0.008789 0.015741
0 0.885010 0.884491 0.011230 0.018981
0 0.909912 0.953472 0.013672 0.019907
0 0.970825 0.982639 0.015381 0.023611
0 0.966675 0.914583 0.010986 0.018981
0 0.931519 0.776620 0.012451 0.022685
0 0.926758 0.717361 0.010742 0.019907
0 0.994507 0.736111 0.010986 0.017593
0 0.988037 0.672454 0.009766 0.020833
0 0.967407 0.600694 0.011963 0.019907
0 0.953369 0.509028 0.012207 0.018981
0 0.943115 0.456250 0.012695 0.018056
0 0.969727 0.374537 0.009766 0.020370
0 0.835571 0.261574 0.009033 0.021296
0 0.798828 0.288426 0.008789 0.018519
0 0.731323 0.309491 0.008545 0.018981
0 0.734253 0.356713 0.008545 0.015278
0 0.682495 0.296759 0.008545 0.020370
0 0.659790 0.064815 0.007568 0.019444
0 0.704590 0.109722 0.007324 0.023148
0 0.763550 0.030093 0.007568 0.013889
0 0.884033 0.192361 0.007812 0.017130
0 0.917114 0.350463 0.008545 0.015741
0 0.938721 0.245602 0.007812 0.019907
0 0.908447 0.092593 0.008301 0.024074
0 0.666382 0.096296 0.006592 0.020370
0 0.605347 0.149769 0.006104 0.015278
0 0.790039 0.208333 0.010254 0.020370
0 0.815063 0.150000 0.009033 0.018519
0 0.827637 0.176852 0.007324 0.020370
0 0.966309 0.333565 0.011230 0.018056
0 0.579346 0.420833 0.009277 0.021296
0 0.576294 0.371759 0.008057 0.018519
0 0.571655 0.325463 0.007080 0.018519
0 0.072876 0.109028 0.008057 0.015278
0 0.082764 0.015741 0.006836 0.013889
0 0.074219 0.450926 0.011230 0.017593
0 0.152344 0.250694 0.009277 0.018981
0 0.159424 0.198148 0.008789 0.017593
0 0.164917 0.162731 0.006104 0.016204
0 0.103394 0.650231 0.009521 0.017130
0 0.056396 0.563657 0.008301 0.015278
0 0.154541 0.947685 0.011230 0.018519
0 0.184082 0.761806 0.010254 0.015278
0 0.283203 0.137500 0.007324 0.016667
0 0.278076 0.181481 0.004883 0.015741
0 0.321899 0.562037 0.008057 0.020370
0 0.329834 0.363889 0.004883 0.013889
0 0.350830 0.024074 0.008789 0.023148
0 0.393188 0.019907 0.008057 0.020370
0 0.374023 0.827083 0.008301 0.019907
0 0.510010 0.642593 0.007324 0.016667
0 0.505493 0.532639 0.008057 0.017130
0 0.505005 0.484722 0.008057 0.018519
0 0.645142 0.697454 0.008545 0.019907
0 0.652832 0.777315 0.009766 0.020370
0 0.758301 0.947685 0.007812 0.016667
0 0.690796 0.326852 0.007080 0.018519
0 0.669556 0.175000 0.006592 0.017593
0 0.708130 0.153472 0.009521 0.017130
0 0.609985 0.221759 0.007080 0.021296
0 0.660522 0.027315 0.008057 0.019444
0 0.690186 0.041667 0.006348 0.018519
0 0.880859 0.500463 0.010254 0.017593
0 0.854248 0.354861 0.008789 0.017130
0 0.832642 0.225463 0.005615 0.019444
0 0.797852 0.043750 0.007324 0.017130
0 0.994141 0.163426 0.011719 0.021296
0 0.976685 0.083333 0.009521 0.022222
0 0.915161 0.307176 0.010010 0.013426
0 0.250244 0.601157 0.010742 0.019907
0 0.288452 0.036806 0.007568 0.017130
0 0.460083 0.987963 0.010010 0.019444
0 0.372437 0.702083 0.009033 0.020833
0 0.619507 0.307176 0.007080 0.018056
0 0.453125 0.015046 0.008301 0.014352
0 0.930786 0.416204 0.005615 0.014815
0 0.013794 0.399769 0.006592 0.014352
0 0.242920 0.652083 0.010254 0.018056
0 0.187622 0.628704 0.011963 0.023148
0 0.781250 0.645139 0.012207 0.018981
0 0.337280 0.398843 0.007080 0.016204
0 0.385376 0.336574 0.007568 0.018519
0 0.497192 0.069213 0.006592 0.018981
0 0.704224 0.474306 0.009521 0.021759
0 0.500000 0.390046 0.008301 0.017130
0 0.004150 0.942824 0.007812 0.020833
0 0.083374 0.360185 0.011475 0.012963
0 0.097168 0.314583 0.007812 0.015278
0 0.885986 0.163426 0.008789 0.019444
0 0.161987 0.883102 0.011963 0.018981
0 0.674805 0.249074 0.009766 0.016667
0 0.910156 0.649074 0.010742 0.020370
0 0.453003 0.736806 0.008057 0.016204
0 0.590088 0.581713 0.005371 0.018056
0 0.598755 0.075694 0.007080 0.016204
0 0.221436 0.320833 0.008301 0.016667
0 0.701416 0.069676 0.004883 0.021759
0 0.038086 0.681481 0.013184 0.021296
0 0.121826 0.105093 0.008301 0.018519
0 0.514648 0.822917 0.004883 0.017130
0 0.233765 0.198843 0.006104 0.016204
0 0.006592 0.453472 0.010742 0.014352
0 0.564575 0.168750 0.006104 0.008796
0 0.693970 0.008565 0.007080 0.016204
0 0.954468 0.015972 0.006592 0.016204
0 0.566162 0.095370 0.003906 0.013889