0 0.289551 0.188889 0.009766 0.020370
0 0.344116 0.321991 0.008057 0.019907
0 0.338257 0.409491 0.008057 0.025463
0 0.331665 0.556944 0.008545 0.025000
0 0.253784 0.569907 0.012451 0.023148
0 0.209351 0.532176 0.010498 0.022685
0 0.212280 0.487731 0.010986 0.021759
0 0.221069 0.384259 0.011475 0.022222
0 0.144897 0.438657 0.010498 0.022685
0 0.124878 0.559028 0.011475 0.018056
0 0.117554 0.600694 0.010986 0.020833
0 0.106812 0.652546 0.013428 0.025463
0 0.101929 0.731713 0.015869 0.020833
0 0.254395 0.682870 0.009277 0.020370
0 0.203247 0.590972 0.011963 0.022685
0 0.025146 0.411111 0.011719 0.018519
0 0.347534 0.200231 0.010986 0.021759
0 0.345581 0.227083 0.012451 0.023611
0 0.277710 0.325000 0.008057 0.018519
0 0.265503 0.452546 0.010498 0.021759
0 0.234985 0.214120 0.009521 0.018981
0 0.232910 0.246065 0.009766 0.021759
0 0.322388 0.749769 0.013428 0.023611
0 0.333862 0.633102 0.009521 0.022685
0 0.390991 0.728472 0.010010 0.018981
0 0.383301 0.665741 0.006836 0.023148
0 0.390991 0.594907 0.007568 0.017593
0 0.394653 0.351852 0.008057 0.021296
0 0.396240 0.266435 0.007812 0.017130
0 0.386475 0.795370 0.007812 0.018519
0 0.465820 0.750000 0.010742 0.020370
0 0.463501 0.688657 0.008545 0.019907
0 0.464233 0.575000 0.006592 0.020370
0 0.463867 0.518056 0.010254 0.019444
0 0.460327 0.471991 0.007568 0.017130
0 0.459351 0.421528 0.007568 0.019907
0 0.463867 0.334491 0.008301 0.019907
0 0.463867 0.289352 0.011230 0.021296
0 0.462524 0.243981 0.009521 0.021296
0 0.456177 0.202083 0.008545 0.021759
0 0.458252 0.151389 0.007324 0.020370
0 0.505615 0.220833 0.008789 0.021296
0 0.506470 0.319444 0.007568 0.015741
0 0.509644 0.394213 0.010010 0.018981
0 0.515747 0.547917 0.008545 0.021759
0 0.521240 0.722917 0.008789 0.020833
0 0.470093 0.815046 0.008545 0.018056
0 0.527100 0.850926 0.010254 0.019444
0 0.525024 0.913426 0.009521 0.019444
0 0.473267 0.955093 0.010498 0.020370
0 0.376099 0.926852 0.010498 0.018519
0 0.314941 0.887269 0.011719 0.024537
0 0.234375 0.935185 0.012207 0.023148
0 0.237183 0.853009 0.011963 0.024537
0 0.181030 0.835648 0.013916 0.021296
0 0.090698 0.861343 0.012939 0.020833
0 0.069702 0.926157 0.017822 0.033796
0 0.596436 0.588889 0.010254 0.019444
0 0.596680 0.650694 0.007812 0.017130
0 0.610352 0.761111 0.008789 0.024074
0 0.616699 0.897222 0.009766 0.019444
0 0.623413 0.990046 0.010010 0.018981
0 0.664062 0.790046 0.009766 0.018056
0 0.652710 0.558796 0.011475 0.023148
0 0.635620 0.459954 0.009033 0.019907
0 0.620605 0.350000 0.009277 0.022222
0 0.314697 0.951157 0.010254 0.018981
0 0.571411 0.217130 0.007568 0.016667
0 0.579468 0.295602 0.007568 0.022685
0 0.750977 0.832870 0.010254 0.022222
0 0.685791 0.992361 0.011230 0.015278
0 0.764038 0.961806 0.013916 0.029167
0 0.762939 0.896528 0.013672 0.024537
0 0.733765 0.705093 0.011963 0.025926
0 0.788818 0.669907 0.009277 0.022222
0 0.779297 0.614120 0.008301 0.018056
0 0.765015 0.518750 0.013916 0.023611
0 0.724487 0.525694 0.010010 0.023611
0 0.711548 0.493287 0.008545 0.016204
0 0.642090 0.616435 0.009766 0.018981
0 0.657715 0.671759 0.006836 0.018519
0 0.822876 0.925694 0.012939 0.024537
0 0.806152 0.844444 0.011230 0.025926
0 0.790283 0.722454 0.011230 0.024537
0 0.852661 0.601157 0.010986 0.023611
0 0.850464 0.550231 0.012451 0.022685
0 0.836792 0.490046 0.010498 0.021759
0 0.897949 0.548380 0.011719 0.027315
0 0.863403 0.653009 0.012939 0.027315
0 0.870605 0.707176 0.014648 0.023611
0 0.884399 0.775000 0.011963 0.029630
0 0.892822 0.831481 0.014648 0.025000
0 0.896851 0.915741 0.013916 0.025000
0 0.966309 0.925000 0.017090 0.027778
0 0.961792 0.862731 0.013916 0.024537
0 0.986206 0.628472 0.016357 0.024537
0 0.975098 0.573611 0.016602 0.025000
0 0.861084 0.362500 0.012207 0.023148
0 0.822876 0.389583 0.011963 0.022685
0 0.750854 0.413194 0.008545 0.018981
0 0.755615 0.466667 0.009766 0.022222
0 0.675537 0.152315 0.010254 0.019444
0 0.721924 0.196296 0.007324 0.023148
0 0.782837 0.109028 0.007568 0.014352
0 0.908203 0.276852 0.010254 0.019444
0 0.945801 0.454167 0.013184 0.020370
0 0.967896 0.340741 0.010986 0.018519
0 0.682739 0.184259 0.006592 0.020370
0 0.619019 0.239815 0.008545 0.017593
0 0.812256 0.304167 0.010254 0.020370
0 0.837036 0.236574 0.009033 0.018519
0 0.851074 0.266204 0.008301 0.019444
0 0.994995 0.438657 0.010010 0.019907
0 0.594604 0.536343 0.011475 0.021759
0 0.589600 0.478472 0.009766 0.021759
0 0.585571 0.431481 0.008545 0.023148
0 0.064331 0.197917 0.009521 0.016204
0 0.075562 0.095139 0.008057 0.015278
0 0.066406 0.571296 0.011230 0.021296
0 0.148193 0.352315 0.008789 0.017593
0 0.155396 0.297454 0.010986 0.018981
0 0.093750 0.791204 0.012207 0.017593
0 0.179321 0.913194 0.011963 0.022685
0 0.284546 0.224537 0.007080 0.020370
0 0.278687 0.272222 0.006104 0.014815
0 0.325928 0.689352 0.009766 0.018519
0 0.331299 0.475926 0.008789 0.016667
0 0.352051 0.100926 0.008789 0.023148
0 0.399048 0.100231 0.010498 0.019907
0 0.523193 0.778704 0.007324 0.016667
0 0.515991 0.604167 0.008057 0.018519
0 0.666382 0.850694 0.008545 0.019907
0 0.674072 0.935648 0.009766 0.020370
0 0.708374 0.434028 0.010498 0.019907
0 0.686646 0.265509 0.006592 0.018056
0 0.726196 0.242361 0.008545 0.018056
0 0.625854 0.315046 0.010498 0.019907
0 0.674805 0.101620 0.008789 0.024537
0 0.706543 0.119444 0.006348 0.018519
0 0.908569 0.622685 0.012939 0.018519
0 0.880615 0.464583 0.012207 0.022685
0 0.859497 0.326157 0.010010 0.030093
0 0.817139 0.122454 0.007324 0.017130
0 0.942261 0.409954 0.012939 0.018981
0 0.289429 0.117130 0.007568 0.017593
0 0.378540 0.851620 0.009033 0.020833
0 0.460938 0.093287 0.008301 0.014352
0 0.962769 0.522917 0.009033 0.017130
0 0.003906 0.513194 0.007324 0.016204
0 0.240112 0.796065 0.009521 0.016204
0 0.183838 0.767824 0.011230 0.019907
0 0.342041 0.514583 0.008789 0.018056
0 0.390137 0.445139 0.008789 0.024537
0 0.506226 0.149769 0.006592 0.018981
0 0.511841 0.497917 0.007568 0.021759
0 0.074829 0.468750 0.010010 0.018981
0 0.089844 0.424769 0.011230 0.019907
0 0.463379 0.885648 0.009277 0.017593
0 0.605591 0.712731 0.007568 0.019907
0 0.613037 0.161806 0.005859 0.018981
0 0.709717 0.084259 0.007324 0.019444
0 0.566284 0.103009 0.009521 0.018056
0 0.219604 0.335185 0.009521 0.020370
0 0.273193 0.360880 0.007324 0.018981
0 0.623535 0.194907 0.008789 0.017593
0 0.767456 0.039120 0.010010 0.018981
0 0.123535 0.502546 0.010742 0.013426
0 0.047852 0.694213 0.014648 0.027315
0 0.190918 0.034954 0.009277 0.017130
0 0.220703 0.428472 0.010742 0.017130
0 0.799316 0.023380 0.010254 0.015278
0 0.010620 0.959491 0.016357 0.022685
0 0.116943 0.195833 0.008789 0.017593
0 0.342529 0.275463 0.008789 0.020370
0 0.576660 0.256944 0.009277 0.016667
0 0.050903 0.239352 0.010986 0.017593
0 0.597290 0.017361 0.012451 0.018056
0 0.634766 0.408102 0.007812 0.021759
0 0.935181 0.171528 0.008057 0.026389
0 0.160400 0.254861 0.006348 0.016204
0 0.700562 0.397917 0.010498 0.020833
0 0.105713 0.316667 0.010742 0.016667
0 0.248047 0.021065 0.009277 0.017130
0 0.398682 0.007176 0.008789 0.013426
0 0.577515 0.340741 0.009033 0.017593
0 0.569092 0.008565 0.008301 0.016204
0 0.922729 0.682870 0.014404 0.025926