0 0.075684 0.011343 0.012207 0.021759
0 0.054199 0.136574 0.021973 0.034259
0 0.013916 0.220370 0.026367 0.043519
0 0.243164 0.077778 0.005371 0.020370
0 0.380737 0.078009 0.012939 0.036574
0 0.351562 0.190278 0.013184 0.035185
0 0.227539 0.190741 0.021973 0.034259
0 0.323364 0.275231 0.020752 0.043056
0 0.202393 0.303704 0.018066 0.033333
0 0.290283 0.403935 0.020996 0.040278
0 0.173096 0.411574 0.019531 0.039815
0 0.280273 0.530787 0.023438 0.037500
0 0.451416 0.419444 0.013672 0.033333
0 0.432251 0.555787 0.018311 0.036574
0 0.146118 0.557176 0.026123 0.034722
0 0.246094 0.651389 0.016602 0.034259
0 0.404175 0.662269 0.021240 0.044907
0 0.122314 0.673380 0.025879 0.043981
0 0.227783 0.810880 0.022461 0.040278
0 0.383789 0.798148 0.015625 0.035185
0 0.090210 0.774537 0.013916 0.034259
0 0.068970 0.890509 0.028564 0.035648
0 0.365356 0.913889 0.015381 0.036111
0 0.637573 0.991667 0.018799 0.016667
0 0.673096 0.916667 0.020020 0.039815
0 0.787842 0.885880 0.023438 0.037500
0 0.478149 0.914583 0.017334 0.028241
0 0.506226 0.807639 0.020752 0.043056
0 0.540771 0.669907 0.016113 0.028704
0 0.685547 0.753472 0.021973 0.039352
0 0.707764 0.640509 0.008789 0.015278
0 0.816772 0.782407 0.022705 0.046296
0 0.830566 0.636806 0.019531 0.037500
0 0.840210 0.517130 0.013916 0.033333
0 0.734741 0.526157 0.007080 0.030093
0 0.556152 0.558796 0.020508 0.035185
0 0.746948 0.413194 0.022705 0.039352
0 0.580688 0.445602 0.019775 0.036574
0 0.586792 0.311574 0.020264 0.037037
0 0.470459 0.294444 0.017578 0.046296
0 0.773315 0.277083 0.014893 0.030093
0 0.785400 0.193056 0.015625 0.032407
0 0.616089 0.187500 0.016357 0.028704
0 0.505859 0.189120 0.021973 0.043981
0 0.506348 0.085648 0.014648 0.033333
0 0.629517 0.079630 0.024170 0.045370
0 0.819214 0.063426 0.012939 0.035185
0 0.940308 0.064120 0.027588 0.041204
0 0.914673 0.184028 0.030029 0.037500
0 0.892212 0.254398 0.021729 0.039352
0 0.916260 0.336806 0.016602 0.031019
0 0.874146 0.420602 0.020752 0.032870
0 0.995239 0.584954 0.009521 0.047685
0 0.991333 0.709722 0.017334 0.030556
0 0.970581 0.825926 0.029053 0.043519
0 0.958496 0.949537 0.031738 0.043519
0 0.765137 0.997222 0.007324 0.005556