0 0.290283 0.156019 0.009766 0.020370
0 0.344849 0.283565 0.008057 0.019907
0 0.340454 0.371065 0.011475 0.027315
0 0.332886 0.508796 0.008545 0.025000
0 0.255737 0.527315 0.012451 0.023148
0 0.212891 0.489120 0.010254 0.018056
0 0.214722 0.448611 0.010986 0.021296
0 0.224487 0.346065 0.010986 0.019907
0 0.149292 0.398380 0.010498 0.022685
0 0.129517 0.511343 0.011475 0.018056
0 0.124146 0.556250 0.010986 0.020833
0 0.113403 0.603472 0.013428 0.025463
0 0.106812 0.683565 0.015869 0.020833
0 0.255859 0.635185 0.009277 0.020370
0 0.206665 0.544676 0.011963 0.022685
0 0.030762 0.373611 0.011719 0.018519
0 0.347290 0.161806 0.010986 0.021759
0 0.347534 0.192361 0.012451 0.023611
0 0.278687 0.286574 0.008057 0.018519
0 0.267212 0.411806 0.010498 0.021759
0 0.237915 0.180787 0.009521 0.018981
0 0.234863 0.216435 0.009766 0.021759
0 0.324585 0.701157 0.013428 0.023611
0 0.335815 0.584491 0.009521 0.022685
0 0.391968 0.678472 0.010010 0.018981
0 0.384277 0.614352 0.006836 0.023148
0 0.391724 0.550000 0.007568 0.017593
0 0.394897 0.311574 0.008057 0.021296
0 0.397461 0.232176 0.007812 0.017130
0 0.386475 0.744907 0.007812 0.018519
0 0.466797 0.698611 0.010742 0.020370
0 0.462646 0.639352 0.011230 0.021296
0 0.463745 0.527778 0.006592 0.020370
0 0.463623 0.476852 0.010254 0.019444
0 0.459106 0.431250 0.007568 0.017130
0 0.457886 0.380787 0.007568 0.019907
0 0.462891 0.293750 0.008301 0.019907
0 0.464111 0.251852 0.011230 0.021296
0 0.461182 0.208796 0.008789 0.016667
0 0.454346 0.166898 0.007324 0.015278
0 0.457520 0.122222 0.007324 0.020370
0 0.504639 0.186574 0.008789 0.021296
0 0.505737 0.284722 0.007568 0.015741
0 0.509155 0.358102 0.010010 0.018981
0 0.515015 0.504861 0.008545 0.021759
0 0.519531 0.672917 0.008789 0.020833
0 0.469360 0.761806 0.008545 0.018056
0 0.525391 0.794907 0.010254 0.019444
0 0.524292 0.856944 0.009521 0.019444
0 0.472290 0.900463 0.010498 0.020370
0 0.376099 0.868519 0.010498 0.018519
0 0.379028 0.992130 0.008057 0.015741
0 0.318115 0.826620 0.011719 0.024537
0 0.237305 0.880093 0.012207 0.023148
0 0.239990 0.797222 0.009766 0.019444
0 0.184692 0.781481 0.013916 0.021296
0 0.096802 0.801389 0.011475 0.019444
0 0.077026 0.869676 0.017822 0.033796
0 0.075195 0.940509 0.017090 0.023611
0 0.221069 0.946528 0.014893 0.028241
0 0.474854 0.967130 0.008301 0.018519
0 0.593994 0.543519 0.010254 0.019444
0 0.593262 0.602083 0.007812 0.017130
0 0.607056 0.712500 0.007568 0.020370
0 0.614258 0.840278 0.009766 0.019444
0 0.623169 0.976620 0.010010 0.018981
0 0.659424 0.738194 0.009766 0.018056
0 0.648560 0.513889 0.011475 0.023148
0 0.631714 0.418750 0.006592 0.017130
0 0.617676 0.312963 0.009277 0.022222
0 0.309326 0.971759 0.010254 0.018519
0 0.314819 0.896991 0.011475 0.019907
0 0.569336 0.186806 0.006836 0.016204
0 0.577759 0.262269 0.007568 0.022685
0 0.744141 0.778704 0.010254 0.022222
0 0.681030 0.943287 0.011475 0.021759
0 0.769287 0.982870 0.011719 0.023148
0 0.757568 0.902778 0.010254 0.023148
0 0.755249 0.843056 0.011963 0.021296
0 0.729858 0.658796 0.008545 0.020370
0 0.782959 0.624537 0.009277 0.022222
0 0.773438 0.567824 0.008301 0.018056
0 0.760498 0.475926 0.011719 0.022222
0 0.720337 0.483102 0.010010 0.023611
0 0.706665 0.455324 0.008545 0.016204
0 0.638306 0.568287 0.009033 0.020833
0 0.653320 0.628241 0.005859 0.018519
0 0.815186 0.873380 0.012695 0.019907
0 0.799561 0.788426 0.009766 0.023148
0 0.784424 0.672454 0.008301 0.017130
0 0.847046 0.553704 0.009033 0.017593
0 0.841675 0.505787 0.010498 0.017130
0 0.834595 0.450463 0.008057 0.017593
0 0.890869 0.506713 0.006836 0.023611
0 0.857666 0.607870 0.011230 0.023148
0 0.863403 0.659491 0.010986 0.020833
0 0.876343 0.726620 0.009033 0.018981
0 0.885376 0.781019 0.011963 0.022222
0 0.888306 0.857870 0.010986 0.021296
0 0.909302 0.988194 0.012451 0.023611
0 0.957397 0.872222 0.012451 0.024074
0 0.952637 0.809954 0.013672 0.023611
0 0.991577 0.679398 0.011963 0.019907
0 0.976562 0.584491 0.014160 0.018981
0 0.966797 0.528935 0.012695 0.018056
0 0.854126 0.325000 0.009033 0.021296
0 0.816284 0.352083 0.011963 0.022685
0 0.746460 0.373380 0.008545 0.018981
0 0.751465 0.425463 0.008789 0.016667
0 0.696655 0.367130 0.008545 0.020370
0 0.671875 0.121759 0.010254 0.019444
0 0.718018 0.167130 0.007324 0.023148
0 0.778931 0.080787 0.007568 0.014352
0 0.902588 0.250926 0.010254 0.019444
0 0.938354 0.420833 0.008545 0.015741
0 0.960205 0.306250 0.011719 0.022685
0 0.928223 0.147222 0.008301 0.024074
0 0.679565 0.149537 0.006592 0.020370
0 0.617920 0.208333 0.011719 0.022222
0 0.806641 0.268981 0.010254 0.020370
0 0.832886 0.207870 0.009033 0.018519
0 0.845703 0.234259 0.008301 0.019444
0 0.990479 0.403009 0.011230 0.018056
0 0.591431 0.489120 0.011475 0.021759
0 0.587769 0.438426 0.008057 0.018519
0 0.584106 0.393981 0.008545 0.023148
0 0.069702 0.164583 0.009521 0.016204
0 0.080933 0.065046 0.008057 0.015278
0 0.072510 0.527315 0.011230 0.021296
0 0.152344 0.315046 0.010254 0.020833
0 0.159302 0.260880 0.010986 0.018981
0 0.100220 0.741898 0.009521 0.017130
0 0.183472 0.859028 0.011963 0.022685
0 0.285645 0.193519 0.007324 0.016667
0 0.281494 0.242361 0.004883 0.016204
0 0.326416 0.643519 0.009766 0.018519
0 0.335693 0.431019 0.011230 0.021296
0 0.354980 0.075463 0.008789 0.023148
0 0.398804 0.071065 0.010498 0.019907
0 0.520752 0.726852 0.007324 0.016667
0 0.517090 0.610417 0.006836 0.019907
0 0.515503 0.558796 0.008057 0.018519
0 0.662476 0.789120 0.008545 0.019907
0 0.669678 0.876389 0.009766 0.020370
0 0.704468 0.392824 0.010498 0.019907
0 0.683228 0.230093 0.006592 0.017593
0 0.721680 0.210648 0.009766 0.018519
0 0.622192 0.280787 0.010498 0.019907
0 0.672852 0.072917 0.008789 0.024537
0 0.702881 0.089815 0.006348 0.018519
0 0.901489 0.575926 0.012939 0.018519
0 0.874146 0.427546 0.010010 0.017130
0 0.852783 0.285880 0.006836 0.021759
0 0.813965 0.096065 0.007324 0.017130
0 0.935425 0.372454 0.010010 0.013426
0 0.253052 0.687731 0.010010 0.018981
0 0.292114 0.086806 0.007568 0.017130
0 0.380005 0.796065 0.009033 0.020833
0 0.632690 0.374074 0.008057 0.021296
0 0.459229 0.066898 0.008301 0.014352
0 0.953003 0.485417 0.009033 0.017130
0 0.008667 0.475694 0.006592 0.014352
0 0.245972 0.744213 0.009521 0.016204
0 0.188232 0.717361 0.011230 0.019907
0 0.802246 0.733565 0.012207 0.018981
0 0.341797 0.469676 0.008789 0.018056
0 0.391846 0.405787 0.008789 0.024537
0 0.505005 0.118287 0.006592 0.018981
0 0.721558 0.546528 0.009521 0.021759
0 0.510010 0.462731 0.008301 0.017130
0 0.079468 0.428472 0.010010 0.018981
0 0.094971 0.381250 0.007812 0.015278
0 0.906982 0.213426 0.008789 0.019444
0 0.689209 0.312963 0.009766 0.016667
0 0.933594 0.741667 0.010742 0.020370
0 0.461914 0.830093 0.009277 0.017593
0 0.602661 0.664583 0.007568 0.019907
0 0.610718 0.131250 0.007080 0.016204
0 0.032715 0.778241 0.012207 0.023148
0 0.120361 0.163426 0.010742 0.019444
0 0.526123 0.920370 0.006348 0.021296
0 0.236694 0.260880 0.008057 0.015278
0 0.004395 0.527083 0.008301 0.014352
0 0.706055 0.057407 0.007324 0.019444
0 0.972046 0.060648 0.008057 0.020370
0 0.575928 0.304630 0.006836 0.012963
0 0.563599 0.076620 0.009521 0.018056
0 0.876709 0.101389 0.007812 0.016667
0 0.887451 0.172685 0.007324 0.013889
0 0.222046 0.296528 0.008545 0.016204
0 0.277832 0.323611 0.008789 0.016667
0 0.018066 0.905324 0.015137 0.016204
0 0.620605 0.165046 0.005859 0.012500
0 0.914062 0.630787 0.011230 0.023611
0 0.608398 0.091204 0.008301 0.015741
0 0.057495 0.205556 0.011475 0.017593
0 0.032715 0.327778 0.007324 0.013889
0 0.108276 0.279167 0.012939 0.023148
0 0.343994 0.239583 0.009277 0.018981
0 0.908447 0.044444 0.007324 0.013889
0 0.088623 0.019213 0.008301 0.016204
0 0.321289 0.770370 0.009277 0.017593
0 0.163940 0.221528 0.008057 0.015278
0 0.500610 0.029398 0.008545 0.016204
0 0.764526 0.016435 0.010010 0.018981
0 0.715698 0.121528 0.010010 0.018981
0 0.039062 0.287037 0.009277 0.017593
0 0.127686 0.458796 0.008789 0.016667
0 0.659424 0.012037 0.008789 0.016667
0 0.051880 0.647454 0.014404 0.027315
0 0.048828 0.719907 0.013184 0.025000
0 0.380127 0.932870 0.010742 0.020370