0 0.284668 0.094444 0.008301 0.020370
0 0.337524 0.213657 0.008057 0.019907
0 0.332397 0.292593 0.009033 0.021296
0 0.326172 0.426389 0.008301 0.028704
0 0.251221 0.440509 0.010254 0.018981
0 0.208984 0.404861 0.009277 0.015278
0 0.211426 0.367361 0.010254 0.016204
0 0.219971 0.271991 0.009766 0.013426
0 0.147583 0.322222 0.008545 0.019444
0 0.128784 0.427083 0.011475 0.018056
0 0.121948 0.466898 0.009521 0.016204
0 0.111694 0.510417 0.010498 0.020833
0 0.108398 0.585417 0.014648 0.017130
0 0.252075 0.541898 0.009033 0.019907
0 0.203369 0.459028 0.009766 0.022685
0 0.032715 0.294213 0.008789 0.017130
0 0.340210 0.100463 0.008545 0.015741
0 0.338989 0.127546 0.007568 0.020833
0 0.274536 0.216667 0.008057 0.018519
0 0.263062 0.330324 0.010498 0.021759
0 0.233032 0.117593 0.008545 0.018519
0 0.231201 0.150694 0.009766 0.021759
0 0.317993 0.603935 0.013428 0.023611
0 0.328247 0.496528 0.009521 0.022685
0 0.381958 0.579630 0.008545 0.024074
0 0.374023 0.520370 0.006836 0.023148
0 0.381958 0.460648 0.007568 0.017593
0 0.385132 0.240741 0.007080 0.019444
0 0.387085 0.162037 0.007080 0.013889
0 0.375488 0.642593 0.007812 0.018519
0 0.453613 0.601157 0.008789 0.018056
0 0.450317 0.546065 0.007568 0.020833
0 0.452026 0.444907 0.006592 0.020370
0 0.451660 0.395139 0.006836 0.018056
0 0.448242 0.354167 0.007324 0.016667
0 0.447144 0.308102 0.007568 0.019907
0 0.452515 0.225000 0.006592 0.016667
0 0.453369 0.184259 0.007812 0.020370
0 0.451050 0.143056 0.006104 0.017593
0 0.445312 0.107176 0.007324 0.015278
0 0.447021 0.061574 0.007324 0.020370
0 0.492798 0.122917 0.007568 0.021759
0 0.493286 0.213426 0.007568 0.015741
0 0.495972 0.281019 0.007080 0.022222
0 0.502197 0.419907 0.008789 0.021296
0 0.506104 0.579398 0.008789 0.020833
0 0.456421 0.659491 0.008545 0.018056
0 0.510498 0.690278 0.005859 0.021296
0 0.508667 0.746296 0.009521 0.019444
0 0.459351 0.786343 0.010010 0.017130
0 0.366943 0.758102 0.009766 0.016204
0 0.368530 0.871759 0.010010 0.020370
0 0.310059 0.715278 0.010742 0.021296
0 0.233765 0.760880 0.009521 0.021759
0 0.235229 0.691667 0.009521 0.017593
0 0.181030 0.675231 0.011475 0.018056
0 0.098022 0.693981 0.011475 0.019444
0 0.078125 0.754630 0.016113 0.021296
0 0.075928 0.823148 0.013184 0.019444
0 0.218018 0.829630 0.012695 0.018519
0 0.230713 0.893750 0.008301 0.018056
0 0.297974 0.925231 0.012939 0.019907
0 0.298584 0.990972 0.010742 0.018056
0 0.461060 0.848611 0.007568 0.021296
0 0.059692 0.960880 0.014404 0.018981
0 0.578003 0.459491 0.007568 0.018056
0 0.576416 0.514120 0.007812 0.017130
0 0.588989 0.611111 0.007568 0.020370
0 0.595581 0.733102 0.009521 0.019907
0 0.603516 0.857870 0.007324 0.017593
0 0.604004 0.930556 0.010742 0.017593
0 0.639648 0.634491 0.009766 0.018056
0 0.631226 0.430324 0.010010 0.020833
0 0.615845 0.341898 0.006592 0.017130
0 0.602783 0.242593 0.008301 0.019444
0 0.304565 0.848843 0.011963 0.018981
0 0.308716 0.782639 0.011475 0.019907
0 0.511597 0.878009 0.007568 0.017130
0 0.556641 0.123843 0.006836 0.016204
0 0.563599 0.194213 0.005127 0.016204
0 0.722290 0.672917 0.008545 0.022685
0 0.659912 0.824074 0.009277 0.017593
0 0.664429 0.886574 0.007568 0.016667
0 0.668701 0.962500 0.009766 0.019444
0 0.750610 0.993981 0.011963 0.012037
0 0.742798 0.862731 0.010010 0.019907
0 0.732666 0.786806 0.009277 0.021759
0 0.732300 0.730093 0.011963 0.021296
0 0.709106 0.562037 0.008545 0.020370
0 0.759277 0.532870 0.009277 0.022222
0 0.750488 0.480787 0.008301 0.018056
0 0.739624 0.393287 0.012939 0.022685
0 0.699097 0.400694 0.010010 0.023611
0 0.688110 0.374769 0.008545 0.016204
0 0.620483 0.480324 0.006592 0.019907
0 0.635010 0.534259 0.005859 0.018519
0 0.814575 0.945602 0.012939 0.019907
0 0.805908 0.879630 0.011719 0.021296
0 0.789795 0.759954 0.012695 0.019907
0 0.774414 0.684259 0.009766 0.023148
0 0.759277 0.571991 0.008301 0.017130
0 0.822876 0.468056 0.009033 0.017593
0 0.818726 0.424074 0.009521 0.015741
0 0.809692 0.369444 0.008057 0.017593
0 0.865234 0.425463 0.005371 0.024074
0 0.831299 0.516898 0.007324 0.017130
0 0.838501 0.563889 0.008545 0.020370
0 0.848267 0.627083 0.009033 0.018981
0 0.855347 0.676852 0.010010 0.021296
0 0.859375 0.749074 0.008789 0.015741
0 0.878906 0.866898 0.011230 0.018981
0 0.903320 0.935880 0.013672 0.019907
0 0.963745 0.964583 0.015381 0.023611
0 0.959839 0.898380 0.010986 0.018981
0 0.925171 0.762269 0.012451 0.022685
0 0.920654 0.702546 0.010742 0.019907
0 0.989502 0.722685 0.013184 0.016667
0 0.981934 0.660417 0.009766 0.020833
0 0.962280 0.587731 0.011963 0.019907
0 0.948242 0.496528 0.012207 0.018981
0 0.937500 0.444213 0.011230 0.018056
0 0.965210 0.364815 0.008057 0.019444
0 0.830688 0.253704 0.009033 0.021296
0 0.795654 0.280556 0.008789 0.018519
0 0.726685 0.299769 0.008545 0.018981
0 0.729858 0.347917 0.008545 0.015278
0 0.678101 0.287963 0.008545 0.020370
0 0.655640 0.058333 0.007568 0.019444
0 0.700439 0.102315 0.007324 0.023148
0 0.760376 0.023611 0.007568 0.013889
0 0.879395 0.183565 0.007812 0.017130
0 0.911255 0.340741 0.008545 0.015741
0 0.933350 0.235880 0.007812 0.019907
0 0.905029 0.084259 0.008301 0.024074
0 0.662964 0.089815 0.006592 0.020370
0 0.601929 0.143750 0.006104 0.015278
0 0.785889 0.200463 0.010254 0.020370
0 0.811157 0.144444 0.009033 0.018519
0 0.823975 0.171759 0.007324 0.020370
0 0.961670 0.324769 0.011230 0.018056
0 0.576050 0.409722 0.008057 0.017593
0 0.572876 0.361111 0.008057 0.018519
0 0.568726 0.317593 0.007080 0.018519
0 0.070435 0.100694 0.008057 0.015278
0 0.081299 0.008796 0.006836 0.013889
0 0.072998 0.440741 0.011230 0.017593
0 0.151123 0.243750 0.009277 0.018981
0 0.157227 0.191204 0.008789 0.017593
0 0.162720 0.154398 0.006104 0.016204
0 0.099976 0.634028 0.009521 0.017130
0 0.054932 0.551157 0.008301 0.015278
0 0.152588 0.932407 0.011230 0.018519
0 0.181396 0.747917 0.010254 0.015278
0 0.280273 0.129630 0.007324 0.016667
0 0.275635 0.173611 0.004883 0.015741
0 0.319946 0.550926 0.008057 0.020370
0 0.326904 0.353704 0.004883 0.013889
0 0.347412 0.015741 0.008789 0.023148
0 0.389771 0.012037 0.007080 0.022222
0 0.370361 0.810880 0.008301 0.019907
0 0.506836 0.627778 0.007324 0.016667
0 0.502441 0.518750 0.008301 0.019907
0 0.501099 0.472685 0.008057 0.018519
0 0.642944 0.690509 0.008545 0.019907
0 0.649902 0.765741 0.009766 0.020370
0 0.752930 0.930556 0.007812 0.016667
0 0.687622 0.315741 0.007080 0.018519
0 0.666138 0.166667 0.006592 0.017593
0 0.704956 0.145139 0.009521 0.017130
0 0.606689 0.211111 0.005859 0.017593
0 0.657837 0.020833 0.008057 0.019444
0 0.687012 0.035185 0.006348 0.018519
0 0.875244 0.489352 0.010254 0.017593
0 0.849365 0.346528 0.008789 0.017130
0 0.828979 0.218056 0.005615 0.019444
0 0.793701 0.037731 0.007324 0.017130
0 0.989624 0.153241 0.010010 0.020370
0 0.972046 0.072685 0.009521 0.022222
0 0.909302 0.296065 0.010010 0.013426
0 0.994019 0.455556 0.011963 0.016667
0 0.246338 0.586806 0.008789 0.017130
0 0.285278 0.028935 0.007568 0.017130
0 0.457153 0.972685 0.010010 0.019444
0 0.368774 0.687269 0.009033 0.020833
0 0.614990 0.296991 0.005371 0.015278
0 0.449707 0.007639 0.008301 0.014352
0 0.925415 0.404167 0.005615 0.014815
0 0.995605 0.186574 0.008789 0.023148
0 0.011841 0.387269 0.006592 0.014352
0 0.239502 0.641435 0.010254 0.018056
0 0.185669 0.614352 0.011963 0.023148
0 0.776367 0.631713 0.012207 0.018981
0 0.335083 0.388657 0.007080 0.016204
0 0.382202 0.325463 0.007568 0.018519
0 0.494263 0.062269 0.006592 0.018981
0 0.700317 0.461806 0.009521 0.021759
0 0.495361 0.378935 0.008301 0.017130
0 0.003296 0.926157 0.006104 0.017130
0 0.081421 0.350000 0.011475 0.012963
0 0.096680 0.306250 0.007812 0.015278
0 0.881592 0.155093 0.008789 0.019444
0 0.158569 0.866435 0.011963 0.018981
0 0.671631 0.240278 0.009766 0.016667
0 0.906006 0.640278 0.010742 0.020370
0 0.449341 0.721528 0.008057 0.016204
0 0.585938 0.569213 0.005371 0.018056
0 0.596313 0.069676 0.007080 0.016204
0 0.219727 0.313889 0.008301 0.016667
0 0.697754 0.060880 0.004883 0.021759
0 0.036377 0.668981 0.013184 0.021296
0 0.121826 0.099074 0.008301 0.018519
0 0.511230 0.810880 0.004883 0.017130