0 0.079468 0.013889 0.016846 0.017593
0 0.059448 0.126852 0.016357 0.018519
0 0.013916 0.225231 0.023926 0.049537
0 0.328125 0.023148 0.020508 0.044444
0 0.442627 0.101620 0.015625 0.035648
0 0.281860 0.110417 0.018311 0.036574
0 0.402832 0.163889 0.020508 0.048148
0 0.350220 0.258102 0.023193 0.039352
0 0.241089 0.193056 0.019287 0.044444
0 0.188477 0.310648 0.023438 0.037037
0 0.315063 0.370139 0.021729 0.034722
0 0.147095 0.405556 0.026123 0.040741
0 0.264404 0.461343 0.016113 0.029167
0 0.453247 0.492361 0.018311 0.041204
0 0.406250 0.572222 0.019531 0.041667
0 0.100464 0.478935 0.014404 0.030093
0 0.059814 0.567593 0.027832 0.041667
0 0.221191 0.593981 0.021484 0.038889
0 0.010498 0.678472 0.020508 0.034722
0 0.127930 0.753241 0.028320 0.038889
0 0.364014 0.677546 0.013672 0.033796
0 0.327637 0.786574 0.017090 0.041667
0 0.286865 0.866204 0.020508 0.038889
0 0.431274 0.851852 0.016357 0.030556
0 0.386719 0.969907 0.019531 0.047222
0 0.242798 0.980324 0.020752 0.039352
0 0.079468 0.860648 0.025635 0.048148
0 0.614624 0.982639 0.019775 0.034722
0 0.778442 0.961111 0.021240 0.051852
0 0.813477 0.832639 0.020020 0.039352
0 0.656738 0.840741 0.022461 0.045370
0 0.478760 0.773148 0.021973 0.045370
0 0.532349 0.664583 0.016846 0.029167
0 0.695190 0.748148 0.007568 0.011111
0 0.742310 0.660417 0.010010 0.024537
0 0.774536 0.563426 0.023193 0.039815
0 0.568604 0.575694 0.022461 0.034722
0 0.612427 0.486806 0.018311 0.036574
0 0.826050 0.448148 0.017334 0.032407
0 0.641357 0.363657 0.019043 0.040278
0 0.492065 0.374769 0.014404 0.032870
0 0.533447 0.272454 0.019043 0.043981
0 0.689697 0.267361 0.017090 0.036574
0 0.586426 0.196065 0.021484 0.042130
0 0.725708 0.172917 0.018311 0.043056
0 0.606567 0.100231 0.015869 0.036574
0 0.766235 0.092130 0.018799 0.036111
0 0.488647 0.015741 0.016846 0.030556
0 0.670044 0.013194 0.018799 0.025463
0 0.805298 0.008796 0.026123 0.016667
0 0.985718 0.071065 0.025635 0.050463
0 0.930786 0.185417 0.024170 0.047685
0 0.907104 0.279630 0.014893 0.025000
0 0.852051 0.376620 0.014160 0.031944
0 0.976196 0.453935 0.028076 0.039352
0 0.942383 0.508796 0.027832 0.037963
0 0.948730 0.595370 0.022461 0.038889
0 0.895386 0.653704 0.023682 0.035185
0 0.844604 0.722454 0.016846 0.031019
0 0.989624 0.897917 0.020752 0.044907