0 0.027710 0.092130 0.019775 0.044444
0 0.017700 0.235185 0.021240 0.039815
0 0.209961 0.015509 0.019531 0.030093
0 0.340332 0.094444 0.018066 0.036111
0 0.319092 0.214352 0.015625 0.037963
0 0.196411 0.244213 0.023682 0.032870
0 0.298706 0.303935 0.019287 0.047685
0 0.177979 0.364815 0.020020 0.028704
0 0.274536 0.441204 0.020752 0.036111
0 0.156738 0.477778 0.020020 0.037963
0 0.203735 0.128704 0.006104 0.020370
0 0.272705 0.570370 0.019531 0.034259
0 0.140259 0.633565 0.025635 0.035648
0 0.250244 0.700694 0.014160 0.029167
0 0.126465 0.756019 0.023438 0.042593
0 0.242065 0.860880 0.019775 0.039352
0 0.100586 0.863657 0.016113 0.031944
0 0.087524 0.982870 0.023682 0.032407
0 0.386963 0.928472 0.016602 0.037500
0 0.496338 0.896296 0.016602 0.032407
0 0.394409 0.807639 0.016846 0.031944
0 0.517578 0.779630 0.019531 0.039815
0 0.405518 0.668750 0.017090 0.042130
0 0.541382 0.639583 0.015381 0.029167
0 0.426392 0.553472 0.016357 0.032870
0 0.547974 0.528241 0.016846 0.035185
0 0.433472 0.416898 0.012939 0.034722
0 0.567017 0.407407 0.016846 0.036111
0 0.444092 0.286574 0.020020 0.037037
0 0.559814 0.271759 0.019531 0.038889
0 0.471191 0.171759 0.019531 0.042593
0 0.464966 0.069676 0.012939 0.031019
0 0.582031 0.148148 0.018066 0.037037
0 0.589111 0.031250 0.017578 0.043056
0 0.749268 0.106019 0.012695 0.028704
0 0.742676 0.187731 0.014160 0.029167
0 0.726196 0.331713 0.021240 0.040278
0 0.719849 0.447454 0.008545 0.030093
0 0.702881 0.563657 0.007324 0.012500
0 0.691284 0.683565 0.022217 0.046759
0 0.689331 0.843287 0.024658 0.045833
0 0.663574 0.946528 0.021973 0.041204
0 0.788208 0.919444 0.026611 0.041667
0 0.955566 0.956944 0.029785 0.038889
0 0.800659 0.788889 0.027100 0.038889
0 0.973755 0.801389 0.031006 0.034259
0 0.823608 0.675231 0.022705 0.040278
0 0.975586 0.680324 0.027832 0.039352
0 0.988403 0.561343 0.018311 0.031019
0 0.824829 0.534259 0.018311 0.037963
0 0.990601 0.431481 0.018799 0.034259
0 0.824463 0.410648 0.016113 0.037963
0 0.850952 0.307407 0.018311 0.033333
0 0.994385 0.288426 0.011230 0.037037
0 0.885986 0.212037 0.016602 0.026852
0 0.855469 0.137731 0.022461 0.040278
0 0.873413 0.066204 0.022705 0.046296