0 0.042847 0.073843 0.018311 0.043056
0 0.031738 0.213194 0.023926 0.042130
0 0.005127 0.305787 0.009766 0.038426
0 0.226807 0.010880 0.016113 0.020833
0 0.217896 0.118981 0.006592 0.020370
0 0.354492 0.098148 0.017578 0.037963
0 0.332886 0.215278 0.015869 0.034259
0 0.209229 0.235185 0.022949 0.038889
0 0.309448 0.307176 0.021729 0.044907
0 0.454834 0.298611 0.017578 0.034259
0 0.187744 0.356944 0.021484 0.033333
0 0.440796 0.426620 0.015381 0.037500
0 0.282593 0.437269 0.021729 0.034722
0 0.165039 0.464583 0.020020 0.037500
0 0.275879 0.567593 0.019531 0.037963
0 0.429688 0.565741 0.019531 0.036111
0 0.144043 0.619444 0.026367 0.032407
0 0.251099 0.694444 0.013916 0.030556
0 0.406616 0.676157 0.020264 0.038426
0 0.125732 0.738889 0.022461 0.037037
0 0.239258 0.853935 0.021484 0.038426
0 0.098267 0.844444 0.018311 0.031481
0 0.393921 0.817130 0.017334 0.035185
0 0.081543 0.965046 0.025391 0.035648
0 0.381836 0.935185 0.015625 0.035185
0 0.707153 0.599074 0.009033 0.012037
0 0.826416 0.726620 0.020996 0.039352
0 0.799316 0.834491 0.026367 0.038426
0 0.687988 0.879398 0.019043 0.035648
0 0.784912 0.966204 0.024414 0.041667
0 0.656616 0.980324 0.024170 0.039352
0 0.492920 0.915046 0.018555 0.028241
0 0.516235 0.799537 0.020264 0.040741
0 0.692871 0.715509 0.019531 0.038426
0 0.544434 0.659028 0.017090 0.026389
0 0.552734 0.548380 0.017090 0.036574
0 0.831787 0.581713 0.016602 0.036574
0 0.832886 0.457639 0.018311 0.040278
0 0.728882 0.484259 0.008057 0.028704
0 0.572632 0.428241 0.015869 0.030556
0 0.735229 0.369676 0.021729 0.039352
0 0.571899 0.296759 0.020752 0.043519
0 0.754883 0.229398 0.014160 0.026389
0 0.763672 0.146528 0.014160 0.032870
0 0.595215 0.170139 0.017090 0.035648
0 0.605225 0.056481 0.018066 0.041667
0 0.789551 0.014120 0.014160 0.027315
0 0.909302 0.006713 0.020264 0.012500
0 0.892700 0.112037 0.024658 0.040741
0 0.869019 0.186806 0.020752 0.045833
0 0.899780 0.259954 0.014404 0.031019
0 0.862793 0.356481 0.019531 0.038889
0 0.993896 0.493287 0.012207 0.039352
0 0.992676 0.622685 0.014648 0.038889
0 0.977905 0.740278 0.028076 0.038889
0 0.972778 0.861806 0.030029 0.035648
0 0.481567 0.082870 0.014404 0.034259
0 0.484497 0.189815 0.022217 0.050000