0 0.076294 0.029167 0.007568 0.012963
0 0.065430 0.058333 0.005859 0.015741
0 0.020020 0.305093 0.009766 0.013889
0 0.030273 0.248380 0.009766 0.018056
0 0.148071 0.234028 0.009521 0.018981
0 0.123901 0.134259 0.008545 0.018519
0 0.005859 0.429398 0.009766 0.017130
0 0.122559 0.106250 0.009277 0.018981
0 0.062256 0.427546 0.012695 0.017130
0 0.179077 0.034954 0.007568 0.020833
0 0.172729 0.064352 0.008545 0.022222
0 0.177002 0.141667 0.006348 0.013889
0 0.141724 0.316898 0.007568 0.019907
0 0.127319 0.356944 0.007080 0.020370
0 0.107422 0.503009 0.007812 0.016204
0 0.234131 0.062731 0.008301 0.016204
0 0.226807 0.139352 0.008301 0.013889
0 0.210083 0.212500 0.008545 0.014815
0 0.204468 0.342824 0.008545 0.024537
0 0.191284 0.450463 0.008545 0.016667
0 0.189575 0.496759 0.010498 0.018519
0 0.242188 0.526852 0.009766 0.017593
0 0.246460 0.467361 0.009033 0.018056
0 0.250488 0.419676 0.009766 0.019907
0 0.254883 0.331481 0.008301 0.019444
0 0.266968 0.243981 0.008057 0.015741
0 0.263794 0.192593 0.009521 0.020370
0 0.271851 0.130556 0.009521 0.016667
0 0.278076 0.095833 0.008301 0.018519
0 0.283325 0.052083 0.007080 0.017130
0 0.286011 0.017824 0.007568 0.020833
0 0.339355 0.050463 0.008789 0.015741
0 0.331299 0.205556 0.007812 0.016667
0 0.325439 0.318981 0.007812 0.020370
0 0.317139 0.430556 0.010254 0.018519
0 0.315186 0.468056 0.009277 0.020370
0 0.370483 0.508565 0.007080 0.016204
0 0.375122 0.308565 0.008545 0.020833
0 0.372803 0.259491 0.005859 0.018981
0 0.377197 0.191204 0.006836 0.017593
0 0.382080 0.102778 0.008301 0.022222
0 0.448364 0.103472 0.007080 0.022685
0 0.445190 0.145139 0.007080 0.018056
0 0.443481 0.301389 0.007568 0.018519
0 0.440186 0.377083 0.008789 0.024537
0 0.437134 0.434259 0.009521 0.018519
0 0.443237 0.481713 0.006104 0.020833
0 0.445068 0.537731 0.007324 0.019907
0 0.025391 0.711111 0.011719 0.014815
0 0.045166 0.576852 0.011719 0.020370
0 0.085327 0.731944 0.011963 0.022222
0 0.091797 0.621991 0.011719 0.017130
0 0.101685 0.554630 0.011475 0.018519
0 0.005005 0.771991 0.008545 0.018056
0 0.058716 0.877315 0.014404 0.019444
0 0.050659 0.938657 0.013428 0.018056
0 0.147217 0.917824 0.013184 0.017130
0 0.159424 0.791667 0.011719 0.017593
0 0.157227 0.849074 0.011719 0.014815
0 0.171753 0.662037 0.011475 0.015741
0 0.170532 0.716204 0.010498 0.015741
0 0.173462 0.597454 0.011475 0.013426
0 0.188721 0.549769 0.011230 0.017130
0 0.238037 0.580787 0.010254 0.017130
0 0.231323 0.628935 0.007568 0.017130
0 0.228271 0.692361 0.006348 0.018981
0 0.220825 0.750000 0.013428 0.018519
0 0.204712 0.893056 0.013428 0.019444
0 0.293579 0.978472 0.009033 0.021759
0 0.292114 0.881481 0.010498 0.024074
0 0.304077 0.823611 0.008545 0.019444
0 0.296753 0.771296 0.009521 0.017593
0 0.303589 0.694907 0.010986 0.022222
0 0.311279 0.582176 0.010254 0.019907
0 0.366455 0.616898 0.008789 0.019907
0 0.361206 0.740046 0.010010 0.019907
0 0.359619 0.926620 0.010254 0.018056
0 0.442261 0.900000 0.008545 0.019444
0 0.442993 0.826389 0.006592 0.016667
0 0.438721 0.768519 0.008301 0.018519
0 0.437622 0.704167 0.008545 0.020370
0 0.444702 0.591898 0.007080 0.018981
0 0.501831 0.863657 0.010010 0.019907
0 0.500732 0.935417 0.008789 0.018056
0 0.494629 0.675463 0.008301 0.018519
0 0.495728 0.804398 0.009521 0.018056
0 0.491943 0.573380 0.006348 0.017130
0 0.491577 0.456481 0.007568 0.021296
0 0.591064 0.989583 0.009277 0.020833
0 0.592651 0.912731 0.009033 0.020833
0 0.589478 0.846296 0.009033 0.020370
0 0.585205 0.776157 0.007812 0.018056
0 0.580322 0.716204 0.008789 0.018519
0 0.571411 0.602546 0.009521 0.019907
0 0.573853 0.547685 0.006592 0.018519
0 0.570068 0.500463 0.006348 0.019444
0 0.565674 0.450926 0.006836 0.016667
0 0.617676 0.475926 0.006836 0.017593
0 0.619995 0.531019 0.006592 0.016667
0 0.625000 0.570370 0.006348 0.019444
0 0.619751 0.614352 0.008057 0.018519
0 0.635254 0.747917 0.008301 0.018056
0 0.654541 0.875926 0.011719 0.022222
0 0.643555 0.949074 0.009277 0.017593
0 0.737427 0.922917 0.010010 0.019907
0 0.736206 0.838889 0.010986 0.022222
0 0.721436 0.794907 0.008789 0.015741
0 0.718140 0.715509 0.008545 0.019907
0 0.708618 0.675463 0.010498 0.019444
0 0.700806 0.609722 0.009033 0.015741
0 0.692627 0.508796 0.006348 0.016667
0 0.736328 0.480787 0.010742 0.018056
0 0.765259 0.691898 0.009521 0.018056
0 0.770142 0.756250 0.010498 0.018056
0 0.782104 0.821528 0.012451 0.028241
0 0.787476 0.871991 0.006592 0.015278
0 0.797607 0.942361 0.009277 0.017130
0 0.832520 0.554630 0.011719 0.019444
0 0.883057 0.926389 0.010742 0.016667
0 0.945557 0.958796 0.014648 0.018519
0 0.877441 0.864120 0.013184 0.018056
0 0.864380 0.790509 0.010498 0.017130
0 0.844971 0.665741 0.010254 0.018519
0 0.859619 0.478472 0.009766 0.017130
0 0.876831 0.516898 0.008545 0.018981
0 0.886841 0.628704 0.011963 0.022222
0 0.911865 0.755787 0.012695 0.018056
0 0.929321 0.870833 0.011963 0.019444
0 0.884033 0.580787 0.007812 0.017130
0 0.940552 0.532176 0.010498 0.018056
0 0.965332 0.634954 0.008301 0.014352
0 0.978882 0.686806 0.009033 0.020833
0 0.983521 0.747454 0.010010 0.018056
0 0.950195 0.037269 0.007324 0.018981
0 0.913818 0.194676 0.007324 0.015278
0 0.846680 0.049537 0.007324 0.014815
0 0.850098 0.078472 0.006348 0.019907
0 0.862793 0.109028 0.006348 0.016204
0 0.866821 0.138889 0.006104 0.011111
0 0.884155 0.222222 0.006104 0.013889
0 0.815308 0.214120 0.007568 0.014352
0 0.910400 0.342824 0.010254 0.015278
0 0.966919 0.399769 0.010498 0.020833
0 0.938232 0.281019 0.012207 0.020370
0 0.921265 0.427778 0.006592 0.011111
0 0.781738 0.006481 0.006348 0.012037
0 0.837891 0.336806 0.009277 0.014352
0 0.844116 0.376157 0.008057 0.019907
0 0.811279 0.406944 0.008301 0.013889
0 0.731934 0.424306 0.008789 0.017130
0 0.727905 0.366667 0.007568 0.022222
0 0.714844 0.332407 0.007324 0.016667
0 0.717896 0.287500 0.007080 0.018519
0 0.704590 0.174537 0.005859 0.016667
0 0.693604 0.102315 0.006348 0.018519
0 0.660889 0.163194 0.006836 0.013426
0 0.680298 0.315278 0.007080 0.019444
0 0.678467 0.366667 0.005859 0.018519
0 0.687744 0.405556 0.007812 0.018519
0 0.622559 0.421296 0.005371 0.014815
0 0.610596 0.378935 0.005371 0.016204
0 0.607910 0.325463 0.004395 0.015741
0 0.559814 0.312269 0.006836 0.012500
0 0.559326 0.267824 0.004883 0.016204
0 0.564209 0.192130 0.006348 0.015741
0 0.593384 0.202546 0.007568 0.015278
0 0.598755 0.160880 0.007568 0.017130
0 0.775757 0.199769 0.007568 0.018056
0 0.782349 0.237037 0.008057 0.021296
0 0.799194 0.318519 0.008545 0.017593
0 0.763550 0.076620 0.007080 0.019907
0 0.760742 0.050000 0.006348 0.016667
0 0.647095 0.011343 0.006592 0.021759
0 0.656982 0.042593 0.007812 0.020370
0 0.661865 0.116204 0.006348 0.019444
0 0.666382 0.232176 0.006104 0.018981
0 0.666138 0.203009 0.007080 0.018056
0 0.602539 0.282176 0.006348 0.019907
0 0.596924 0.126620 0.006836 0.017130
0 0.591187 0.022454 0.004639 0.015278
0 0.554443 0.008565 0.006836 0.016204
0 0.558350 0.139815 0.006348 0.015741
0 0.560059 0.111343 0.006836 0.018056
0 0.557617 0.077778 0.005371 0.020370
0 0.562988 0.228935 0.007324 0.017130
0 0.771973 0.162037 0.006348 0.016667
0 0.802368 0.145370 0.007568 0.016667
0 0.986328 0.143981 0.011719 0.022222
0 0.791504 0.065278 0.007324 0.019444
0 0.488647 0.247454 0.006592 0.013426
0 0.487671 0.087037 0.006104 0.018519
0 0.495483 0.054398 0.004639 0.014352
0 0.489624 0.012269 0.006592 0.020833
0 0.493408 0.369907 0.007812 0.018519
0 0.571289 0.403241 0.007324 0.011111
0 0.107056 0.207176 0.008545 0.014352
0 0.367554 0.452083 0.009521 0.018981
0 0.487671 0.193287 0.005615 0.020833
0 0.718384 0.247917 0.006104 0.017130
0 0.692749 0.068750 0.003662 0.019907
0 0.853027 0.418519 0.008789 0.023148
0 0.857300 0.731944 0.008057 0.015741
0 0.749756 0.581250 0.007324 0.016204
0 0.687744 0.468750 0.008789 0.019907
0 0.313110 0.525231 0.010498 0.018056
0 0.030518 0.656944 0.011230 0.018519
0 0.330566 0.249074 0.009277 0.019444
0 0.437744 0.341898 0.006836 0.017130
0 0.445557 0.068287 0.008301 0.021759
0 0.381104 0.233796 0.005371 0.016667
0 0.445801 0.187963 0.005371 0.014815
0 0.356567 0.857870 0.008057 0.020370
0 0.593018 0.246065 0.007324 0.015278
0 0.891602 0.261343 0.007812 0.014352
0 0.990723 0.500231 0.007812 0.019907
0 0.137695 0.991667 0.013184 0.016667