0 0.067627 0.037269 0.017090 0.024537
0 0.053223 0.149769 0.015625 0.022685
0 0.010742 0.246296 0.020996 0.043519
0 0.318115 0.033333 0.021973 0.043519
0 0.435181 0.105787 0.016357 0.038426
0 0.393311 0.167824 0.022461 0.050463
0 0.277710 0.121759 0.019287 0.039815
0 0.232178 0.207870 0.020996 0.041667
0 0.343506 0.269676 0.018066 0.041204
0 0.183105 0.325694 0.026367 0.035648
0 0.310425 0.378472 0.019775 0.035648
0 0.260254 0.472917 0.018555 0.031944
0 0.144653 0.426852 0.025146 0.040741
0 0.451416 0.495833 0.018555 0.038889
0 0.406128 0.578009 0.019775 0.038426
0 0.220703 0.611343 0.021484 0.038426
0 0.098267 0.498843 0.015869 0.026389
0 0.058228 0.592361 0.027100 0.036574
0 0.010620 0.702546 0.020752 0.035648
0 0.363403 0.691204 0.013916 0.037037
0 0.330322 0.796065 0.016602 0.038426
0 0.129150 0.774306 0.028809 0.037500
0 0.433960 0.858796 0.016357 0.029630
0 0.392090 0.978009 0.018066 0.043981
0 0.246704 0.986806 0.019775 0.026389
0 0.287109 0.878241 0.019531 0.037963
0 0.082397 0.879630 0.027588 0.032407
0 0.619751 0.980787 0.016846 0.038426
0 0.781006 0.944907 0.021973 0.041667
0 0.658813 0.832407 0.022705 0.040741
0 0.480347 0.775231 0.021729 0.043056
0 0.533936 0.667361 0.016602 0.031019
0 0.567261 0.575926 0.022217 0.037963
0 0.741821 0.646759 0.009521 0.033333
0 0.774048 0.550463 0.020752 0.043519
0 0.609497 0.481250 0.019775 0.042130
0 0.488892 0.376852 0.017334 0.033333
0 0.636719 0.356713 0.020508 0.039352
0 0.529175 0.271065 0.019775 0.042130
0 0.685791 0.258102 0.017090 0.031944
0 0.579956 0.191667 0.023193 0.040741
0 0.717773 0.163426 0.020020 0.045370
0 0.597900 0.096991 0.016113 0.039352
0 0.480957 0.017824 0.022949 0.033796
0 0.660767 0.009491 0.023193 0.018056
0 0.758179 0.077778 0.019287 0.036111
0 0.978638 0.046065 0.030518 0.045833
0 0.924072 0.163426 0.025391 0.045370
0 0.902588 0.255556 0.013672 0.026852
0 0.848145 0.362731 0.014648 0.036574
0 0.973145 0.429398 0.030762 0.042130
0 0.940674 0.486574 0.024414 0.036111
0 0.949829 0.575463 0.024658 0.029630
0 0.895020 0.633333 0.021973 0.037037
0 0.844849 0.702083 0.019287 0.034722
0 0.816162 0.812963 0.021484 0.039815
0 0.697754 0.739815 0.010254 0.015741
0 0.992310 0.874306 0.015381 0.051389
0 0.961426 0.983565 0.020996 0.027315
0 0.821533 0.432639 0.019043 0.035648