0 0.075317 0.032407 0.007568 0.012963
0 0.064941 0.063889 0.005859 0.015741
0 0.019287 0.308333 0.009766 0.013889
0 0.029785 0.253009 0.009766 0.018056
0 0.147583 0.238194 0.009521 0.018981
0 0.123657 0.138426 0.008545 0.018519
0 0.005127 0.434954 0.009766 0.017130
0 0.122314 0.109491 0.009277 0.018981
0 0.061523 0.433565 0.012695 0.017130
0 0.178589 0.040046 0.007568 0.020833
0 0.171509 0.067130 0.008545 0.022222
0 0.176758 0.148148 0.006348 0.013889
0 0.141724 0.321991 0.007568 0.019907
0 0.126587 0.362500 0.007080 0.020370
0 0.106934 0.509028 0.007812 0.016204
0 0.233154 0.065972 0.008301 0.016204
0 0.226074 0.143519 0.008301 0.013889
0 0.209595 0.218056 0.008545 0.014815
0 0.202759 0.344213 0.008545 0.024537
0 0.191528 0.457407 0.008545 0.016667
0 0.186401 0.500000 0.010498 0.018519
0 0.240479 0.532870 0.009766 0.017593
0 0.244995 0.470139 0.009033 0.018056
0 0.250000 0.425231 0.009766 0.019907
0 0.254395 0.336574 0.008301 0.019444
0 0.266235 0.248148 0.008057 0.015741
0 0.262573 0.192593 0.009521 0.020370
0 0.271118 0.135185 0.009521 0.016667
0 0.277832 0.100000 0.008301 0.018519
0 0.282104 0.056250 0.007080 0.017130
0 0.284546 0.017824 0.007568 0.020833
0 0.339355 0.050463 0.008789 0.015741
0 0.331299 0.209722 0.007812 0.016667
0 0.324219 0.324537 0.007812 0.020370
0 0.315918 0.436111 0.010254 0.018519
0 0.313477 0.473611 0.009277 0.020370
0 0.369751 0.515509 0.007080 0.016204
0 0.374390 0.314120 0.008545 0.020833
0 0.372314 0.265509 0.005859 0.018981
0 0.377686 0.195833 0.006836 0.017593
0 0.381836 0.107870 0.008301 0.022222
0 0.448364 0.108102 0.007080 0.022685
0 0.445190 0.149769 0.007080 0.018056
0 0.442993 0.306944 0.007568 0.018519
0 0.440186 0.382176 0.008789 0.024537
0 0.436890 0.439815 0.009521 0.018519
0 0.443237 0.488194 0.006104 0.020833
0 0.444824 0.542824 0.007324 0.019907
0 0.024414 0.717593 0.011719 0.014815
0 0.044678 0.585185 0.011719 0.020370
0 0.084351 0.739815 0.011963 0.022222
0 0.090332 0.628935 0.011719 0.017130
0 0.100220 0.561111 0.011475 0.018519
0 0.004517 0.779861 0.008545 0.018056
0 0.057007 0.885648 0.014404 0.019444
0 0.047974 0.947454 0.013428 0.018056
0 0.145752 0.925694 0.013184 0.017130
0 0.157471 0.800000 0.011719 0.017593
0 0.155273 0.856481 0.011719 0.014815
0 0.170044 0.669907 0.011475 0.015741
0 0.168335 0.724074 0.010498 0.015741
0 0.171997 0.603935 0.011475 0.013426
0 0.187012 0.557176 0.009766 0.016204
0 0.236328 0.587731 0.010254 0.017130
0 0.230835 0.636806 0.007568 0.017130
0 0.226562 0.697454 0.006348 0.018981
0 0.219849 0.757870 0.013428 0.018519
0 0.203247 0.901389 0.013428 0.019444
0 0.293335 0.987269 0.009033 0.021759
0 0.291382 0.890278 0.010498 0.024074
0 0.303345 0.831019 0.008545 0.019444
0 0.296509 0.779630 0.009521 0.017593
0 0.302856 0.703241 0.010986 0.022222
0 0.309814 0.589120 0.010254 0.019907
0 0.365967 0.623843 0.008789 0.019907
0 0.360718 0.746991 0.010010 0.019907
0 0.359375 0.934954 0.010254 0.018056
0 0.441528 0.907407 0.008545 0.019444
0 0.442017 0.835185 0.006592 0.016667
0 0.438232 0.774074 0.008301 0.018519
0 0.437134 0.712037 0.008545 0.020370
0 0.444214 0.597917 0.007080 0.018981
0 0.501343 0.871065 0.010010 0.019907
0 0.499756 0.942824 0.008789 0.018056
0 0.494629 0.675463 0.008301 0.018519
0 0.495239 0.812269 0.009521 0.018056
0 0.491943 0.578935 0.006348 0.017130
0 0.491577 0.462963 0.007568 0.021296
0 0.590942 0.994213 0.009033 0.011574
0 0.592651 0.921991 0.009033 0.020833
0 0.589478 0.855093 0.009033 0.020370
0 0.585205 0.783565 0.007812 0.018056
0 0.580322 0.724074 0.008789 0.018519
0 0.571411 0.610417 0.009521 0.019907
0 0.573853 0.554167 0.006592 0.018519
0 0.570068 0.507407 0.006348 0.019444
0 0.565674 0.457407 0.006836 0.016667
0 0.617676 0.481944 0.006836 0.017593
0 0.619751 0.537500 0.006592 0.016667
0 0.625000 0.577315 0.006348 0.019444
0 0.619751 0.621296 0.008057 0.018519
0 0.635742 0.755787 0.008301 0.018056
0 0.654541 0.883333 0.011719 0.022222
0 0.643555 0.956944 0.009277 0.017593
0 0.737427 0.929861 0.010010 0.019907
0 0.735474 0.847222 0.010986 0.022222
0 0.721680 0.801389 0.008789 0.015741
0 0.718140 0.722917 0.008545 0.019907
0 0.708618 0.681944 0.010498 0.019444
0 0.701294 0.615741 0.009033 0.015741
0 0.692627 0.515278 0.006348 0.016667
0 0.736816 0.486343 0.010742 0.018056
0 0.765503 0.698843 0.009521 0.018056
0 0.770142 0.764583 0.010498 0.018056
0 0.782593 0.828935 0.012451 0.028241
0 0.788208 0.879398 0.006592 0.015278
0 0.798340 0.949306 0.009277 0.017130
0 0.833252 0.561574 0.011719 0.019444
0 0.883789 0.934259 0.010742 0.016667
0 0.945557 0.967130 0.014648 0.018519
0 0.877686 0.871991 0.013184 0.018056
0 0.864868 0.797917 0.010498 0.017130
0 0.845215 0.673611 0.010254 0.018519
0 0.860352 0.483102 0.009766 0.017130
0 0.876831 0.524306 0.008545 0.018981
0 0.886841 0.636574 0.011963 0.022222
0 0.911865 0.763657 0.012695 0.018056
0 0.930298 0.878704 0.011963 0.019444
0 0.884033 0.587731 0.007812 0.017130
0 0.940552 0.539120 0.010498 0.018056
0 0.965820 0.640972 0.008301 0.014352
0 0.979370 0.694676 0.009033 0.020833
0 0.984253 0.755324 0.010010 0.018056
0 0.951172 0.038194 0.007324 0.018981
0 0.915405 0.199306 0.007568 0.011574
0 0.847168 0.053704 0.007324 0.014815
0 0.850830 0.083102 0.006348 0.019907
0 0.863525 0.112731 0.006348 0.016204
0 0.867065 0.143056 0.006104 0.011111
0 0.885132 0.226852 0.006104 0.013889
0 0.816284 0.218750 0.007568 0.014352
0 0.910645 0.347917 0.010254 0.015278
0 0.966919 0.404861 0.010498 0.020833
0 0.939209 0.285648 0.012207 0.020370
0 0.921265 0.433796 0.006592 0.011111
0 0.782471 0.007639 0.007812 0.014352
0 0.838623 0.340972 0.009277 0.014352
0 0.844604 0.382639 0.008057 0.019907
0 0.811768 0.412037 0.008301 0.013889
0 0.731934 0.429861 0.008789 0.017130
0 0.727905 0.373611 0.007568 0.022222
0 0.714844 0.337963 0.007324 0.016667
0 0.717896 0.290741 0.007080 0.018519
0 0.704590 0.179630 0.005859 0.016667
0 0.693848 0.106019 0.006348 0.018519
0 0.660889 0.168287 0.006836 0.013426
0 0.680542 0.319907 0.007080 0.019444
0 0.678467 0.371759 0.005859 0.018519
0 0.687988 0.411111 0.007812 0.018519
0 0.622559 0.426852 0.005371 0.014815
0 0.610596 0.384028 0.005371 0.016204
0 0.607910 0.330556 0.004395 0.015741
0 0.559814 0.316435 0.006836 0.012500
0 0.558594 0.270139 0.004883 0.016204
0 0.564209 0.197685 0.006348 0.015741
0 0.593384 0.206250 0.007568 0.015278
0 0.598755 0.165972 0.007568 0.017130
0 0.776245 0.202083 0.007568 0.018056
0 0.782593 0.241667 0.008057 0.021296
0 0.799194 0.323148 0.008545 0.017593
0 0.764282 0.080324 0.007080 0.019907
0 0.760986 0.054630 0.006348 0.016667
0 0.647095 0.011343 0.006592 0.021759
0 0.657227 0.046296 0.007812 0.020370
0 0.662842 0.120370 0.006348 0.019444
0 0.666626 0.235417 0.006104 0.018981
0 0.666382 0.207639 0.007080 0.018056
0 0.602539 0.282176 0.006348 0.019907
0 0.596924 0.128935 0.006836 0.017130
0 0.591187 0.028009 0.004639 0.015278
0 0.555054 0.009954 0.008057 0.018981
0 0.558350 0.145370 0.006348 0.015741
0 0.560059 0.115509 0.006836 0.018056
0 0.557617 0.081019 0.005371 0.020370
0 0.562988 0.234491 0.007324 0.017130
0 0.772217 0.164815 0.006348 0.016667
0 0.802856 0.150000 0.007568 0.016667
0 0.987305 0.146296 0.011719 0.022222
0 0.792969 0.069907 0.007324 0.019444
0 0.488647 0.251157 0.006592 0.013426
0 0.487671 0.090278 0.006104 0.018519
0 0.495483 0.057176 0.004639 0.014352
0 0.489624 0.015509 0.006592 0.020833
0 0.493408 0.373148 0.007812 0.018519
0 0.571289 0.409722 0.007324 0.011111
0 0.106567 0.210417 0.008545 0.014352
0 0.367065 0.456713 0.009521 0.018981
0 0.487671 0.196528 0.005615 0.020833
0 0.718628 0.252083 0.006104 0.017130
0 0.693237 0.074769 0.003662 0.019907
0 0.853027 0.425000 0.008789 0.023148
0 0.858032 0.737037 0.008057 0.015741
0 0.749756 0.585880 0.007324 0.016204
0 0.687744 0.473380 0.008789 0.019907
0 0.311646 0.531250 0.010498 0.018056
0 0.030518 0.656944 0.011230 0.018519
0 0.330566 0.249074 0.009277 0.019444
0 0.437500 0.346991 0.006836 0.017130
0 0.443848 0.068750 0.008301 0.021759
0 0.380615 0.238889 0.005371 0.016667
0 0.445801 0.192130 0.005371 0.014815
0 0.356323 0.865278 0.008057 0.020370
0 0.593018 0.249306 0.007324 0.015278
0 0.891846 0.264583 0.007812 0.014352
0 0.991455 0.504398 0.007812 0.019907