0 0.077148 0.015278 0.006836 0.018519
0 0.035645 0.248148 0.009766 0.013889
0 0.043945 0.195602 0.009766 0.018056
0 0.160034 0.184028 0.010498 0.022685
0 0.135376 0.087963 0.008545 0.018519
0 0.022461 0.365509 0.009766 0.017130
0 0.133301 0.061343 0.009277 0.018981
0 0.076172 0.370602 0.012695 0.017130
0 0.183228 0.020370 0.008545 0.022222
0 0.187744 0.096759 0.006348 0.013889
0 0.153687 0.263194 0.007568 0.019907
0 0.140137 0.298843 0.006836 0.019907
0 0.122803 0.436806 0.007812 0.016204
0 0.242188 0.017824 0.008301 0.016204
0 0.236572 0.092130 0.008301 0.013889
0 0.220581 0.162037 0.010010 0.015741
0 0.214722 0.282639 0.008545 0.024537
0 0.203491 0.389352 0.008545 0.016667
0 0.200806 0.430556 0.010498 0.018519
0 0.251953 0.462037 0.009766 0.017593
0 0.255981 0.403472 0.009033 0.018056
0 0.260986 0.359491 0.009766 0.019907
0 0.263672 0.279167 0.008301 0.019444
0 0.276611 0.191667 0.008301 0.016667
0 0.271362 0.140278 0.009521 0.020370
0 0.279175 0.089815 0.009521 0.016667
0 0.285156 0.056481 0.008301 0.018519
0 0.289185 0.012731 0.007080 0.017130
0 0.345825 0.006250 0.009033 0.011574
0 0.338989 0.157176 0.008545 0.017130
0 0.332031 0.260648 0.007812 0.020370
0 0.324951 0.369444 0.010254 0.018519
0 0.322998 0.402315 0.009277 0.020370
0 0.377319 0.442361 0.007080 0.016204
0 0.380493 0.253009 0.008545 0.020833
0 0.380127 0.209722 0.007812 0.019444
0 0.383301 0.141667 0.006836 0.017593
0 0.387939 0.057870 0.008301 0.022222
0 0.451782 0.059028 0.007080 0.022685
0 0.448853 0.096991 0.007080 0.018056
0 0.447876 0.245370 0.007568 0.018519
0 0.443848 0.318750 0.008789 0.024537
0 0.442261 0.374074 0.009521 0.018519
0 0.447632 0.417361 0.006104 0.020833
0 0.449951 0.471991 0.007324 0.019907
0 0.043213 0.632407 0.011719 0.014815
0 0.062744 0.507407 0.011719 0.020370
0 0.101440 0.652778 0.011963 0.022222
0 0.107422 0.548843 0.011719 0.017130
0 0.116333 0.487037 0.011475 0.018519
0 0.025024 0.689815 0.014893 0.015741
0 0.076782 0.790278 0.014404 0.019444
0 0.067749 0.847454 0.013428 0.018056
0 0.162598 0.826620 0.013184 0.017130
0 0.174316 0.712037 0.011719 0.017593
0 0.171631 0.763889 0.011719 0.014815
0 0.185181 0.587963 0.011475 0.015741
0 0.182495 0.638426 0.010498 0.015741
0 0.186157 0.528009 0.011475 0.013426
0 0.199707 0.483102 0.011230 0.017130
0 0.248779 0.512269 0.010254 0.017130
0 0.242798 0.558565 0.007568 0.017130
0 0.241211 0.616435 0.006348 0.018981
0 0.233276 0.669444 0.013428 0.018519
0 0.218384 0.806481 0.013428 0.019444
0 0.305298 0.882639 0.009033 0.021759
0 0.303345 0.793981 0.010498 0.024074
0 0.314331 0.738889 0.008545 0.019444
0 0.307495 0.692593 0.009521 0.018519
0 0.313599 0.618981 0.010986 0.022222
0 0.318848 0.513194 0.010254 0.019907
0 0.373047 0.545139 0.008789 0.019907
0 0.369263 0.661343 0.010010 0.019907
0 0.368408 0.836343 0.010254 0.018056
0 0.448120 0.810185 0.008545 0.019444
0 0.448364 0.743981 0.006592 0.016667
0 0.444702 0.687037 0.008545 0.019444
0 0.442261 0.629630 0.008545 0.020370
0 0.448853 0.521065 0.007080 0.018981
0 0.505249 0.776157 0.010010 0.019907
0 0.504395 0.846065 0.008789 0.018056
0 0.498047 0.594444 0.008301 0.018519
0 0.500366 0.724306 0.009521 0.018056
0 0.495850 0.503472 0.008301 0.014352
0 0.494507 0.392593 0.007568 0.021296
0 0.591553 0.896528 0.009277 0.020833
0 0.593628 0.821528 0.009033 0.020833
0 0.590454 0.761806 0.009033 0.018981
0 0.585693 0.695602 0.007812 0.018056
0 0.581299 0.640278 0.008789 0.018519
0 0.572388 0.535417 0.009521 0.019907
0 0.575562 0.481481 0.006592 0.016667
0 0.571289 0.437963 0.006348 0.019444
0 0.566650 0.391204 0.006836 0.016667
0 0.618164 0.414815 0.006836 0.017593
0 0.618774 0.463889 0.006592 0.016667
0 0.623657 0.502083 0.008057 0.018981
0 0.619507 0.543519 0.008057 0.018519
0 0.635010 0.669213 0.008301 0.018056
0 0.653320 0.788426 0.011719 0.022222
0 0.642822 0.856019 0.009277 0.017593
0 0.732544 0.837269 0.010010 0.019907
0 0.731812 0.753241 0.010986 0.022222
0 0.718018 0.712037 0.008789 0.015741
0 0.714233 0.643287 0.008545 0.019907
0 0.705688 0.601389 0.010498 0.019444
0 0.698364 0.538889 0.009033 0.015741
0 0.691162 0.444907 0.006348 0.016667
0 0.733154 0.415509 0.010742 0.018056
0 0.759644 0.616435 0.009521 0.018056
0 0.765015 0.678009 0.010498 0.018056
0 0.776245 0.736343 0.012451 0.028241
0 0.781372 0.786806 0.006592 0.015278
0 0.790527 0.850694 0.009277 0.017130
0 0.824951 0.486111 0.011719 0.019444
0 0.873779 0.836574 0.010742 0.016667
0 0.934082 0.868056 0.014648 0.018519
0 0.868652 0.778472 0.013184 0.018056
0 0.856812 0.709491 0.011475 0.018056
0 0.837402 0.590741 0.010254 0.018519
0 0.852051 0.414120 0.008301 0.018056
0 0.869263 0.452083 0.008545 0.018981
0 0.877075 0.557407 0.011963 0.022222
0 0.901123 0.676157 0.012695 0.018056
0 0.918579 0.783796 0.011963 0.019444
0 0.875732 0.512731 0.007812 0.017130
0 0.931519 0.465509 0.010498 0.018056
0 0.955200 0.563657 0.009521 0.014352
0 0.967407 0.614583 0.009033 0.020833
0 0.971802 0.668750 0.010010 0.018056
0 0.907227 0.147685 0.008301 0.017593
0 0.840820 0.007639 0.007324 0.014352
0 0.845215 0.034028 0.006348 0.019907
0 0.857056 0.065278 0.007080 0.019444
0 0.859985 0.093056 0.006104 0.011111
0 0.877075 0.171759 0.006104 0.013889
0 0.809448 0.165509 0.007568 0.014352
0 0.901123 0.286806 0.010254 0.015278
0 0.956665 0.340046 0.010498 0.020833
0 0.930664 0.227778 0.012207 0.020370
0 0.912231 0.368056 0.007080 0.013889
0 0.831543 0.280556 0.008789 0.016667
0 0.837769 0.320139 0.008057 0.019907
0 0.806274 0.348843 0.009033 0.015278
0 0.728271 0.364120 0.008789 0.017130
0 0.723999 0.309722 0.007568 0.022222
0 0.711182 0.277778 0.007324 0.016667
0 0.714600 0.234028 0.005371 0.018981
0 0.702271 0.131944 0.005615 0.019444
0 0.692139 0.057407 0.006348 0.018519
0 0.659668 0.119213 0.006836 0.013426
0 0.678101 0.259722 0.007080 0.019444
0 0.676514 0.308333 0.005859 0.018519
0 0.685425 0.345139 0.007568 0.019907
0 0.621826 0.361111 0.005371 0.014815
0 0.610840 0.322454 0.005371 0.016204
0 0.607910 0.271991 0.004395 0.015278
0 0.561157 0.255324 0.007080 0.015278
0 0.560181 0.213657 0.004150 0.014352
0 0.564941 0.143750 0.005859 0.018981
0 0.593872 0.154398 0.007568 0.015278
0 0.599243 0.113657 0.007568 0.017130
0 0.771606 0.148843 0.007568 0.018056
0 0.777954 0.186574 0.008057 0.021296
0 0.794312 0.264352 0.008545 0.017593
0 0.760620 0.032639 0.007080 0.019907
0 0.756836 0.010417 0.006348 0.019907
0 0.662354 0.072454 0.007812 0.019907
0 0.664185 0.183565 0.006104 0.018981
0 0.664917 0.157176 0.007080 0.018056
0 0.601562 0.225231 0.006348 0.019907
0 0.596924 0.079398 0.006836 0.017130
0 0.560425 0.095833 0.006592 0.015741
0 0.560547 0.066435 0.006836 0.018056
0 0.558594 0.033796 0.005371 0.020370
0 0.564453 0.180787 0.007324 0.017130
0 0.767822 0.113426 0.006348 0.016667
0 0.798340 0.100000 0.006348 0.015741
0 0.978638 0.096759 0.012451 0.019444
0 0.491577 0.196991 0.006592 0.013426
0 0.489624 0.041667 0.006104 0.018519
0 0.498901 0.010880 0.004639 0.014352
0 0.497314 0.311343 0.006348 0.015278
0 0.574707 0.344907 0.007324 0.011111
0 0.374878 0.386343 0.009521 0.018981
0 0.491577 0.141898 0.005615 0.020833
0 0.715454 0.196991 0.006592 0.018981
0 0.690063 0.029398 0.003662 0.019907
0 0.845459 0.358333 0.008789 0.023148
0 0.849976 0.655556 0.008057 0.015741
0 0.745850 0.529861 0.007324 0.016204
0 0.321899 0.459491 0.010498 0.018056
0 0.049561 0.576852 0.011230 0.018519
0 0.338379 0.192130 0.009277 0.019444
0 0.442383 0.284028 0.006836 0.017130
0 0.446777 0.020602 0.008301 0.021759
0 0.386475 0.185185 0.005371 0.016667
0 0.450928 0.137500 0.005371 0.014815
0 0.364258 0.769907 0.008789 0.020370
0 0.593994 0.193750 0.007324 0.015278
0 0.884277 0.208102 0.007812 0.014352
0 0.980713 0.433565 0.007812 0.019907
0 0.155762 0.899074 0.013184 0.016667
0 0.885010 0.901389 0.009277 0.020370
0 0.053955 0.903241 0.015137 0.020370
0 0.802002 0.922222 0.012207 0.020370
0 0.358398 0.921991 0.007324 0.021759
0 0.216797 0.938194 0.011719 0.023611
0 0.657471 0.927083 0.008789 0.020833
0 0.506226 0.909491 0.006592 0.023611
0 0.445068 0.946991 0.011230 0.021759
0 0.947754 0.936806 0.014160 0.018981
0 0.989258 0.749074 0.009766 0.015741
0 0.294556 0.952778 0.012451 0.023148
0 0.893677 0.965972 0.012451 0.021759
0 0.743408 0.962037 0.009766 0.021296
0 0.012207 0.811806 0.013184 0.019907
0 0.602417 0.969907 0.008057 0.017593
0 0.802734 0.978472 0.012695 0.021759
0 0.992432 0.533102 0.010742 0.018056
0 0.510010 0.986111 0.010254 0.019444
0 0.366821 0.991898 0.011963 0.016204
0 0.661743 0.991204 0.008057 0.017593