0 0.327881 0.457176 0.013672 0.029167
0 0.321045 0.563889 0.013184 0.028704
0 0.311401 0.723843 0.014404 0.035648
0 0.182617 0.695370 0.012695 0.024074
0 0.185181 0.644907 0.015869 0.026852
0 0.196045 0.527778 0.014648 0.025926
0 0.115234 0.590278 0.015137 0.026852
0 0.091431 0.723843 0.017822 0.024537
0 0.084717 0.775463 0.013672 0.025926
0 0.071167 0.830093 0.019775 0.034259
0 0.064819 0.920139 0.020752 0.028241
0 0.228638 0.864583 0.010986 0.020833
0 0.174927 0.756250 0.017334 0.029167
0 0.332642 0.319444 0.014404 0.025926
0 0.258911 0.453009 0.013916 0.025463
0 0.243286 0.606019 0.014404 0.025000
0 0.211426 0.376620 0.012207 0.021759
0 0.300781 0.945833 0.016602 0.027778
0 0.314331 0.810880 0.015381 0.029167
0 0.374634 0.918056 0.011475 0.032407
0 0.364624 0.850926 0.011475 0.026852
0 0.375732 0.766435 0.013672 0.023611
0 0.380371 0.490972 0.013184 0.027315
0 0.383667 0.392824 0.012939 0.024537
0 0.455444 0.943056 0.011963 0.021296
0 0.451050 0.873148 0.011963 0.021296
0 0.453491 0.743750 0.013916 0.031019
0 0.451660 0.677778 0.012207 0.032407
0 0.449829 0.620833 0.013428 0.027778
0 0.448853 0.566898 0.011475 0.030093
0 0.454102 0.468056 0.011230 0.023148
0 0.454346 0.416204 0.012207 0.025000
0 0.452148 0.368519 0.010742 0.027778
0 0.447632 0.319907 0.010498 0.025926
0 0.448730 0.267593 0.012695 0.027778
0 0.498657 0.342593 0.011963 0.026852
0 0.500000 0.449074 0.011230 0.023148
0 0.502441 0.536806 0.010254 0.024537
0 0.509155 0.710648 0.012939 0.025926
0 0.515991 0.913889 0.016357 0.026852
0 0.152100 0.959028 0.016602 0.028241
0 0.595337 0.751620 0.012939 0.025463
0 0.593750 0.823843 0.013184 0.025463
0 0.608643 0.952083 0.014160 0.031019
0 0.666626 0.986111 0.017334 0.025926
0 0.652100 0.721065 0.013672 0.030093
0 0.636353 0.607639 0.013428 0.025463
0 0.619629 0.488426 0.012207 0.025000
0 0.567871 0.343287 0.011230 0.024537
0 0.576538 0.427083 0.011963 0.021759
0 0.740356 0.888889 0.015869 0.027778
0 0.797363 0.854861 0.015625 0.030093
0 0.788208 0.784028 0.011475 0.023611
0 0.772583 0.677315 0.013428 0.030556
0 0.731323 0.690046 0.018311 0.027315
0 0.716919 0.649306 0.011475 0.023611
0 0.641846 0.785880 0.012695 0.027315
0 0.659912 0.850231 0.012695 0.028241
0 0.869019 0.764352 0.016846 0.025926
0 0.861816 0.709028 0.016602 0.024537
0 0.852783 0.640509 0.015137 0.027315
0 0.876831 0.825463 0.014404 0.023148
0 0.888672 0.884722 0.016602 0.025000
0 0.899048 0.962269 0.015381 0.026389
0 0.992676 0.738194 0.014648 0.023611
0 0.872437 0.494907 0.013428 0.028704
0 0.833374 0.532870 0.015381 0.025000
0 0.757202 0.555787 0.014404 0.025463
0 0.676758 0.260648 0.012207 0.027778
0 0.725586 0.309491 0.013184 0.026389
0 0.792114 0.218287 0.012451 0.026389
0 0.684082 0.299537 0.012695 0.030556
0 0.619629 0.362731 0.011230 0.026389
0 0.822021 0.432639 0.016113 0.031019
0 0.591309 0.693519 0.012207 0.025926
0 0.588135 0.632639 0.011230 0.027315
0 0.582397 0.578935 0.010986 0.022685
0 0.035767 0.315741 0.014404 0.025926
0 0.045898 0.203704 0.011719 0.019444
0 0.119385 0.494444 0.016113 0.025926
0 0.127686 0.424537 0.017090 0.033333
0 0.055054 0.985185 0.019775 0.027778
0 0.265503 0.348611 0.011963 0.024074
0 0.258911 0.406250 0.011475 0.026389
0 0.305908 0.878241 0.013184 0.025000
0 0.317505 0.624306 0.014893 0.027315
0 0.387573 0.212963 0.013916 0.028704
0 0.513306 0.975231 0.013428 0.026389
0 0.690918 0.396528 0.012695 0.027315
0 0.731201 0.360417 0.012695 0.023611
0 0.626465 0.452546 0.009766 0.023611
0 0.677856 0.213194 0.012451 0.022685
0 0.711426 0.229167 0.011719 0.025926
0 0.870728 0.451852 0.013428 0.024074
0 0.828125 0.232639 0.010254 0.023611
0 0.451416 0.205093 0.010742 0.025000
0 0.981323 0.678935 0.009521 0.015278
0 0.324707 0.673611 0.013184 0.029630
0 0.375366 0.597454 0.013916 0.028241
0 0.499268 0.266435 0.011719 0.023611
0 0.505249 0.653472 0.010498 0.030093
0 0.040161 0.624769 0.014893 0.023611
0 0.057251 0.571528 0.015381 0.020833
0 0.605225 0.893287 0.013184 0.024537
0 0.611816 0.274306 0.012207 0.025463
0 0.712891 0.185185 0.009766 0.025000
0 0.563110 0.207870 0.011963 0.025000
0 0.622314 0.311574 0.011719 0.025000
0 0.773560 0.147454 0.010986 0.028241
0 0.168823 0.138426 0.014893 0.029630
0 0.807495 0.123380 0.014404 0.027315
0 0.092651 0.305556 0.013916 0.022222
0 0.595459 0.114583 0.009766 0.026389
0 0.704956 0.543750 0.013916 0.027315
0 0.567993 0.100463 0.010498 0.022222
0 0.293335 0.014120 0.013428 0.018056
0 0.346191 0.111574 0.011230 0.023148
0 0.494385 0.155556 0.009766 0.025926
0 0.058594 0.153241 0.013184 0.030556
0 0.389526 0.101389 0.011475 0.027778
0 0.846924 0.357176 0.015137 0.025463
0 0.600708 0.074769 0.011963 0.023611
0 0.009033 0.880787 0.014648 0.026389
0 0.268555 0.309722 0.011719 0.025000
0 0.331299 0.350926 0.014648 0.025000
0 0.020386 0.370602 0.013916 0.028241
0 0.210571 0.428704 0.013428 0.021296
0 0.214233 0.338426 0.012451 0.020370
0 0.230103 0.735417 0.015381 0.026389
0 0.272461 0.230324 0.011230 0.020833
0 0.338501 0.215278 0.012939 0.031481
0 0.923584 0.409954 0.012695 0.027315
0 0.798218 0.902778 0.016846 0.028704
0 0.230591 0.111343 0.013916 0.023611
0 0.453247 0.059028 0.012451 0.026389
0 0.861816 0.394213 0.013672 0.026389
0 0.985352 0.471065 0.014160 0.027315
0 0.510376 0.836806 0.013916 0.031019
0 0.508911 0.775231 0.014893 0.030093
0 0.029175 0.745370 0.016357 0.025926
0 0.953125 0.286574 0.016602 0.028704
0 0.286987 0.046065 0.011963 0.022685
0 0.610718 0.221759 0.011963 0.025926
0 0.243774 0.053704 0.010498 0.016667
0 0.196167 0.578009 0.015381 0.022685
0 0.254395 0.496759 0.010742 0.025926
0 0.573242 0.387963 0.012695 0.023148
0 0.700684 0.070370 0.014648 0.025926
0 0.764526 0.074306 0.011475 0.030093
0 0.145874 0.044907 0.015869 0.020370
0 0.162964 0.210880 0.011475 0.022685
0 0.620483 0.415046 0.011963 0.021759
0 0.575928 0.477778 0.013184 0.019444
0 0.196289 0.473843 0.012207 0.020833
0 0.574219 0.299306 0.011719 0.020833
0 0.379639 0.335880 0.012207 0.024537
0 0.393188 0.023148 0.016357 0.021296
0 0.455811 0.017824 0.012695 0.021759
0 0.223389 0.241667 0.010254 0.021296
0 0.278564 0.095370 0.010742 0.023148
0 0.561768 0.057870 0.011719 0.020370
0 0.559570 0.021065 0.010742 0.021759
0 0.762573 0.617361 0.013916 0.025463
0 0.712402 0.583333 0.014160 0.027778
0 0.963379 0.602315 0.011230 0.022222
0 0.853882 0.034259 0.014404 0.025000
0 0.213135 0.986111 0.012695 0.027778
0 0.223877 0.921991 0.013184 0.021759
0 0.074463 0.090972 0.010254 0.018056
0 0.195801 0.054398 0.008789 0.018056
0 0.287354 0.160185 0.011230 0.022222
0 0.662720 0.917361 0.012451 0.025463
0 0.690430 0.018519 0.012207 0.028704
0 0.895020 0.610417 0.016602 0.025463
0 0.912964 0.712269 0.019775 0.031944
0 0.926147 0.791435 0.019287 0.025463
0 0.941284 0.858333 0.015381 0.023148
0 0.970825 0.052315 0.017822 0.029630
0 0.071289 0.456019 0.016602 0.028704
0 0.133911 0.380324 0.013916 0.018056
0 0.664307 0.138657 0.011719 0.021759
0 0.662598 0.028935 0.010742 0.022685
0 0.659302 0.074306 0.008545 0.024537