0 0.041016 0.230093 0.009766 0.013889
0 0.051025 0.177083 0.009766 0.018056
0 0.164062 0.163889 0.011230 0.018519
0 0.139526 0.070833 0.008545 0.018519
0 0.026855 0.346065 0.009766 0.017130
0 0.138184 0.044676 0.009277 0.018981
0 0.081787 0.343056 0.008301 0.015741
0 0.186523 0.007407 0.007812 0.013889
0 0.191406 0.081019 0.006348 0.013889
0 0.157593 0.240046 0.007568 0.019907
0 0.145264 0.280324 0.006836 0.019907
0 0.126587 0.413657 0.008057 0.016204
0 0.239502 0.074537 0.008301 0.013889
0 0.224365 0.144444 0.008789 0.014815
0 0.218872 0.264352 0.007080 0.018519
0 0.207642 0.365741 0.008545 0.016667
0 0.204834 0.407407 0.009766 0.018519
0 0.256104 0.436574 0.009766 0.017593
0 0.259155 0.377546 0.009033 0.018056
0 0.265137 0.337963 0.007812 0.019444
0 0.267090 0.256944 0.008301 0.019444
0 0.279541 0.172685 0.008301 0.016667
0 0.274780 0.122685 0.009521 0.020370
0 0.282593 0.068981 0.009521 0.016667
0 0.288330 0.037037 0.008301 0.018519
0 0.341919 0.138657 0.008057 0.014352
0 0.335449 0.243519 0.007812 0.020370
0 0.328003 0.345833 0.009033 0.016667
0 0.326172 0.380556 0.009277 0.020370
0 0.379517 0.421065 0.007080 0.016204
0 0.383179 0.234491 0.008545 0.020833
0 0.381470 0.191204 0.004639 0.017593
0 0.384766 0.124537 0.006836 0.017593
0 0.390625 0.042130 0.008301 0.022222
0 0.453491 0.044676 0.007080 0.022685
0 0.450806 0.082176 0.007080 0.018056
0 0.449219 0.226389 0.007324 0.015741
0 0.446167 0.297454 0.006592 0.019907
0 0.445190 0.352083 0.008545 0.016204
0 0.449097 0.396065 0.006104 0.020833
0 0.451660 0.448380 0.007324 0.019907
0 0.049194 0.604861 0.010010 0.014352
0 0.066040 0.488889 0.011475 0.016667
0 0.108032 0.625926 0.011475 0.019444
0 0.110840 0.531250 0.010254 0.018056
0 0.121704 0.462963 0.011475 0.018519
0 0.031616 0.660648 0.014893 0.015741
0 0.082153 0.760417 0.012939 0.018056
0 0.075317 0.815278 0.012451 0.016667
0 0.167969 0.797454 0.013184 0.017130
0 0.179199 0.682407 0.011719 0.017593
0 0.176514 0.732407 0.011719 0.014815
0 0.189331 0.562963 0.011475 0.015741
0 0.188477 0.613889 0.007812 0.016667
0 0.191528 0.503009 0.011475 0.013426
0 0.204834 0.460880 0.009277 0.017130
0 0.252686 0.489120 0.010254 0.017130
0 0.247803 0.534954 0.005859 0.017130
0 0.237671 0.641204 0.013428 0.018519
0 0.223267 0.775000 0.012939 0.015741
0 0.308960 0.850694 0.009033 0.021759
0 0.306763 0.762037 0.010498 0.024074
0 0.317749 0.710880 0.008545 0.018981
0 0.310181 0.664352 0.008057 0.017593
0 0.316650 0.592824 0.010254 0.020833
0 0.322876 0.488426 0.009033 0.017593
0 0.376709 0.520139 0.008789 0.019907
0 0.372437 0.634491 0.010010 0.019907
0 0.371338 0.806250 0.010254 0.018056
0 0.449341 0.779630 0.008545 0.019444
0 0.450073 0.715741 0.006592 0.016667
0 0.446533 0.660880 0.008301 0.018056
0 0.444458 0.602546 0.007568 0.019907
0 0.451050 0.499306 0.007080 0.018981
0 0.505981 0.747454 0.009033 0.017130
0 0.505371 0.815046 0.008789 0.018056
0 0.500732 0.570833 0.008301 0.018519
0 0.501099 0.694213 0.009521 0.018056
0 0.497559 0.481250 0.008301 0.014352
0 0.496704 0.370370 0.007568 0.021296
0 0.592529 0.865741 0.008789 0.017593
0 0.593384 0.792824 0.009033 0.020833
0 0.590698 0.733102 0.009033 0.018981
0 0.586426 0.668287 0.007812 0.018056
0 0.581543 0.613426 0.007812 0.018519
0 0.573120 0.510417 0.009521 0.019907
0 0.575317 0.458796 0.006592 0.016667
0 0.571899 0.417593 0.006592 0.017593
0 0.567383 0.368981 0.006836 0.016667
0 0.618652 0.392130 0.006836 0.017593
0 0.619751 0.443981 0.006592 0.016667
0 0.624634 0.476852 0.005615 0.014815
0 0.619019 0.519907 0.008057 0.018519
0 0.634521 0.644213 0.008301 0.018056
0 0.653320 0.759259 0.011719 0.022222
0 0.642578 0.826852 0.009277 0.017593
0 0.732544 0.798380 0.010010 0.019907
0 0.730835 0.724537 0.010986 0.022222
0 0.717285 0.686111 0.008789 0.015741
0 0.713745 0.612269 0.008545 0.019907
0 0.705444 0.576389 0.010498 0.019444
0 0.698120 0.515278 0.009033 0.015741
0 0.690430 0.420833 0.006348 0.016667
0 0.732300 0.396065 0.009521 0.018056
0 0.759644 0.590046 0.009521 0.018056
0 0.763062 0.650694 0.010498 0.018056
0 0.774780 0.710880 0.012451 0.028241
0 0.780151 0.757176 0.006592 0.015278
0 0.791260 0.829861 0.007812 0.017130
0 0.823486 0.465278 0.011719 0.019444
0 0.871338 0.806481 0.010742 0.016667
0 0.930664 0.834259 0.014648 0.018519
0 0.866699 0.748380 0.013184 0.018056
0 0.854370 0.679398 0.011475 0.018056
0 0.835205 0.567593 0.010254 0.018519
0 0.851074 0.393750 0.008301 0.018056
0 0.866333 0.429398 0.008545 0.018981
0 0.875366 0.531019 0.011963 0.022222
0 0.899170 0.649769 0.012695 0.018056
0 0.918213 0.754861 0.009766 0.018981
0 0.874023 0.487731 0.007812 0.017130
0 0.928101 0.444213 0.009521 0.017130
0 0.952148 0.540046 0.007812 0.013426
0 0.962769 0.589583 0.009033 0.020833
0 0.968384 0.643287 0.010010 0.018056
0 0.904785 0.130093 0.008301 0.017593
0 0.843750 0.020139 0.006348 0.019907
0 0.855591 0.051389 0.007568 0.019444
0 0.859009 0.077315 0.006104 0.011111
0 0.875366 0.156019 0.006104 0.013889
0 0.808716 0.148843 0.007568 0.018056
0 0.899902 0.267824 0.010254 0.015278
0 0.953125 0.319213 0.011230 0.019907
0 0.930908 0.208565 0.007812 0.015278
0 0.910034 0.349537 0.007080 0.013889
0 0.830078 0.262963 0.008301 0.018519
0 0.835815 0.299306 0.008057 0.019907
0 0.803589 0.329861 0.009033 0.015278
0 0.728516 0.342361 0.008789 0.017130
0 0.723511 0.287963 0.007568 0.020370
0 0.711182 0.256944 0.007324 0.016667
0 0.714844 0.216204 0.006836 0.018519
0 0.701538 0.112037 0.005615 0.019444
0 0.691650 0.042130 0.006348 0.018519
0 0.659668 0.101157 0.006836 0.013426
0 0.678345 0.242593 0.007080 0.019444
0 0.676025 0.288889 0.005859 0.018519
0 0.685181 0.324769 0.007568 0.019907
0 0.622803 0.341204 0.005371 0.014815
0 0.611084 0.301620 0.005371 0.016204
0 0.607666 0.252546 0.004395 0.015278
0 0.562134 0.239583 0.007080 0.015278
0 0.560425 0.194676 0.004150 0.015278
0 0.565674 0.127778 0.005859 0.015741
0 0.593628 0.135880 0.007568 0.015278
0 0.599487 0.096065 0.007568 0.017130
0 0.770386 0.135417 0.007568 0.018056
0 0.776245 0.169213 0.007080 0.018056
0 0.792603 0.244444 0.008545 0.015741
0 0.758667 0.016435 0.007080 0.019907
0 0.662354 0.057639 0.007812 0.019907
0 0.664673 0.137963 0.006104 0.018519
0 0.601318 0.208565 0.006348 0.019907
0 0.597412 0.064120 0.006836 0.017130
0 0.560669 0.080093 0.006592 0.015741
0 0.562012 0.051852 0.005859 0.016667
0 0.558594 0.021296 0.005371 0.020370
0 0.565186 0.163194 0.007324 0.017130
0 0.766602 0.098148 0.006348 0.016667
0 0.796631 0.083796 0.006348 0.015741
0 0.975708 0.079398 0.010010 0.018056
0 0.492065 0.179398 0.006592 0.013426
0 0.491333 0.027778 0.006104 0.018519
0 0.498047 0.291898 0.006348 0.015278
0 0.574097 0.327315 0.006104 0.016667
0 0.377441 0.368056 0.009277 0.016667
0 0.492065 0.125231 0.005615 0.020833
0 0.715210 0.178935 0.006592 0.018981
0 0.690063 0.015509 0.003662 0.019907
0 0.843872 0.340278 0.008545 0.018519
0 0.847534 0.631019 0.008057 0.015741
0 0.744141 0.489120 0.007324 0.016204
0 0.324341 0.434491 0.009033 0.018056
0 0.339111 0.175463 0.006836 0.016667
0 0.443848 0.265972 0.006836 0.017130
0 0.449829 0.009259 0.007568 0.017593
0 0.388916 0.166204 0.005371 0.016667
0 0.451660 0.122685 0.005371 0.014815
0 0.594238 0.176157 0.007324 0.015278
0 0.883301 0.190046 0.007812 0.014352
0 0.159668 0.863657 0.010254 0.014352
0 0.882080 0.869444 0.009277 0.020370
0 0.060913 0.872454 0.013916 0.019907
0 0.800293 0.899074 0.012207 0.020370
0 0.360352 0.890509 0.007324 0.021759
0 0.222900 0.904630 0.010742 0.020370
0 0.658447 0.895139 0.008789 0.018056
0 0.507446 0.878472 0.006592 0.023611
0 0.447510 0.913194 0.009766 0.018056
0 0.945068 0.903472 0.014160 0.018981
0 0.985840 0.722685 0.009766 0.015741
0 0.299194 0.919907 0.010986 0.020370
0 0.891479 0.934028 0.012451 0.021759
0 0.742798 0.928472 0.010010 0.019907
0 0.018555 0.781250 0.010254 0.017130
0 0.603394 0.937037 0.008057 0.017593
0 0.802734 0.954861 0.012695 0.021759
0 0.989990 0.509028 0.010742 0.018056
0 0.513184 0.952778 0.010254 0.019444
0 0.369629 0.960185 0.010254 0.019444
0 0.662476 0.960185 0.008057 0.017593
0 0.053833 0.967824 0.018799 0.019907
0 0.217529 0.964120 0.008301 0.018056
0 0.663940 0.165278 0.005615 0.015741
0 0.014526 0.395833 0.012451 0.012963
0 0.295288 0.990972 0.012451 0.017130
0 0.451416 0.985185 0.010254 0.021296
0 0.996948 0.778009 0.006104 0.018056
0 0.607666 0.993981 0.008789 0.012037
0 0.903564 0.701620 0.013184 0.020833