0 0.339844 0.366435 0.012207 0.026389
0 0.334229 0.450231 0.011230 0.026389
0 0.326172 0.609722 0.012207 0.028704
0 0.247803 0.624306 0.014648 0.029167
0 0.203125 0.583796 0.013672 0.022222
0 0.205078 0.535880 0.015625 0.022685
0 0.215088 0.425926 0.013672 0.022222
0 0.135864 0.485185 0.012451 0.025926
0 0.114746 0.604167 0.015625 0.023148
0 0.107666 0.654167 0.014160 0.024074
0 0.096558 0.702083 0.014404 0.026389
0 0.092163 0.790509 0.017822 0.025463
0 0.246582 0.738426 0.013672 0.024074
0 0.194946 0.640972 0.015381 0.022685
0 0.013306 0.455093 0.012451 0.022222
0 0.343628 0.236806 0.011963 0.019907
0 0.272339 0.365741 0.011963 0.023148
0 0.259644 0.497222 0.011475 0.026852
0 0.230835 0.245370 0.013916 0.021296
0 0.227295 0.288426 0.013184 0.024074
0 0.316528 0.815046 0.012939 0.026389
0 0.326538 0.689352 0.013428 0.021296
0 0.387207 0.784722 0.010742 0.023148
0 0.379028 0.719444 0.010986 0.025926
0 0.386475 0.646991 0.013184 0.019907
0 0.390625 0.395370 0.011230 0.023148
0 0.393311 0.305556 0.011230 0.021296
0 0.381104 0.860880 0.010254 0.020833
0 0.464478 0.807639 0.013428 0.023611
0 0.459351 0.743981 0.012451 0.024074
0 0.461182 0.624537 0.011230 0.023148
0 0.461792 0.567593 0.009521 0.013889
0 0.457642 0.521065 0.010498 0.020833
0 0.454956 0.464352 0.010986 0.022222
0 0.462036 0.373380 0.009033 0.021759
0 0.461060 0.325000 0.011963 0.025926
0 0.459473 0.276852 0.010742 0.020370
0 0.454346 0.237731 0.011230 0.022685
0 0.456177 0.186806 0.011475 0.025463
0 0.503296 0.251620 0.009521 0.018981
0 0.504761 0.356944 0.011963 0.018519
0 0.507690 0.430093 0.010498 0.023148
0 0.515015 0.599306 0.011963 0.026389
0 0.522949 0.783102 0.012207 0.020833
0 0.467285 0.875231 0.013184 0.026389
0 0.526001 0.915046 0.013428 0.025463
0 0.523315 0.972222 0.013916 0.023148
0 0.370605 0.989352 0.010254 0.021296
0 0.310059 0.945139 0.013184 0.027315
0 0.228271 0.990972 0.016113 0.015278
0 0.229492 0.916667 0.014648 0.026852
0 0.172363 0.901852 0.018555 0.025926
0 0.081665 0.914815 0.016846 0.024074
0 0.058960 0.987269 0.021240 0.025463
0 0.596680 0.637269 0.011719 0.022685
0 0.596558 0.701852 0.010986 0.022222
0 0.610718 0.818056 0.011475 0.024074
0 0.617676 0.961111 0.015137 0.026852
0 0.664917 0.849537 0.013428 0.025926
0 0.653687 0.602315 0.012451 0.025000
0 0.635498 0.501620 0.010742 0.021759
0 0.621338 0.391898 0.011230 0.026389
0 0.571655 0.250463 0.009521 0.020370
0 0.579468 0.331713 0.009033 0.019907
0 0.751221 0.876389 0.013672 0.026852
0 0.764282 0.943981 0.017822 0.030556
0 0.737671 0.757870 0.015869 0.027778
0 0.788818 0.721991 0.012695 0.028241
0 0.781982 0.670602 0.011230 0.018981
0 0.769043 0.556019 0.019043 0.035185
0 0.727051 0.573380 0.017090 0.032870
0 0.713989 0.543519 0.010986 0.024074
0 0.642944 0.669676 0.010986 0.021759
0 0.658081 0.726852 0.009033 0.025926
0 0.825562 0.975926 0.017334 0.028704
0 0.811401 0.891204 0.015869 0.036111
0 0.803955 0.871759 0.012695 0.025926
0 0.859497 0.650463 0.014404 0.024074
0 0.855469 0.594676 0.018066 0.025463
0 0.843506 0.534028 0.014160 0.023611
0 0.901855 0.603935 0.013672 0.029167
0 0.869507 0.709491 0.015381 0.024537
0 0.878418 0.764120 0.018555 0.024537
0 0.890503 0.832407 0.017334 0.024074
0 0.901978 0.969213 0.020264 0.035648
0 0.973755 0.981944 0.020264 0.029630
0 0.968506 0.915509 0.019043 0.033796
0 0.990234 0.668981 0.019043 0.031481
0 0.978882 0.615278 0.018311 0.034259
0 0.864136 0.401389 0.011963 0.030556
0 0.825806 0.428009 0.012451 0.030093
0 0.753906 0.455787 0.012207 0.022685
0 0.757690 0.514815 0.011963 0.022222
0 0.675781 0.183565 0.011230 0.026389
0 0.724854 0.232407 0.010742 0.027778
0 0.786377 0.136806 0.009766 0.024537
0 0.914062 0.318056 0.013672 0.025000
0 0.953125 0.502546 0.013672 0.017130
0 0.970703 0.372454 0.017090 0.028241
0 0.684448 0.221991 0.010986 0.022685
0 0.620117 0.279167 0.010254 0.024074
0 0.815063 0.337500 0.011963 0.026852
0 0.854736 0.307407 0.013184 0.029630
0 0.595337 0.579861 0.011963 0.023611
0 0.589966 0.526852 0.010010 0.020370
0 0.585815 0.474537 0.009033 0.023148
0 0.057373 0.234259 0.010742 0.019444
0 0.068237 0.125926 0.009521 0.019444
0 0.054077 0.624537 0.015381 0.023148
0 0.140137 0.398380 0.013184 0.019907
0 0.148438 0.334259 0.014160 0.024074
0 0.084473 0.854630 0.016602 0.023148
0 0.170288 0.983333 0.015381 0.023148
0 0.277588 0.260880 0.010742 0.030093
0 0.273926 0.313889 0.009766 0.022222
0 0.319702 0.746296 0.011963 0.025000
0 0.330200 0.520602 0.009521 0.019907
0 0.395020 0.127546 0.012207 0.029167
0 0.521484 0.836574 0.011230 0.024074
0 0.514038 0.655787 0.011475 0.021759
0 0.689819 0.301852 0.011475 0.021296
0 0.729370 0.280324 0.012939 0.021759
0 0.626587 0.353472 0.006592 0.018981
0 0.678345 0.140741 0.013428 0.027778
0 0.709351 0.153009 0.009033 0.027315
0 0.915161 0.675231 0.015381 0.027315
0 0.887207 0.511806 0.013672 0.031019
0 0.860962 0.360417 0.010986 0.026389
0 0.821533 0.154630 0.011719 0.028704
0 0.458374 0.128472 0.011963 0.021759
0 0.967407 0.571991 0.007568 0.019907
0 0.234619 0.852315 0.013672 0.025926
0 0.173706 0.826389 0.015869 0.025000
0 0.337402 0.561574 0.010254 0.024074
0 0.388916 0.488657 0.011719 0.024537
0 0.505005 0.181944 0.011475 0.027778
0 0.509766 0.550463 0.010254 0.019444
0 0.064575 0.515741 0.013428 0.022222
0 0.081055 0.465972 0.011230 0.019907
0 0.459961 0.947222 0.010742 0.021296
0 0.606323 0.766898 0.010010 0.022685
0 0.613770 0.192593 0.007812 0.023148
0 0.712891 0.117361 0.010742 0.021759
0 0.565552 0.134722 0.008545 0.018519
0 0.622803 0.232176 0.006348 0.020833
0 0.770386 0.071528 0.011475 0.026389
0 0.186890 0.065741 0.011963 0.024074
0 0.801880 0.053472 0.012939 0.021759
0 0.109253 0.226157 0.010010 0.020833
0 0.596802 0.042593 0.010010 0.018519
0 0.635742 0.453935 0.006836 0.018981
0 0.939575 0.198148 0.011963 0.035185
0 0.702515 0.445370 0.012939 0.027778
0 0.243774 0.042361 0.013428 0.022685
0 0.568726 0.037731 0.005127 0.016204
0 0.929565 0.736343 0.013428 0.019907
0 0.291992 0.026852 0.012207 0.017593
0 0.355347 0.037500 0.009521 0.017593
0 0.500610 0.078935 0.010010 0.020833
0 0.295410 0.068287 0.009277 0.021759
0 0.518677 0.711806 0.009521 0.020833
0 0.972656 0.056019 0.010742 0.025000
0 0.076050 0.083796 0.010010 0.025926
0 0.397339 0.026620 0.009033 0.023611
0 0.390015 0.249769 0.008545 0.022685
0 0.711426 0.476852 0.012207 0.022222
0 0.841431 0.276620 0.010986 0.023611
0 0.227905 0.335417 0.014893 0.019907
0 0.600952 0.007176 0.009521 0.013426
0 0.034790 0.753704 0.013916 0.021296
0 0.282959 0.227778 0.010742 0.022222
0 0.283447 0.152546 0.009766 0.020833
0 0.239258 0.159722 0.011719 0.023148
0 0.340820 0.264815 0.011719 0.021296