0 0.330078 0.435417 0.013672 0.029167
0 0.324707 0.533565 0.015625 0.034722
0 0.314819 0.695602 0.014404 0.035648
0 0.187012 0.670833 0.012695 0.024074
0 0.189819 0.620370 0.015869 0.026852
0 0.200195 0.505093 0.014648 0.025926
0 0.120728 0.565509 0.017334 0.031019
0 0.097778 0.694676 0.017822 0.024537
0 0.088013 0.745833 0.019287 0.028704
0 0.078735 0.802778 0.019775 0.034259
0 0.071167 0.890972 0.020752 0.028241
0 0.232666 0.832870 0.015625 0.025000
0 0.180176 0.728704 0.019043 0.032407
0 0.333862 0.296759 0.014404 0.025926
0 0.263672 0.429398 0.016602 0.028241
0 0.249512 0.570139 0.017578 0.031944
0 0.215698 0.359259 0.018311 0.026852
0 0.304443 0.914120 0.016602 0.027315
0 0.316772 0.781713 0.015381 0.029167
0 0.377808 0.884259 0.014404 0.033333
0 0.369751 0.817130 0.011475 0.026852
0 0.378784 0.739120 0.016357 0.028241
0 0.382324 0.465972 0.013184 0.027315
0 0.385864 0.370139 0.012939 0.024537
0 0.371582 0.962731 0.013184 0.025463
0 0.458252 0.899074 0.014160 0.027778
0 0.453857 0.832407 0.014160 0.029630
0 0.456787 0.704861 0.014160 0.036574
0 0.456177 0.644444 0.015381 0.038889
0 0.451660 0.591204 0.014160 0.028704
0 0.450684 0.539815 0.013184 0.034259
0 0.455688 0.437500 0.013916 0.032407
0 0.455688 0.390509 0.014893 0.030093
0 0.453979 0.341204 0.012939 0.030556
0 0.448853 0.296065 0.013428 0.031019
0 0.450806 0.249074 0.015381 0.036111
0 0.500122 0.319907 0.011963 0.026852
0 0.500122 0.429167 0.010986 0.023148
0 0.503784 0.512037 0.009521 0.029630
0 0.511475 0.672685 0.015137 0.035185
0 0.516968 0.870833 0.016357 0.026852
0 0.461304 0.974537 0.013916 0.029630
0 0.158203 0.929861 0.016602 0.028241
0 0.595703 0.720370 0.013672 0.031481
0 0.593994 0.788657 0.013184 0.025463
0 0.609619 0.910648 0.014160 0.030556
0 0.665161 0.946296 0.015381 0.032407
0 0.654541 0.687731 0.013672 0.030093
0 0.635742 0.576852 0.014160 0.026852
0 0.621216 0.465046 0.012939 0.031019
0 0.569824 0.318287 0.011230 0.024537
0 0.578491 0.400926 0.012451 0.028704
0 0.756714 0.982870 0.015381 0.029630
0 0.740601 0.850926 0.015869 0.027778
0 0.795898 0.810880 0.015625 0.030093
0 0.786133 0.744676 0.014160 0.028241
0 0.772339 0.643287 0.015381 0.035648
0 0.732544 0.649306 0.016357 0.031944
0 0.717651 0.615972 0.011475 0.023611
0 0.643799 0.752083 0.012695 0.027315
0 0.657471 0.809491 0.012695 0.028241
0 0.866455 0.732639 0.019043 0.035648
0 0.860474 0.669907 0.021240 0.036111
0 0.848511 0.609028 0.018799 0.032870
0 0.912598 0.679398 0.020508 0.031944
0 0.874634 0.791435 0.017334 0.031944
0 0.884766 0.850694 0.018555 0.033796
0 0.896240 0.923380 0.016602 0.031944
0 0.991089 0.702778 0.017822 0.028704
0 0.871704 0.475463 0.013428 0.028704
0 0.831299 0.509954 0.013672 0.022685
0 0.757324 0.537269 0.014648 0.029167
0 0.675293 0.243287 0.010254 0.020833
0 0.726562 0.293750 0.013184 0.026389
0 0.791016 0.197685 0.013184 0.027778
0 0.685181 0.275694 0.010986 0.027315
0 0.618896 0.337269 0.011230 0.026389
0 0.820923 0.413657 0.016846 0.032870
0 0.592773 0.662500 0.012207 0.025926
0 0.588745 0.599537 0.012451 0.029630
0 0.582764 0.554630 0.012207 0.024074
0 0.040161 0.296296 0.014404 0.025926
0 0.055176 0.187037 0.011719 0.019444
0 0.126221 0.467130 0.016113 0.025926
0 0.133545 0.410648 0.017090 0.033333
0 0.063110 0.956019 0.019775 0.027778
0 0.268921 0.329167 0.016846 0.033333
0 0.265137 0.377315 0.015137 0.029630
0 0.308960 0.846991 0.015869 0.029167
0 0.320190 0.601620 0.014893 0.027315
0 0.388062 0.187963 0.013916 0.028704
0 0.517090 0.934491 0.014648 0.034722
0 0.689819 0.374074 0.011475 0.021296
0 0.731567 0.348843 0.012939 0.028241
0 0.625610 0.421528 0.009033 0.026389
0 0.678711 0.195139 0.012695 0.027315
0 0.710571 0.217593 0.010986 0.026852
0 0.922363 0.757407 0.017090 0.030556
0 0.870483 0.436806 0.017334 0.029167
0 0.827026 0.216667 0.013428 0.024074
0 0.454346 0.181944 0.012207 0.027778
0 0.978638 0.653472 0.017334 0.025463
0 0.326904 0.650926 0.013184 0.029630
0 0.379028 0.570602 0.013916 0.028241
0 0.500732 0.243287 0.012695 0.033796
0 0.506226 0.622917 0.012451 0.030093
0 0.047241 0.595370 0.016357 0.031481
0 0.064331 0.545139 0.015381 0.020833
0 0.605469 0.859491 0.013672 0.027315
0 0.611572 0.253009 0.011719 0.030093
0 0.713745 0.171296 0.010010 0.027778
0 0.562500 0.193750 0.011230 0.024537
0 0.624512 0.289815 0.011719 0.025000
0 0.774902 0.123380 0.011719 0.028241
0 0.172974 0.125926 0.014893 0.029630
0 0.805664 0.110185 0.015625 0.029630
0 0.094604 0.296759 0.013916 0.022222
0 0.593872 0.094676 0.010498 0.024537
0 0.704468 0.519213 0.013916 0.027315
0 0.567505 0.088426 0.011963 0.022222
0 0.282593 0.076389 0.018311 0.028704
0 0.346436 0.096296 0.011230 0.023148
0 0.495117 0.138426 0.009766 0.025926
0 0.062500 0.139120 0.012207 0.034722
0 0.390625 0.085648 0.012207 0.029630
0 0.847168 0.343519 0.015625 0.029630
0 0.600220 0.058102 0.011963 0.023611
0 0.017334 0.843750 0.014648 0.026389
0 0.273560 0.283333 0.013916 0.028704
0 0.331543 0.334259 0.014648 0.025000
0 0.025513 0.343287 0.013916 0.028241
0 0.214844 0.406481 0.017090 0.027778
0 0.217041 0.318056 0.015625 0.025926
0 0.233032 0.710417 0.015381 0.026389
0 0.277466 0.203241 0.014893 0.027778
0 0.342896 0.198148 0.012939 0.031481
0 0.906982 0.989815 0.016113 0.020370
0 0.922241 0.387963 0.012939 0.033333
0 0.796997 0.865278 0.016846 0.028704
0 0.232422 0.108333 0.017578 0.033333
0 0.455688 0.039352 0.013428 0.032407
0 0.861328 0.378935 0.013672 0.026389
0 0.983643 0.456250 0.015137 0.030093
0 0.512573 0.798380 0.013916 0.031019
0 0.511108 0.738889 0.014404 0.033333
0 0.036011 0.715278 0.016357 0.025926
0 0.947021 0.272917 0.017578 0.026389
0 0.291260 0.031019 0.015625 0.025926
0 0.610229 0.208796 0.011963 0.025926
0 0.245728 0.040046 0.012939 0.023611
0 0.198853 0.557176 0.015381 0.022685
0 0.259155 0.470833 0.019287 0.025926
0 0.573975 0.362500 0.012695 0.023148
0 0.700684 0.070370 0.014648 0.025926
0 0.765625 0.054861 0.011719 0.028241
0 0.833618 0.253935 0.013916 0.024537
0 0.007812 0.436806 0.015137 0.024537
0 0.148804 0.028241 0.015869 0.020370
0 0.168335 0.199306 0.011475 0.022685
0 0.621216 0.390046 0.013916 0.027315
0 0.574585 0.455787 0.014404 0.022685
0 0.196045 0.444676 0.015625 0.029167
0 0.575684 0.281019 0.012207 0.022222
0 0.382080 0.317824 0.012207 0.024537
0 0.393433 0.009722 0.017822 0.018519
0 0.455444 0.008565 0.011963 0.016204