0 0.285645 0.212500 0.011230 0.025926
0 0.341309 0.347454 0.012207 0.026389
0 0.336914 0.436343 0.011230 0.026389
0 0.328857 0.585185 0.012207 0.028704
0 0.250488 0.602083 0.014648 0.029167
0 0.206055 0.563426 0.013672 0.022222
0 0.207764 0.519213 0.015625 0.022685
0 0.216553 0.412037 0.013672 0.022222
0 0.140259 0.471296 0.012451 0.025926
0 0.119263 0.587269 0.016846 0.026389
0 0.109619 0.634259 0.014160 0.024074
0 0.100342 0.684259 0.015625 0.033333
0 0.094116 0.770139 0.017822 0.025463
0 0.249268 0.717130 0.013672 0.024074
0 0.199341 0.623380 0.015381 0.022685
0 0.018921 0.447222 0.012451 0.022222
0 0.345093 0.223843 0.011963 0.019907
0 0.342896 0.254167 0.011963 0.023148
0 0.274780 0.348380 0.010010 0.022685
0 0.261597 0.482639 0.010986 0.026389
0 0.232788 0.236111 0.013916 0.021296
0 0.230225 0.274537 0.013184 0.024074
0 0.319580 0.789120 0.013184 0.027315
0 0.331421 0.668519 0.013428 0.021296
0 0.388916 0.765509 0.012695 0.026389
0 0.380249 0.700000 0.010986 0.025926
0 0.389404 0.628009 0.013672 0.025463
0 0.392090 0.378704 0.011230 0.023148
0 0.394287 0.287500 0.011230 0.021296
0 0.383301 0.838194 0.010254 0.020833
0 0.465210 0.789583 0.013428 0.023611
0 0.461060 0.725926 0.012451 0.024074
0 0.462646 0.605556 0.012207 0.025926
0 0.462646 0.548148 0.010742 0.027778
0 0.458984 0.501852 0.013184 0.022222
0 0.457642 0.453241 0.011963 0.024074
0 0.462891 0.358333 0.011719 0.025926
0 0.462524 0.312037 0.012939 0.027778
0 0.459839 0.267130 0.012451 0.022222
0 0.453857 0.229861 0.011230 0.022685
0 0.458130 0.176620 0.011475 0.025463
0 0.505249 0.245602 0.013428 0.027315
0 0.505981 0.345833 0.011963 0.018519
0 0.509277 0.421528 0.012695 0.025463
0 0.515747 0.578472 0.011963 0.026389
0 0.521484 0.759259 0.012207 0.024074
0 0.468018 0.852546 0.013184 0.026389
0 0.526001 0.888657 0.013428 0.025463
0 0.525024 0.952778 0.013916 0.023148
0 0.471436 0.993519 0.013672 0.012963
0 0.373169 0.968287 0.011963 0.024537
0 0.311279 0.924769 0.013184 0.027315
0 0.230103 0.978935 0.017822 0.029167
0 0.231934 0.894907 0.014648 0.026852
0 0.175049 0.875926 0.018555 0.025926
0 0.085083 0.898148 0.016846 0.024074
0 0.063965 0.971296 0.020996 0.031481
0 0.597168 0.621759 0.013184 0.025000
0 0.596313 0.685648 0.010986 0.022222
0 0.611206 0.800463 0.011475 0.024074
0 0.616699 0.937037 0.015137 0.026852
0 0.665283 0.828241 0.014160 0.025926
0 0.653076 0.591667 0.013184 0.025926
0 0.635742 0.488194 0.010742 0.021759
0 0.621338 0.374769 0.011230 0.026389
0 0.573242 0.243056 0.009766 0.024074
0 0.580688 0.324769 0.009033 0.019907
0 0.750732 0.866667 0.013672 0.026852
0 0.764526 0.936111 0.017822 0.030556
0 0.737427 0.740046 0.017334 0.033796
0 0.792236 0.707176 0.015625 0.031019
0 0.780396 0.645139 0.013916 0.029167
0 0.767578 0.547685 0.019043 0.035185
0 0.726074 0.559491 0.017090 0.032870
0 0.714111 0.525926 0.013184 0.019444
0 0.643188 0.649769 0.010986 0.021759
0 0.656982 0.697454 0.010254 0.028241
0 0.825806 0.968981 0.017334 0.028704
0 0.809937 0.882870 0.015869 0.036111
0 0.792358 0.758333 0.013916 0.028704
0 0.858521 0.632407 0.016846 0.029630
0 0.853394 0.581250 0.017822 0.031019
0 0.842407 0.521065 0.014893 0.029167
0 0.901123 0.584028 0.013672 0.029167
0 0.866943 0.686343 0.016113 0.031019
0 0.876709 0.742824 0.019043 0.029167
0 0.887329 0.814120 0.016357 0.025463
0 0.897095 0.875694 0.016357 0.030093
0 0.901978 0.954167 0.019287 0.033333
0 0.972778 0.971296 0.020264 0.029630
0 0.966309 0.903935 0.019043 0.033796
0 0.990479 0.667593 0.019043 0.031481
0 0.978882 0.605556 0.018311 0.034259
0 0.863403 0.386111 0.011963 0.030556
0 0.825317 0.419676 0.012451 0.030093
0 0.752930 0.441435 0.013184 0.031944
0 0.757935 0.496065 0.011963 0.027315
0 0.675781 0.169907 0.012695 0.028704
0 0.723877 0.218056 0.011230 0.032407
0 0.785645 0.132639 0.009766 0.024537
0 0.913086 0.312269 0.015137 0.030093
0 0.949097 0.487500 0.018311 0.029630
0 0.971924 0.370833 0.014648 0.027778
0 0.684204 0.205787 0.011963 0.030093
0 0.620117 0.265278 0.010254 0.024074
0 0.814087 0.328472 0.012451 0.027315
0 0.854736 0.299537 0.013184 0.029630
0 0.594604 0.567361 0.011963 0.023611
0 0.591187 0.512269 0.013428 0.022685
0 0.586548 0.460417 0.011963 0.027315
0 0.059814 0.221296 0.010742 0.019444
0 0.069458 0.116435 0.009521 0.018981
0 0.058228 0.604167 0.015381 0.023148
0 0.142822 0.383565 0.013184 0.019907
0 0.152588 0.323148 0.014160 0.024074
0 0.088379 0.832407 0.016602 0.023148
0 0.173706 0.959259 0.015381 0.023148
0 0.280884 0.250694 0.009521 0.028241
0 0.276123 0.297685 0.006836 0.021296
0 0.321777 0.728472 0.013184 0.025463
0 0.331177 0.503472 0.009521 0.019907
0 0.351440 0.124537 0.009033 0.025000
0 0.396118 0.118750 0.010010 0.026389
0 0.521729 0.816667 0.013184 0.026852
0 0.516479 0.639120 0.013428 0.026389
0 0.674927 0.976157 0.013916 0.031019
0 0.687378 0.292593 0.011475 0.021296
0 0.728149 0.270139 0.012939 0.021759
0 0.626953 0.339583 0.009277 0.020833
0 0.677612 0.128241 0.013916 0.028704
0 0.707886 0.146065 0.009033 0.027315
0 0.913330 0.654861 0.016602 0.030093
0 0.885620 0.494444 0.013428 0.027778
0 0.860962 0.348380 0.011963 0.030093
0 0.820679 0.150231 0.012939 0.029167
0 0.947266 0.438194 0.013672 0.021759
0 0.287842 0.139352 0.008301 0.024074
0 0.376343 0.891667 0.012451 0.021296
0 0.458862 0.115509 0.011963 0.021759
0 0.968384 0.559028 0.018311 0.024537
0 0.238647 0.833102 0.013916 0.027315
0 0.177856 0.806019 0.015869 0.025000
0 0.338867 0.540741 0.010254 0.024074
0 0.388672 0.475694 0.011719 0.024537
0 0.506470 0.173611 0.011475 0.027778
0 0.510376 0.531019 0.010498 0.023148
0 0.067505 0.499537 0.013428 0.022222
0 0.084717 0.450694 0.011230 0.019907
0 0.461670 0.928935 0.011230 0.025463
0 0.606812 0.747454 0.010010 0.024537
0 0.613159 0.179861 0.009521 0.023611
0 0.711914 0.107176 0.009766 0.026389
0 0.566162 0.121528 0.011230 0.020833
0 0.624146 0.219213 0.007568 0.023611
0 0.771118 0.063657 0.011475 0.026389
0 0.040527 0.731481 0.017090 0.023148
0 0.187134 0.057870 0.011963 0.024074
0 0.801392 0.046991 0.012939 0.021759
0 0.112671 0.215509 0.010010 0.020833
0 0.576538 0.284259 0.011475 0.024074
0 0.045898 0.267593 0.013184 0.018519
0 0.595703 0.036574 0.011719 0.018519
0 0.636841 0.435880 0.009033 0.021759
0 0.939575 0.196296 0.011963 0.037963
0 0.701294 0.425000 0.012939 0.027778
0 0.243408 0.035648 0.012207 0.018519
0 0.572632 0.027083 0.010498 0.024537
0 0.926758 0.715046 0.017578 0.030093
0 0.293457 0.017130 0.012207 0.017593
0 0.355835 0.032407 0.009521 0.017593
0 0.500854 0.072917 0.010010 0.020833
0 0.296143 0.065278 0.010742 0.027778
0 0.516724 0.692361 0.009521 0.020833
0 0.971191 0.053704 0.010742 0.025000
0 0.079468 0.071296 0.010010 0.025926