0 0.334961 0.396991 0.013672 0.029167
0 0.330566 0.487500 0.015137 0.037037
0 0.321655 0.649306 0.014404 0.035648
0 0.195923 0.626852 0.021729 0.028704
0 0.198730 0.574769 0.017090 0.029167
0 0.207275 0.464815 0.017578 0.031481
0 0.129761 0.522454 0.017334 0.031019
0 0.107910 0.647685 0.019043 0.027778
0 0.098999 0.694444 0.019287 0.028704
0 0.088623 0.748380 0.020508 0.034722
0 0.081177 0.837269 0.020752 0.028241
0 0.241455 0.784259 0.015625 0.025000
0 0.187012 0.681944 0.019043 0.032407
0 0.007080 0.490278 0.013672 0.026852
0 0.339355 0.262037 0.014160 0.024074
0 0.268311 0.397454 0.016602 0.028241
0 0.255493 0.532176 0.017334 0.031944
0 0.220581 0.320370 0.014893 0.028704
0 0.312500 0.858333 0.016113 0.033333
0 0.323608 0.729630 0.015381 0.025926
0 0.383179 0.828241 0.014404 0.033333
0 0.375244 0.763657 0.013184 0.036574
0 0.382935 0.689583 0.016357 0.028241
0 0.387451 0.425694 0.013184 0.027315
0 0.389771 0.336806 0.012939 0.024537
0 0.376831 0.906250 0.013916 0.031019
0 0.461426 0.854167 0.014160 0.027778
0 0.456543 0.788426 0.014160 0.029630
0 0.459229 0.666204 0.012207 0.027778
0 0.458374 0.607870 0.010010 0.026852
0 0.455811 0.556713 0.011230 0.023611
0 0.454834 0.506019 0.013184 0.034259
0 0.460083 0.406019 0.013916 0.032407
0 0.460083 0.359491 0.013916 0.028241
0 0.457153 0.312269 0.011963 0.026389
0 0.452759 0.268750 0.013428 0.031019
0 0.453735 0.218287 0.013428 0.033796
0 0.503418 0.288657 0.012695 0.033796
0 0.503052 0.393519 0.013428 0.028704
0 0.506714 0.471991 0.012451 0.032870
0 0.514648 0.635648 0.015137 0.035185
0 0.518555 0.825231 0.014648 0.027315
0 0.465210 0.922685 0.013916 0.028704
0 0.302979 0.991435 0.018066 0.017130
0 0.220459 0.969213 0.014648 0.027315
0 0.169678 0.862963 0.018555 0.025926
0 0.072632 0.973380 0.020264 0.030093
0 0.596924 0.678704 0.013672 0.031481
0 0.595947 0.742824 0.013184 0.025463
0 0.610596 0.865509 0.013184 0.027315
0 0.666138 0.894907 0.013428 0.025926
0 0.653809 0.649306 0.013672 0.030093
0 0.635742 0.540278 0.013184 0.029630
0 0.621460 0.425231 0.012939 0.031019
0 0.571045 0.287269 0.011230 0.024537
0 0.578369 0.372917 0.010254 0.022685
0 0.754761 0.942593 0.015381 0.029630
0 0.739624 0.804630 0.015869 0.027778
0 0.795410 0.765509 0.015625 0.030093
0 0.783447 0.703472 0.014160 0.028241
0 0.771851 0.601157 0.015381 0.035648
0 0.727661 0.615972 0.016357 0.031944
0 0.715210 0.581250 0.011475 0.023611
0 0.644775 0.704861 0.012695 0.027315
0 0.658936 0.767824 0.012695 0.028241
0 0.814941 0.952778 0.016602 0.037963
0 0.863281 0.694213 0.016602 0.027315
0 0.857056 0.640509 0.017822 0.028241
0 0.846191 0.578472 0.014160 0.023611
0 0.906738 0.634954 0.020508 0.031944
0 0.870972 0.746528 0.017334 0.031944
0 0.881592 0.807639 0.018555 0.033796
0 0.893799 0.881713 0.016602 0.031944
0 0.974731 0.972917 0.021729 0.031019
0 0.994995 0.722685 0.010010 0.029630
0 0.985962 0.663426 0.017822 0.028704
0 0.868530 0.438194 0.016357 0.031944
0 0.828491 0.468750 0.015869 0.025463
0 0.756836 0.490509 0.014648 0.029167
0 0.760376 0.547222 0.014404 0.028704
0 0.677490 0.209954 0.011230 0.027315
0 0.726074 0.259491 0.013184 0.030093
0 0.787964 0.159259 0.013428 0.029630
0 0.955811 0.540046 0.016602 0.024537
0 0.684692 0.242824 0.011963 0.030093
0 0.620605 0.307639 0.011230 0.026389
0 0.816650 0.372222 0.015625 0.031481
0 0.593994 0.624537 0.012207 0.025926
0 0.590210 0.565741 0.012451 0.029630
0 0.584595 0.512269 0.013428 0.031944
0 0.049438 0.258796 0.014404 0.025926
0 0.061890 0.155093 0.011475 0.019444
0 0.135010 0.428704 0.016113 0.025926
0 0.141846 0.369444 0.017090 0.033333
0 0.072876 0.901620 0.018799 0.027315
0 0.276245 0.295833 0.016846 0.033333
0 0.271240 0.349537 0.015137 0.029630
0 0.315796 0.794213 0.015869 0.029167
0 0.324829 0.559491 0.014893 0.027315
0 0.393433 0.161574 0.013916 0.028704
0 0.519897 0.884954 0.012451 0.029167
0 0.689819 0.331944 0.011475 0.021296
0 0.729858 0.315509 0.012939 0.028241
0 0.626343 0.384954 0.009033 0.026389
0 0.677734 0.165972 0.012695 0.027315
0 0.710571 0.181019 0.010986 0.026852
0 0.919922 0.714815 0.017090 0.030556
0 0.890137 0.537731 0.013672 0.031019
0 0.866577 0.394444 0.010986 0.023148
0 0.828247 0.175926 0.012939 0.029630
0 0.456787 0.153935 0.012695 0.026389
0 0.973877 0.611806 0.012207 0.031019
0 0.227905 0.906019 0.014404 0.025926
0 0.332275 0.602315 0.012695 0.026852
0 0.384155 0.528935 0.013916 0.028241
0 0.503296 0.209722 0.011963 0.030556
0 0.509399 0.587269 0.012451 0.030093
0 0.057251 0.549537 0.016357 0.031481
0 0.075317 0.502546 0.015381 0.020833
0 0.606201 0.807639 0.013672 0.027315
0 0.613037 0.223843 0.011719 0.030093
0 0.713257 0.145602 0.010498 0.029167
0 0.565063 0.160417 0.011475 0.029167
0 0.623291 0.259259 0.011719 0.025000
0 0.772827 0.090509 0.014404 0.031944
0 0.180054 0.091667 0.014893 0.029630
0 0.804688 0.078472 0.015137 0.028241
0 0.103271 0.260417 0.013672 0.021759
0 0.596802 0.068750 0.011963 0.027315
0 0.703491 0.475694 0.013916 0.027315
0 0.569336 0.057870 0.011230 0.027778
0 0.287476 0.055324 0.014404 0.022685
0 0.351685 0.069213 0.011475 0.028241
0 0.498413 0.109491 0.012939 0.028241
0 0.071045 0.109028 0.012207 0.034722
0 0.395264 0.058796 0.012207 0.029630
0 0.843384 0.302778 0.012939 0.028704
0 0.601562 0.030556 0.010742 0.024074
0 0.025391 0.793287 0.014648 0.026389
0 0.279419 0.255556 0.013916 0.028704
0 0.338623 0.295833 0.013672 0.029630
0 0.035767 0.309491 0.013916 0.028241
0 0.164062 0.945833 0.020508 0.026852
0 0.220703 0.367824 0.014160 0.026389
0 0.225586 0.282870 0.015625 0.025926
0 0.240601 0.664352 0.017822 0.028704
0 0.281860 0.181481 0.014893 0.027778
0 0.347168 0.167593 0.012207 0.028704
0 0.902710 0.944676 0.015869 0.028241
0 0.918091 0.351157 0.010986 0.028241
0 0.795288 0.820370 0.016846 0.028704
0 0.953247 0.485417 0.011963 0.028241
0 0.238281 0.075463 0.013672 0.024074
0 0.457886 0.018750 0.013428 0.021759
0 0.858398 0.342824 0.013672 0.026389
0 0.980713 0.415972 0.015137 0.030093
0 0.514160 0.755787 0.012207 0.026389
0 0.513306 0.697685 0.012451 0.028704