0 0.288452 0.113194 0.008545 0.020833
0 0.341675 0.235417 0.008057 0.019907
0 0.337280 0.315741 0.009521 0.022222
0 0.330933 0.452315 0.008545 0.025000
0 0.255371 0.468750 0.010254 0.018981
0 0.213135 0.430324 0.009277 0.015278
0 0.214600 0.391435 0.010254 0.016204
0 0.223389 0.295139 0.009766 0.013426
0 0.150269 0.343981 0.008545 0.019444
0 0.130737 0.454861 0.011475 0.018056
0 0.124390 0.497454 0.009521 0.016204
0 0.114746 0.540509 0.011719 0.021759
0 0.110840 0.615972 0.014648 0.017130
0 0.256226 0.571065 0.009033 0.019907
0 0.207031 0.485417 0.009766 0.022685
0 0.035156 0.318750 0.008789 0.017130
0 0.345093 0.121296 0.008545 0.015741
0 0.342896 0.148380 0.007568 0.020833
0 0.278198 0.237963 0.008057 0.018519
0 0.267212 0.354398 0.010498 0.021759
0 0.236450 0.137037 0.008545 0.018519
0 0.235352 0.170602 0.009766 0.021759
0 0.321899 0.634954 0.013428 0.023611
0 0.332397 0.523843 0.009521 0.022685
0 0.387817 0.611111 0.008545 0.024074
0 0.379639 0.549537 0.006836 0.023148
0 0.387817 0.488889 0.007568 0.017593
0 0.390259 0.262963 0.007080 0.019444
0 0.392944 0.183333 0.007080 0.013889
0 0.381836 0.675463 0.007812 0.018519
0 0.460693 0.631250 0.008789 0.018056
0 0.457764 0.577778 0.006836 0.018519
0 0.457153 0.472685 0.006592 0.020370
0 0.457764 0.420602 0.006836 0.018056
0 0.454346 0.380093 0.007324 0.016667
0 0.453003 0.331713 0.007568 0.019907
0 0.458984 0.248380 0.008301 0.019907
0 0.458984 0.205556 0.007812 0.020370
0 0.456421 0.162500 0.006104 0.017593
0 0.450928 0.125694 0.007324 0.015278
0 0.452881 0.081019 0.007324 0.020370
0 0.498901 0.142361 0.007568 0.021759
0 0.499146 0.234722 0.007568 0.015741
0 0.502319 0.304630 0.007080 0.022222
0 0.507812 0.445833 0.008789 0.021296
0 0.512695 0.609491 0.008789 0.020833
0 0.462524 0.691898 0.008545 0.018056
0 0.516846 0.722222 0.005859 0.021296
0 0.516479 0.781481 0.009521 0.019444
0 0.465454 0.819676 0.010010 0.017130
0 0.373291 0.794676 0.009766 0.016204
0 0.374390 0.912963 0.010010 0.020370
0 0.315186 0.750926 0.010742 0.021296
0 0.238403 0.799306 0.009521 0.021759
0 0.239868 0.728704 0.009521 0.017593
0 0.184692 0.708102 0.011475 0.018056
0 0.100708 0.729167 0.011475 0.019444
0 0.080566 0.791204 0.016113 0.021296
0 0.079102 0.861574 0.013184 0.019444
0 0.222412 0.868981 0.012695 0.018519
0 0.235474 0.936111 0.009033 0.019444
0 0.302856 0.965972 0.012939 0.019907
0 0.468140 0.887500 0.007568 0.021296
0 0.585571 0.486343 0.007568 0.018056
0 0.584961 0.541435 0.007812 0.017130
0 0.598022 0.643056 0.007568 0.020370
0 0.603638 0.767824 0.009521 0.019907
0 0.612549 0.893981 0.007324 0.017593
0 0.613525 0.971528 0.009766 0.019907
0 0.648682 0.667361 0.009766 0.018056
0 0.639038 0.458102 0.010010 0.020833
0 0.622925 0.365509 0.006592 0.017130
0 0.608398 0.262037 0.008301 0.019444
0 0.309204 0.886343 0.011963 0.018981
0 0.314087 0.819213 0.011475 0.019907
0 0.519165 0.917824 0.007568 0.017130
0 0.562988 0.143750 0.006836 0.016204
0 0.570679 0.215972 0.006104 0.021759
0 0.732666 0.706481 0.010254 0.022222
0 0.669434 0.862037 0.009277 0.017593
0 0.673706 0.925463 0.009521 0.016667
0 0.753784 0.902083 0.010010 0.019907
0 0.743408 0.823611 0.010254 0.023148
0 0.743042 0.763426 0.011963 0.021296
0 0.718140 0.592130 0.008545 0.020370
0 0.769775 0.564815 0.009277 0.022222
0 0.760254 0.510417 0.008301 0.018056
0 0.748169 0.420139 0.012939 0.022685
0 0.707886 0.426620 0.010010 0.023611
0 0.696655 0.398843 0.008545 0.016204
0 0.628784 0.509491 0.009033 0.020833
0 0.643799 0.565278 0.005859 0.018519
0 0.826538 0.987269 0.012939 0.019907
0 0.818115 0.920370 0.011719 0.021296
0 0.800537 0.792361 0.012695 0.019907
0 0.785400 0.716667 0.009766 0.023148
0 0.769287 0.605787 0.008301 0.017130
0 0.833862 0.496759 0.009033 0.017593
0 0.828491 0.451389 0.009521 0.015741
0 0.819702 0.393981 0.008057 0.017593
0 0.875732 0.453009 0.006836 0.023611
0 0.841797 0.547222 0.009766 0.020370
0 0.847778 0.595370 0.008545 0.020370
0 0.859741 0.657639 0.009033 0.018981
0 0.868042 0.711574 0.010010 0.021296
0 0.872314 0.786111 0.008789 0.015741
0 0.892090 0.907639 0.011230 0.018981
0 0.916748 0.978472 0.013672 0.019907
0 0.973511 0.938194 0.010986 0.018981
0 0.938110 0.798843 0.012451 0.022685
0 0.933594 0.738194 0.010742 0.019907
0 0.995117 0.695602 0.009766 0.020833
0 0.974731 0.618287 0.011963 0.019907
0 0.960693 0.525694 0.012207 0.018981
0 0.948975 0.473380 0.012695 0.018056
0 0.976074 0.390278 0.009766 0.020370
0 0.840210 0.276389 0.009033 0.021296
0 0.804199 0.304167 0.008789 0.018519
0 0.735229 0.324306 0.008545 0.018981
0 0.738403 0.371991 0.008545 0.015278
0 0.686646 0.311111 0.008545 0.020370
0 0.663452 0.078241 0.007568 0.019444
0 0.708496 0.123611 0.007324 0.023148
0 0.768188 0.041667 0.007568 0.013889
0 0.888672 0.204398 0.007812 0.017130
0 0.922729 0.366667 0.008545 0.015741
0 0.944336 0.258565 0.007812 0.019907
0 0.913818 0.104630 0.008301 0.024074
0 0.670532 0.110648 0.006592 0.020370
0 0.608521 0.162731 0.006104 0.015278
0 0.794678 0.221296 0.010254 0.020370
0 0.820190 0.163426 0.009033 0.018519
0 0.833008 0.192130 0.007324 0.020370
0 0.972412 0.349306 0.011230 0.018056
0 0.583496 0.436574 0.009277 0.021296
0 0.579468 0.386111 0.008057 0.018519
0 0.575562 0.342130 0.007080 0.018519
0 0.072876 0.114120 0.008057 0.015278
0 0.083008 0.024537 0.006836 0.013889
0 0.074707 0.465278 0.011230 0.017593
0 0.154053 0.263194 0.009277 0.018981
0 0.160645 0.212037 0.008789 0.017593
0 0.165649 0.175231 0.006104 0.016204
0 0.103394 0.668750 0.009521 0.017130
0 0.056396 0.579398 0.008301 0.015278
0 0.156250 0.973148 0.011230 0.018519
0 0.184082 0.780787 0.010254 0.015278
0 0.284668 0.148611 0.007324 0.016667
0 0.279297 0.193519 0.004883 0.015741
0 0.324829 0.580093 0.008057 0.020370
0 0.331787 0.377546 0.006348 0.017130
0 0.352295 0.032870 0.008789 0.023148
0 0.395142 0.028704 0.008057 0.020370
0 0.377197 0.849769 0.008301 0.019907
0 0.512939 0.660185 0.007324 0.016667
0 0.509155 0.550231 0.008057 0.017130
0 0.508423 0.500926 0.008057 0.018519
0 0.650757 0.723843 0.008545 0.019907
0 0.658203 0.802315 0.009766 0.020370
0 0.763916 0.971759 0.007812 0.016667
0 0.693970 0.341667 0.007080 0.018519
0 0.673706 0.187037 0.006592 0.017593
0 0.712280 0.165046 0.009521 0.017130
0 0.613159 0.231019 0.007080 0.021296
0 0.664429 0.039352 0.008057 0.019444
0 0.694336 0.052778 0.006348 0.018519
0 0.885742 0.517593 0.010254 0.017593
0 0.859863 0.371065 0.008789 0.017130
0 0.838501 0.238426 0.005615 0.019444
0 0.802246 0.054398 0.007324 0.017130
0 0.982056 0.096296 0.009521 0.022222
0 0.919312 0.321065 0.010010 0.013426
0 0.251709 0.619213 0.010742 0.019907
0 0.289673 0.046991 0.007568 0.017130
0 0.375854 0.723843 0.009033 0.020833
0 0.623169 0.320139 0.007080 0.018056
0 0.455566 0.026157 0.008301 0.014352
0 0.936646 0.431944 0.005615 0.014815
0 0.014526 0.412269 0.006592 0.014352
0 0.244873 0.675231 0.010254 0.018056
0 0.189819 0.646759 0.011963 0.023148
0 0.787354 0.665509 0.012207 0.018981
0 0.339233 0.415509 0.007080 0.016204
0 0.388062 0.350463 0.007568 0.018519
0 0.499878 0.081713 0.006592 0.018981
0 0.708862 0.490046 0.009521 0.021759
0 0.503174 0.403935 0.008301 0.017130
0 0.004395 0.968519 0.008301 0.023148
0 0.083374 0.369907 0.011475 0.012963
0 0.098145 0.328009 0.007812 0.015278
0 0.890625 0.175000 0.008789 0.019444
0 0.162964 0.903472 0.011963 0.018981
0 0.679688 0.260648 0.009766 0.016667
0 0.916504 0.669444 0.010742 0.020370
0 0.456177 0.757639 0.008057 0.016204
0 0.594238 0.596991 0.005371 0.018056
0 0.601929 0.090972 0.007080 0.016204
0 0.223389 0.336111 0.008301 0.016667
0 0.705322 0.081250 0.004883 0.021759
0 0.039551 0.701852 0.015137 0.021296
0 0.122559 0.112963 0.008301 0.018519
0 0.518555 0.844676 0.004883 0.017130
0 0.235229 0.212269 0.006104 0.016204
0 0.006348 0.466435 0.010742 0.014352
0 0.567627 0.179167 0.008789 0.012037
0 0.697021 0.018056 0.007324 0.019444
0 0.959839 0.027083 0.006592 0.016204
0 0.568604 0.109259 0.003906 0.013889
0 0.567627 0.253241 0.006836 0.012963