0 0.288452 0.113194 0.008545 0.020833
0 0.341675 0.235417 0.008057 0.019907
0 0.337280 0.315741 0.009521 0.022222
0 0.329956 0.450926 0.008545 0.025000
0 0.255371 0.465509 0.010254 0.018981
0 0.213135 0.430324 0.009277 0.015278
0 0.214600 0.391435 0.010254 0.016204
0 0.223389 0.295139 0.009766 0.013426
0 0.150269 0.343981 0.008545 0.019444
0 0.130737 0.446991 0.011475 0.018056
0 0.124390 0.492824 0.009521 0.016204
0 0.114746 0.536806 0.011719 0.021759
0 0.110840 0.612731 0.014648 0.017130
0 0.256226 0.571065 0.009033 0.019907
0 0.207031 0.485417 0.009766 0.022685
0 0.035156 0.318750 0.008789 0.017130
0 0.345093 0.121296 0.008545 0.015741
0 0.342896 0.148380 0.007568 0.020833
0 0.278198 0.237963 0.008057 0.018519
0 0.267212 0.354398 0.010498 0.021759
0 0.236450 0.137037 0.008545 0.018519
0 0.235352 0.170602 0.009766 0.021759
0 0.321899 0.631713 0.013428 0.023611
0 0.332397 0.523843 0.009521 0.022685
0 0.387817 0.611111 0.008545 0.024074
0 0.379639 0.549537 0.006836 0.023148
0 0.387817 0.488889 0.007568 0.017593
0 0.390259 0.262963 0.007080 0.019444
0 0.392944 0.183333 0.007080 0.013889
0 0.381836 0.675463 0.007812 0.018519
0 0.460693 0.631250 0.008789 0.018056
0 0.456543 0.576389 0.006836 0.018519
0 0.457153 0.471296 0.006592 0.020370
0 0.457764 0.420602 0.006836 0.018056
0 0.454346 0.380093 0.007324 0.016667
0 0.453003 0.331713 0.007568 0.019907
0 0.458130 0.246759 0.006592 0.016667
0 0.458984 0.205556 0.007812 0.020370
0 0.456421 0.162500 0.006104 0.017593
0 0.450928 0.125694 0.007324 0.015278
0 0.452881 0.081019 0.007324 0.020370
0 0.498901 0.142361 0.007568 0.021759
0 0.499146 0.234722 0.007568 0.015741
0 0.502319 0.304630 0.007080 0.022222
0 0.507812 0.445833 0.008789 0.021296
0 0.512695 0.609491 0.008789 0.020833
0 0.462524 0.691898 0.008545 0.018056
0 0.516846 0.722222 0.005859 0.021296
0 0.515747 0.778241 0.009521 0.019444
0 0.465454 0.819676 0.010010 0.017130
0 0.372559 0.791435 0.009766 0.016204
0 0.374390 0.910648 0.010010 0.020370
0 0.315186 0.747222 0.010742 0.021296
0 0.238403 0.796528 0.009521 0.021759
0 0.239868 0.725000 0.009521 0.017593
0 0.184692 0.708102 0.011475 0.018056
0 0.100708 0.727778 0.011475 0.019444
0 0.081055 0.790278 0.016113 0.021296
0 0.079102 0.860648 0.013184 0.019444
0 0.222412 0.866667 0.012695 0.018519
0 0.235474 0.932870 0.009033 0.019444
0 0.302856 0.962731 0.012939 0.019907
0 0.467651 0.885648 0.007568 0.021296
0 0.060791 0.994676 0.016113 0.010648
0 0.585571 0.486343 0.007568 0.018056
0 0.584961 0.541435 0.007812 0.017130
0 0.598022 0.643056 0.007568 0.020370
0 0.603638 0.766435 0.009521 0.019907
0 0.612549 0.893981 0.007324 0.017593
0 0.613525 0.971528 0.009766 0.019907
0 0.648682 0.667361 0.009766 0.018056
0 0.639038 0.456713 0.010010 0.020833
0 0.622925 0.365509 0.006592 0.017130
0 0.608398 0.262037 0.008301 0.019444
0 0.309204 0.884954 0.011963 0.018981
0 0.314087 0.817824 0.011475 0.019907
0 0.518921 0.916435 0.007568 0.017130
0 0.562744 0.142361 0.006836 0.016204
0 0.570679 0.215972 0.006104 0.021759
0 0.730957 0.704167 0.010254 0.022222
0 0.668701 0.859259 0.009277 0.017593
0 0.673706 0.924074 0.009521 0.016667
0 0.678345 0.996528 0.012451 0.006944
0 0.753540 0.900694 0.010010 0.019907
0 0.743408 0.823611 0.010254 0.023148
0 0.743042 0.763426 0.011963 0.021296
0 0.718140 0.591204 0.008545 0.020370
0 0.769531 0.561574 0.009277 0.022222
0 0.760010 0.507639 0.008301 0.018056
0 0.747925 0.418287 0.012939 0.022685
0 0.707886 0.426620 0.010010 0.023611
0 0.696655 0.398843 0.008545 0.016204
0 0.628784 0.508565 0.009033 0.020833
0 0.643799 0.562963 0.005859 0.018519
0 0.825806 0.985417 0.012939 0.019907
0 0.816650 0.918519 0.011719 0.021296
0 0.800537 0.792361 0.012695 0.019907
0 0.785400 0.716667 0.009766 0.023148
0 0.769043 0.603935 0.008301 0.017130
0 0.833130 0.495833 0.009033 0.017593
0 0.828003 0.450926 0.009521 0.015741
0 0.819702 0.393981 0.008057 0.017593
0 0.874512 0.452546 0.006836 0.023611
0 0.841309 0.546296 0.009766 0.020370
0 0.847778 0.595370 0.008545 0.020370
0 0.859741 0.657639 0.009033 0.018981
0 0.867065 0.709722 0.010010 0.021296
0 0.871582 0.782870 0.008789 0.015741
0 0.890625 0.902546 0.011230 0.018981
0 0.916016 0.974769 0.013672 0.019907
0 0.973511 0.937269 0.010986 0.018981
0 0.936890 0.795139 0.012451 0.022685
0 0.932373 0.734954 0.010742 0.019907
0 0.994141 0.688194 0.009766 0.020833
0 0.973999 0.617824 0.011963 0.019907
0 0.959473 0.524306 0.012207 0.018981
0 0.948730 0.468750 0.012695 0.018056
0 0.976074 0.390278 0.009766 0.020370
0 0.840210 0.276389 0.009033 0.021296
0 0.803711 0.302778 0.008789 0.018519
0 0.734741 0.322917 0.008545 0.018981
0 0.738403 0.371991 0.008545 0.015278
0 0.686646 0.311111 0.008545 0.020370
0 0.662720 0.076852 0.007568 0.019444
0 0.708252 0.121759 0.007324 0.023148
0 0.768188 0.041667 0.007568 0.013889
0 0.888672 0.204398 0.007812 0.017130
0 0.922241 0.364815 0.008545 0.015741
0 0.944336 0.258565 0.007812 0.019907
0 0.913818 0.104630 0.008301 0.024074
0 0.670288 0.109259 0.006592 0.020370
0 0.608521 0.162731 0.006104 0.015278
0 0.794189 0.219907 0.010254 0.020370
0 0.820190 0.163426 0.009033 0.018519
0 0.833008 0.192130 0.007324 0.020370
0 0.972412 0.349306 0.011230 0.018056
0 0.583496 0.436574 0.009277 0.021296
0 0.579468 0.386111 0.008057 0.018519
0 0.575562 0.340741 0.007080 0.018519
0 0.072876 0.114120 0.008057 0.015278
0 0.083008 0.024537 0.006836 0.013889
0 0.074707 0.465278 0.011230 0.017593
0 0.154053 0.263194 0.009277 0.018981
0 0.160645 0.212037 0.008789 0.017593
0 0.165649 0.172917 0.006104 0.016204
0 0.103394 0.668750 0.009521 0.017130
0 0.056396 0.579398 0.008301 0.015278
0 0.156250 0.969907 0.011230 0.018519
0 0.184082 0.780787 0.010254 0.015278
0 0.284668 0.148611 0.007324 0.016667
0 0.279297 0.193519 0.004883 0.015741
0 0.323608 0.578241 0.008057 0.020370
0 0.331787 0.377546 0.006348 0.017130
0 0.352295 0.032870 0.008789 0.023148
0 0.395142 0.028704 0.008057 0.020370
0 0.375244 0.841435 0.008301 0.019907
0 0.512451 0.658333 0.007324 0.016667
0 0.508667 0.548843 0.008057 0.017130
0 0.508423 0.499074 0.008057 0.018519
0 0.650757 0.723843 0.008545 0.019907
0 0.657959 0.800463 0.009766 0.020370
0 0.763916 0.970833 0.007812 0.016667
0 0.693970 0.341667 0.007080 0.018519
0 0.673706 0.187037 0.006592 0.017593
0 0.712280 0.165046 0.009521 0.017130
0 0.613159 0.231019 0.007080 0.021296
0 0.663940 0.037963 0.008057 0.019444
0 0.694336 0.052778 0.006348 0.018519
0 0.884521 0.514815 0.010254 0.017593
0 0.859863 0.371065 0.008789 0.017130
0 0.838501 0.238426 0.005615 0.019444
0 0.802246 0.054398 0.007324 0.017130
0 0.981323 0.095370 0.009521 0.022222
0 0.919312 0.321065 0.010010 0.013426
0 0.251709 0.619213 0.010742 0.019907
0 0.289673 0.046991 0.007568 0.017130
0 0.375366 0.722454 0.009033 0.020833
0 0.623169 0.320139 0.007080 0.018056
0 0.455566 0.026157 0.008301 0.014352
0 0.935425 0.431481 0.005615 0.014815
0 0.014526 0.412269 0.006592 0.014352
0 0.244873 0.675231 0.010254 0.018056
0 0.189819 0.646759 0.011963 0.023148
0 0.786377 0.663657 0.012207 0.018981
0 0.339233 0.413657 0.007080 0.016204
0 0.388062 0.350463 0.007568 0.018519
0 0.499878 0.081713 0.006592 0.018981
0 0.708862 0.490046 0.009521 0.021759
0 0.503174 0.403935 0.008301 0.017130
0 0.004395 0.965741 0.008301 0.023148
0 0.083374 0.369907 0.011475 0.012963
0 0.098145 0.328009 0.007812 0.015278
0 0.890625 0.175000 0.008789 0.019444
0 0.162964 0.903472 0.011963 0.018981
0 0.679688 0.260648 0.009766 0.016667
0 0.916504 0.669444 0.010742 0.020370
0 0.456177 0.756250 0.008057 0.016204
0 0.594238 0.596991 0.005371 0.018056
0 0.601929 0.090046 0.007080 0.016204
0 0.223389 0.336111 0.008301 0.016667
0 0.705322 0.081250 0.004883 0.021759
0 0.039551 0.701852 0.015137 0.021296
0 0.122559 0.112963 0.008301 0.018519
0 0.517578 0.842824 0.004883 0.017130
0 0.235229 0.212269 0.006104 0.016204
0 0.006348 0.466435 0.010742 0.014352
0 0.567627 0.179167 0.008789 0.012037
0 0.697021 0.018056 0.007324 0.019444
0 0.958618 0.026157 0.006592 0.016204
0 0.568604 0.107407 0.003906 0.013889
0 0.567627 0.253241 0.006836 0.012963