0 0.334229 0.404861 0.013672 0.029167
0 0.326904 0.497685 0.015137 0.037037
0 0.319946 0.658565 0.014404 0.035648
0 0.193970 0.633796 0.021729 0.028704
0 0.194824 0.588194 0.017090 0.029167
0 0.207031 0.475000 0.017578 0.031481
0 0.126831 0.537731 0.017334 0.031019
0 0.105225 0.659259 0.019043 0.027778
0 0.098022 0.708796 0.019287 0.028704
0 0.086670 0.765046 0.016602 0.030093
0 0.079956 0.854398 0.020752 0.028241
0 0.239990 0.792593 0.015625 0.025000
0 0.184082 0.690278 0.019043 0.032407
0 0.005371 0.504398 0.010254 0.026389
0 0.338379 0.268519 0.014160 0.024074
0 0.266602 0.406713 0.016602 0.028241
0 0.251099 0.546991 0.017334 0.031944
0 0.220581 0.330093 0.014893 0.028704
0 0.311523 0.868981 0.016113 0.033333
0 0.323364 0.743981 0.015381 0.025926
0 0.381958 0.845370 0.014404 0.033333
0 0.373291 0.780324 0.013184 0.036574
0 0.381714 0.703935 0.016357 0.028241
0 0.386230 0.437731 0.013184 0.027315
0 0.388794 0.342361 0.012939 0.024537
0 0.374634 0.923843 0.013916 0.031019
0 0.460205 0.869907 0.014160 0.027778
0 0.456299 0.806019 0.014160 0.029630
0 0.458984 0.680093 0.012207 0.027778
0 0.457397 0.619907 0.010010 0.026852
0 0.453491 0.567593 0.011475 0.025000
0 0.452393 0.512963 0.013184 0.034259
0 0.459351 0.418981 0.013916 0.032407
0 0.459595 0.367824 0.013916 0.028241
0 0.457153 0.319676 0.011963 0.026389
0 0.451782 0.276157 0.013428 0.031019
0 0.454224 0.225694 0.013428 0.033796
0 0.502075 0.296991 0.012939 0.038426
0 0.503296 0.397685 0.013428 0.028704
0 0.505005 0.484259 0.011475 0.034259
0 0.512695 0.647222 0.015137 0.035185
0 0.519043 0.844213 0.014648 0.027315
0 0.463501 0.940509 0.013916 0.029167
0 0.218994 0.982639 0.014648 0.027315
0 0.164062 0.894907 0.018555 0.025926
0 0.066284 0.984954 0.020264 0.030093
0 0.596680 0.691204 0.013672 0.031481
0 0.594971 0.757639 0.013184 0.025463
0 0.610840 0.879167 0.014160 0.030556
0 0.665649 0.909259 0.015381 0.032407
0 0.654541 0.661806 0.013672 0.030093
0 0.635742 0.547222 0.013184 0.029630
0 0.621216 0.440046 0.012939 0.031019
0 0.570801 0.295602 0.011230 0.024537
0 0.579224 0.380556 0.012451 0.028704
0 0.756958 0.951852 0.015381 0.029630
0 0.739136 0.817593 0.015869 0.027778
0 0.795410 0.784491 0.015625 0.030093
0 0.785156 0.719676 0.014160 0.028241
0 0.771362 0.613657 0.015381 0.035648
0 0.729614 0.625694 0.016357 0.031944
0 0.715942 0.592361 0.011475 0.023611
0 0.644775 0.719676 0.012695 0.027315
0 0.661377 0.785417 0.012695 0.028241
0 0.814941 0.967593 0.016602 0.037963
0 0.865112 0.704861 0.020264 0.037500
0 0.858521 0.651389 0.021240 0.036111
0 0.847534 0.586806 0.018799 0.032870
0 0.907227 0.652546 0.020508 0.031944
0 0.872192 0.760417 0.017334 0.031944
0 0.882324 0.821065 0.018555 0.033796
0 0.894043 0.895602 0.016602 0.031944
0 0.975464 0.984491 0.021729 0.031019
0 0.994995 0.732407 0.010010 0.029630
0 0.991089 0.675926 0.017822 0.028704
0 0.870605 0.450231 0.021484 0.037500
0 0.831299 0.480787 0.019531 0.032870
0 0.756348 0.504398 0.014648 0.029167
0 0.761597 0.557870 0.014404 0.028704
0 0.676758 0.220602 0.011230 0.027315
0 0.727295 0.269676 0.013184 0.030093
0 0.790527 0.175926 0.013184 0.027778
0 0.957520 0.553472 0.016602 0.024537
0 0.684692 0.255324 0.011963 0.030093
0 0.620117 0.316898 0.011230 0.026389
0 0.817993 0.390046 0.016846 0.039352
0 0.593994 0.631944 0.012207 0.025926
0 0.589478 0.575000 0.012451 0.029630
0 0.584839 0.526620 0.013428 0.031944
0 0.045288 0.269907 0.014404 0.025926
0 0.057861 0.165278 0.011719 0.019444
0 0.132324 0.440278 0.016113 0.025926
0 0.139893 0.380556 0.017090 0.033333
0 0.071411 0.915509 0.018799 0.027315
0 0.272827 0.307870 0.016846 0.033333
0 0.268311 0.361111 0.015137 0.029630
0 0.314087 0.807176 0.015869 0.029167
0 0.323120 0.568287 0.014893 0.027315
0 0.391968 0.168056 0.013916 0.028704
0 0.518188 0.902546 0.012451 0.029167
0 0.689819 0.342593 0.011475 0.021296
0 0.730835 0.320602 0.012939 0.028241
0 0.626099 0.399306 0.009033 0.026389
0 0.678223 0.172917 0.012695 0.027315
0 0.710571 0.185648 0.010986 0.026852
0 0.921631 0.731019 0.017090 0.030556
0 0.890137 0.556250 0.020020 0.033796
0 0.869019 0.403009 0.017334 0.029167
0 0.825195 0.192130 0.014648 0.027778
0 0.456787 0.158565 0.012695 0.026389
0 0.976440 0.620602 0.017334 0.025463
0 0.225952 0.920370 0.014404 0.025926
0 0.331055 0.613889 0.012695 0.026852
0 0.382690 0.539120 0.013916 0.028241
0 0.503296 0.221065 0.012939 0.031019
0 0.507690 0.593750 0.012451 0.030093
0 0.053833 0.565278 0.016357 0.031481
0 0.070190 0.514120 0.015381 0.020833
0 0.606689 0.821991 0.013672 0.027315
0 0.614746 0.232639 0.011719 0.030093
0 0.713257 0.150694 0.010498 0.029167
0 0.564331 0.169213 0.011475 0.029167
0 0.623535 0.269907 0.011719 0.025000
0 0.773560 0.106713 0.015381 0.031944
0 0.177124 0.102315 0.014893 0.029630
0 0.804565 0.090046 0.018311 0.038426
0 0.098145 0.271991 0.013672 0.021759
0 0.595093 0.078472 0.011963 0.027315
0 0.704224 0.488194 0.013916 0.027315
0 0.568848 0.067593 0.011230 0.027778
0 0.287231 0.055324 0.014404 0.022685
0 0.350952 0.074769 0.011475 0.028241
0 0.498291 0.120370 0.013672 0.036111
0 0.068115 0.113194 0.012207 0.034722
0 0.393066 0.063889 0.012207 0.029630
0 0.844727 0.313889 0.018066 0.035185
0 0.602539 0.041667 0.010742 0.024074
0 0.021240 0.812269 0.014648 0.026389
0 0.276245 0.267593 0.013916 0.028704
0 0.337402 0.307407 0.013672 0.029630
0 0.030396 0.321528 0.013916 0.028241
0 0.160645 0.962037 0.020508 0.026852
0 0.219971 0.376620 0.014160 0.026389
0 0.222900 0.289352 0.015625 0.025926
0 0.238647 0.673148 0.017822 0.028704
0 0.280151 0.188426 0.014893 0.027778
0 0.344971 0.174537 0.012207 0.028704
0 0.904175 0.962731 0.015869 0.028241
0 0.920044 0.362963 0.012939 0.033333
0 0.796753 0.833796 0.016846 0.028704
0 0.953491 0.490046 0.011963 0.028241
0 0.236328 0.083333 0.013672 0.024074
0 0.457153 0.023611 0.013428 0.022222
0 0.858643 0.349769 0.013672 0.026389
0 0.980225 0.427083 0.015137 0.030093
0 0.515015 0.766898 0.013916 0.031019
0 0.513184 0.710880 0.012695 0.032870
0 0.043335 0.678241 0.016357 0.025926
0 0.897949 0.070602 0.012207 0.026389
0 0.943604 0.246991 0.017578 0.026389
0 0.294922 0.014120 0.020020 0.027315
0 0.609497 0.187731 0.011963 0.030093