0 0.079346 0.009722 0.006836 0.018519
0 0.036377 0.244907 0.009766 0.013889
0 0.045898 0.191435 0.009766 0.018056
0 0.160522 0.179861 0.010498 0.022685
0 0.137573 0.082407 0.008545 0.018519
0 0.024414 0.362731 0.009766 0.017130
0 0.135254 0.056713 0.009277 0.018981
0 0.079102 0.358565 0.012695 0.017130
0 0.183960 0.013426 0.008545 0.022222
0 0.187744 0.092130 0.006348 0.013889
0 0.154663 0.254861 0.007568 0.019907
0 0.142090 0.293750 0.006836 0.019907
0 0.123535 0.432176 0.007812 0.016204
0 0.243652 0.013194 0.008301 0.016204
0 0.236816 0.086574 0.008301 0.013889
0 0.222046 0.156944 0.010010 0.015741
0 0.216187 0.278935 0.008545 0.024537
0 0.203491 0.381944 0.008545 0.016667
0 0.200806 0.423148 0.010498 0.018519
0 0.253418 0.456019 0.009766 0.017593
0 0.257202 0.396528 0.009033 0.018056
0 0.261719 0.352546 0.009766 0.019907
0 0.265625 0.269444 0.008301 0.019444
0 0.276611 0.187500 0.008301 0.016667
0 0.272827 0.136111 0.009521 0.020370
0 0.280151 0.079630 0.009521 0.016667
0 0.286865 0.048611 0.008301 0.018519
0 0.290894 0.008796 0.007080 0.016667
0 0.339233 0.150231 0.008545 0.017130
0 0.332520 0.257870 0.007812 0.020370
0 0.325439 0.362963 0.010254 0.018519
0 0.322754 0.397222 0.009277 0.020370
0 0.376831 0.438194 0.007080 0.016204
0 0.380493 0.249306 0.008545 0.020833
0 0.381958 0.203241 0.008545 0.019444
0 0.383301 0.136111 0.006836 0.017593
0 0.387939 0.054630 0.008301 0.022222
0 0.452271 0.054398 0.007080 0.022685
0 0.450073 0.093750 0.007080 0.018056
0 0.447876 0.242130 0.007568 0.018519
0 0.445068 0.312269 0.008789 0.024537
0 0.442993 0.367130 0.009521 0.018519
0 0.448364 0.411806 0.006104 0.020833
0 0.450439 0.464120 0.007324 0.019907
0 0.045166 0.625926 0.011719 0.014815
0 0.064209 0.502778 0.011719 0.020370
0 0.103394 0.645833 0.011963 0.022222
0 0.108643 0.544213 0.011719 0.017130
0 0.117798 0.478704 0.011475 0.018519
0 0.026978 0.681944 0.014893 0.015741
0 0.078491 0.782407 0.014404 0.019444
0 0.070190 0.838194 0.013428 0.018056
0 0.164062 0.819676 0.013184 0.017130
0 0.174072 0.702315 0.011719 0.017593
0 0.171631 0.754167 0.011719 0.014815
0 0.186157 0.581944 0.011475 0.015741
0 0.184692 0.631944 0.010498 0.015741
0 0.187622 0.520139 0.011475 0.013426
0 0.201172 0.476620 0.011230 0.017130
0 0.249512 0.506713 0.010254 0.017130
0 0.243286 0.550694 0.007568 0.017130
0 0.240967 0.610417 0.006348 0.018981
0 0.234009 0.662037 0.013428 0.018519
0 0.218872 0.797685 0.013428 0.019444
0 0.305542 0.873843 0.009033 0.021759
0 0.303833 0.784259 0.010498 0.024074
0 0.315308 0.733796 0.008545 0.019444
0 0.307983 0.685185 0.009521 0.018519
0 0.313599 0.611574 0.010986 0.022222
0 0.320312 0.506713 0.010254 0.019907
0 0.373535 0.538194 0.008789 0.019907
0 0.370483 0.655787 0.010010 0.019907
0 0.368164 0.828009 0.010254 0.018056
0 0.447876 0.801852 0.008545 0.019444
0 0.448853 0.735648 0.006592 0.016667
0 0.444946 0.681481 0.008545 0.019444
0 0.442505 0.621759 0.008545 0.020370
0 0.449585 0.515509 0.007080 0.018981
0 0.505493 0.770139 0.010010 0.019907
0 0.504639 0.837731 0.008789 0.018056
0 0.498779 0.587500 0.008301 0.018519
0 0.499634 0.715509 0.009521 0.018056
0 0.495850 0.498843 0.008301 0.014352
0 0.494995 0.387037 0.007568 0.021296
0 0.591797 0.887500 0.008789 0.017593
0 0.593384 0.816435 0.009033 0.020833
0 0.590942 0.754861 0.009033 0.018981
0 0.586426 0.689583 0.007812 0.018056
0 0.581787 0.633333 0.008789 0.018519
0 0.572144 0.527083 0.009521 0.019907
0 0.575073 0.475000 0.006592 0.016667
0 0.570801 0.433333 0.006348 0.019444
0 0.566895 0.385648 0.006836 0.016667
0 0.617188 0.407870 0.006836 0.017593
0 0.619995 0.460185 0.006592 0.016667
0 0.623413 0.496528 0.008057 0.018981
0 0.619507 0.537963 0.008057 0.018519
0 0.634277 0.664120 0.008301 0.018056
0 0.653320 0.782870 0.011719 0.022222
0 0.642578 0.849537 0.009277 0.017593
0 0.731567 0.824769 0.010010 0.019907
0 0.731079 0.747222 0.010986 0.022222
0 0.717773 0.705556 0.008789 0.015741
0 0.713989 0.632176 0.008545 0.019907
0 0.705200 0.594907 0.010498 0.019444
0 0.698364 0.534259 0.009033 0.015741
0 0.690674 0.437963 0.006348 0.016667
0 0.733154 0.410417 0.010742 0.018056
0 0.759644 0.610880 0.009521 0.018056
0 0.764526 0.671065 0.010498 0.018056
0 0.776001 0.730324 0.012451 0.028241
0 0.780640 0.777546 0.006592 0.015278
0 0.790527 0.843750 0.009277 0.017130
0 0.825684 0.481481 0.011719 0.019444
0 0.872559 0.828704 0.010742 0.016667
0 0.932617 0.857870 0.014648 0.018519
0 0.867920 0.771065 0.013184 0.018056
0 0.855347 0.702083 0.011475 0.018056
0 0.836670 0.585648 0.010254 0.018519
0 0.852783 0.406713 0.008301 0.018056
0 0.867310 0.446991 0.008545 0.018981
0 0.877075 0.551852 0.011963 0.022222
0 0.901367 0.670602 0.012695 0.018056
0 0.918579 0.776389 0.011963 0.019444
0 0.874268 0.505787 0.007812 0.017130
0 0.930298 0.460417 0.010498 0.018056
0 0.953247 0.558565 0.009521 0.014352
0 0.964966 0.607176 0.009033 0.020833
0 0.970825 0.663194 0.010010 0.018056
0 0.906494 0.141667 0.008301 0.017593
0 0.841187 0.006019 0.008057 0.011111
0 0.844238 0.032639 0.006348 0.019907
0 0.856079 0.063426 0.007568 0.019444
0 0.859741 0.089815 0.006104 0.011111
0 0.875610 0.168056 0.006104 0.013889
0 0.809204 0.160880 0.007568 0.018056
0 0.901611 0.281713 0.010254 0.015278
0 0.955566 0.334028 0.011230 0.019907
0 0.930908 0.221528 0.007812 0.015278
0 0.911743 0.364352 0.007080 0.013889
0 0.831055 0.276389 0.008789 0.016667
0 0.836792 0.312269 0.008057 0.019907
0 0.804810 0.342824 0.009033 0.015278
0 0.728271 0.357639 0.008789 0.017130
0 0.724731 0.303704 0.007568 0.022222
0 0.712158 0.271759 0.007324 0.016667
0 0.714844 0.229630 0.006836 0.018519
0 0.702271 0.123148 0.005615 0.019444
0 0.691650 0.053704 0.006348 0.018519
0 0.659912 0.112731 0.006836 0.013426
0 0.678833 0.254167 0.007080 0.019444
0 0.676025 0.304167 0.005859 0.018519
0 0.685669 0.341898 0.007568 0.019907
0 0.622070 0.356944 0.005371 0.014815
0 0.610352 0.315972 0.005371 0.016204
0 0.607666 0.267824 0.004395 0.015278
0 0.561401 0.253935 0.007080 0.015278
0 0.560181 0.206250 0.004150 0.014352
0 0.565918 0.140972 0.005859 0.018981
0 0.593384 0.149769 0.007568 0.015278
0 0.599487 0.108565 0.007568 0.017130
0 0.771362 0.146065 0.007568 0.018056
0 0.777710 0.181944 0.008057 0.021296
0 0.793091 0.260185 0.008545 0.017593
0 0.759644 0.028472 0.007080 0.019907
0 0.756836 0.007870 0.006348 0.014815
0 0.662109 0.067361 0.007812 0.019907
0 0.664429 0.149537 0.006104 0.018519
0 0.601562 0.220139 0.006348 0.019907
0 0.596924 0.073843 0.006836 0.017130
0 0.560181 0.092593 0.006592 0.015741
0 0.560791 0.062731 0.006836 0.018056
0 0.558594 0.031944 0.005371 0.020370
0 0.564453 0.175231 0.007324 0.017130
0 0.766846 0.108796 0.006348 0.016667
0 0.797852 0.096759 0.006348 0.015741
0 0.977905 0.091898 0.010010 0.018056
0 0.492310 0.191898 0.006592 0.013426
0 0.490601 0.037963 0.006104 0.018519
0 0.499146 0.007407 0.004639 0.013889
0 0.496338 0.306250 0.006348 0.015278
0 0.573730 0.339815 0.007324 0.011111
0 0.374878 0.383102 0.009521 0.018981
0 0.491333 0.137269 0.005615 0.020833
0 0.714478 0.192361 0.006592 0.018981
0 0.690552 0.024769 0.003662 0.019907
0 0.845093 0.353935 0.008057 0.023611
0 0.848755 0.648611 0.008057 0.015741
0 0.745117 0.505787 0.007324 0.016204
0 0.321655 0.452083 0.010498 0.018056
0 0.051025 0.569444 0.011230 0.018519
0 0.338013 0.187963 0.008545 0.016667
0 0.442871 0.280787 0.006836 0.017130
0 0.448120 0.017593 0.007568 0.019444
0 0.387451 0.177778 0.005371 0.016667
0 0.450439 0.135648 0.005371 0.014815
0 0.364502 0.761574 0.008789 0.020370
0 0.593750 0.188657 0.007324 0.015278
0 0.884521 0.204398 0.007812 0.014352
0 0.979248 0.428472 0.007812 0.019907
0 0.156250 0.888426 0.013184 0.016667
0 0.884033 0.893519 0.009277 0.020370
0 0.054932 0.896759 0.015137 0.020370
0 0.801758 0.913889 0.012207 0.020370
0 0.358643 0.915509 0.007324 0.021759
0 0.218262 0.931250 0.011719 0.023611
0 0.658203 0.916898 0.008789 0.020833
0 0.506470 0.901620 0.006592 0.023611
0 0.446289 0.938657 0.011230 0.021759
0 0.947510 0.925694 0.014160 0.018981
0 0.988770 0.742130 0.009766 0.015741
0 0.296021 0.944444 0.010986 0.020370
0 0.892456 0.956250 0.012451 0.021759
0 0.743896 0.953704 0.009766 0.021296
0 0.013916 0.804398 0.013184 0.019907
0 0.602905 0.960185 0.008057 0.017593
0 0.802246 0.970139 0.012695 0.021759
0 0.992188 0.527083 0.010742 0.018056
0 0.510742 0.979630 0.010254 0.019444
0 0.367554 0.986574 0.012451 0.022222
0 0.662231 0.985648 0.008057 0.017593
0 0.049316 0.992361 0.018066 0.015278
0 0.213379 0.989352 0.008301 0.019444
0 0.664429 0.175926 0.005615 0.015741