0 0.289795 0.183796 0.009766 0.020370
0 0.344116 0.311343 0.008057 0.019907
0 0.338745 0.395602 0.008057 0.025463
0 0.331665 0.546759 0.008545 0.025000
0 0.254028 0.561111 0.012451 0.023148
0 0.211060 0.521991 0.010498 0.022685
0 0.212769 0.478009 0.010986 0.021759
0 0.222778 0.374537 0.011475 0.022222
0 0.146118 0.431250 0.010498 0.022685
0 0.125854 0.547454 0.011475 0.018056
0 0.118042 0.592824 0.010986 0.020833
0 0.106812 0.641898 0.013428 0.025463
0 0.102417 0.727083 0.015869 0.020833
0 0.255371 0.674074 0.009277 0.020370
0 0.203979 0.578009 0.011963 0.022685
0 0.025879 0.405093 0.011719 0.018519
0 0.347534 0.192361 0.010986 0.021759
0 0.345825 0.219213 0.012451 0.023611
0 0.278442 0.315741 0.008057 0.018519
0 0.266235 0.443750 0.010498 0.021759
0 0.235229 0.207639 0.009521 0.018981
0 0.234375 0.241898 0.009766 0.021759
0 0.323364 0.740972 0.013428 0.023611
0 0.334106 0.624769 0.009521 0.022685
0 0.392456 0.718287 0.010010 0.018981
0 0.384521 0.652778 0.006836 0.023148
0 0.390991 0.586574 0.007568 0.017593
0 0.393921 0.342130 0.008057 0.021296
0 0.396240 0.257176 0.007812 0.017130
0 0.385986 0.783333 0.007812 0.018519
0 0.468750 0.740278 0.010742 0.020370
0 0.463745 0.681713 0.008545 0.019907
0 0.463257 0.566667 0.006592 0.020370
0 0.463623 0.513889 0.010254 0.019444
0 0.460327 0.465046 0.007568 0.017130
0 0.458618 0.416435 0.007568 0.019907
0 0.464111 0.326157 0.008301 0.019907
0 0.464111 0.282407 0.011230 0.021296
0 0.463135 0.237963 0.008789 0.016667
0 0.457642 0.200694 0.008545 0.021759
0 0.458252 0.151389 0.007324 0.020370
0 0.505371 0.214815 0.008789 0.021296
0 0.506470 0.310648 0.007568 0.015741
0 0.510376 0.389120 0.010010 0.018981
0 0.515503 0.540509 0.008545 0.021759
0 0.522461 0.711806 0.008789 0.020833
0 0.469116 0.805324 0.008545 0.018056
0 0.525879 0.838426 0.010254 0.019444
0 0.525269 0.898148 0.009521 0.019444
0 0.473755 0.942593 0.010498 0.020370
0 0.376831 0.912963 0.010498 0.018519
0 0.315918 0.866435 0.011719 0.024537
0 0.236084 0.920370 0.012207 0.023148
0 0.237427 0.845602 0.011963 0.024537
0 0.180298 0.829630 0.013916 0.021296
0 0.092163 0.846528 0.012939 0.020833
0 0.070435 0.914120 0.017822 0.033796
0 0.219849 0.991435 0.013916 0.017130
0 0.597168 0.580556 0.010254 0.019444
0 0.595947 0.640509 0.007812 0.017130
0 0.609863 0.750926 0.008789 0.024074
0 0.616211 0.884259 0.009766 0.019444
0 0.623413 0.990046 0.010010 0.018981
0 0.663818 0.779398 0.009766 0.018056
0 0.652466 0.551389 0.011475 0.023148
0 0.634644 0.450231 0.006592 0.017130
0 0.620117 0.342130 0.009277 0.022222
0 0.313965 0.944213 0.010254 0.018981
0 0.571167 0.216667 0.007568 0.016667
0 0.578491 0.290509 0.007568 0.022685
0 0.749756 0.816667 0.010254 0.022222
0 0.684448 0.986343 0.011475 0.021759
0 0.762207 0.946296 0.010254 0.023148
0 0.762329 0.884722 0.011963 0.021296
0 0.734131 0.693287 0.013184 0.027315
0 0.788330 0.662500 0.009277 0.022222
0 0.780029 0.604398 0.008301 0.018056
0 0.763794 0.507176 0.013916 0.023611
0 0.723755 0.519213 0.010010 0.023611
0 0.711060 0.486343 0.008545 0.016204
0 0.642822 0.606250 0.009766 0.018981
0 0.655762 0.665278 0.006836 0.018519
0 0.822632 0.915046 0.012939 0.024537
0 0.806885 0.833333 0.009766 0.023148
0 0.789795 0.717361 0.008301 0.017130
0 0.855103 0.588426 0.009033 0.017593
0 0.849243 0.540509 0.010498 0.017130
0 0.837769 0.479630 0.008057 0.017593
0 0.897339 0.542593 0.009033 0.023148
0 0.864014 0.640278 0.011230 0.023148
0 0.873169 0.698843 0.010986 0.020833
0 0.882935 0.766435 0.009033 0.018981
0 0.890991 0.824074 0.011963 0.022222
0 0.894165 0.900463 0.010986 0.021296
0 0.966431 0.916204 0.012451 0.024074
0 0.961914 0.854861 0.013672 0.023611
0 0.984863 0.619213 0.014160 0.018981
0 0.973145 0.562731 0.012695 0.018056
0 0.859497 0.358796 0.009033 0.021296
0 0.822876 0.379861 0.011963 0.022685
0 0.750122 0.404861 0.008545 0.018981
0 0.753662 0.458333 0.009766 0.022222
0 0.700562 0.392130 0.008545 0.020370
0 0.674561 0.142593 0.010254 0.019444
0 0.721924 0.191204 0.007324 0.023148
0 0.780884 0.108565 0.007568 0.014352
0 0.908203 0.276852 0.010254 0.019444
0 0.943970 0.450926 0.012451 0.017593
0 0.967651 0.333796 0.010986 0.018519
0 0.682983 0.172685 0.006592 0.020370
0 0.619019 0.237500 0.008545 0.017593
0 0.811768 0.297222 0.010254 0.020370
0 0.837036 0.236574 0.009033 0.018519
0 0.851074 0.266204 0.008301 0.019444
0 0.994385 0.431713 0.011230 0.018056
0 0.598511 0.527083 0.011475 0.021759
0 0.590088 0.474306 0.009766 0.021759
0 0.585327 0.424537 0.008545 0.023148
0 0.067993 0.192361 0.009521 0.016204
0 0.075806 0.088657 0.008057 0.015278
0 0.067139 0.565278 0.011230 0.021296
0 0.147461 0.345370 0.008789 0.017593
0 0.156372 0.287731 0.010986 0.018981
0 0.097412 0.779630 0.012207 0.017593
0 0.180542 0.905324 0.011963 0.022685
0 0.284546 0.220370 0.007080 0.020370
0 0.278198 0.266204 0.006104 0.014815
0 0.326416 0.682407 0.009766 0.018519
0 0.334595 0.462269 0.008057 0.018056
0 0.355225 0.099537 0.008789 0.023148
0 0.398804 0.096065 0.010498 0.019907
0 0.521973 0.758796 0.007324 0.016667
0 0.518799 0.649769 0.006836 0.019907
0 0.515747 0.595833 0.008057 0.018519
0 0.664429 0.839583 0.008545 0.019907
0 0.673828 0.924074 0.009766 0.020370
0 0.707642 0.425694 0.010498 0.019907
0 0.685913 0.256713 0.006592 0.018056
0 0.723755 0.236343 0.008545 0.018056
0 0.625122 0.306713 0.010498 0.019907
0 0.674805 0.101157 0.008789 0.024537
0 0.706543 0.114352 0.006348 0.018519
0 0.908569 0.614352 0.012939 0.018519
0 0.881226 0.453472 0.010010 0.017130
0 0.858643 0.314120 0.006836 0.021759
0 0.817627 0.120139 0.007324 0.017130
0 0.941040 0.406713 0.010986 0.012500
0 0.251221 0.723843 0.015625 0.029167
0 0.289429 0.116667 0.007568 0.017593
0 0.379517 0.828935 0.009033 0.020833
0 0.460938 0.093287 0.008301 0.014352
0 0.961548 0.521065 0.009033 0.017130
0 0.006348 0.507407 0.012207 0.016667
0 0.244507 0.781713 0.009521 0.016204
0 0.184570 0.758102 0.011230 0.019907
0 0.804688 0.765972 0.012207 0.018981
0 0.343750 0.505324 0.008789 0.018056
0 0.390869 0.435417 0.008789 0.024537
0 0.506226 0.149769 0.006592 0.018981
0 0.724976 0.578472 0.010010 0.019907
0 0.511841 0.497917 0.007568 0.021759
0 0.075806 0.464120 0.010010 0.018981
0 0.091309 0.414120 0.011230 0.019907
0 0.692383 0.336574 0.009766 0.016667
0 0.941162 0.777778 0.010742 0.020370
0 0.463379 0.873148 0.009277 0.017593
0 0.606079 0.699769 0.007568 0.019907
0 0.613037 0.151620 0.005859 0.018981
0 0.234497 0.286343 0.009033 0.021759
0 0.709961 0.077778 0.007324 0.019444
0 0.566528 0.099769 0.009521 0.018056
0 0.220581 0.322222 0.009521 0.020370
0 0.274414 0.354398 0.007324 0.018981
0 0.623535 0.190278 0.008789 0.017593
0 0.767456 0.039120 0.010010 0.018981
0 0.125000 0.492361 0.010742 0.013426
0 0.663330 0.032639 0.008789 0.017130
0 0.047852 0.684491 0.014648 0.027315
0 0.380371 0.960185 0.010742 0.020370
0 0.190674 0.032639 0.009277 0.017130
0 0.220947 0.423380 0.010742 0.017130
0 0.797119 0.020602 0.010254 0.015278
0 0.067871 0.987269 0.016602 0.023611
0 0.011597 0.948843 0.016357 0.022685
0 0.198486 0.702083 0.015137 0.018981
0 0.499756 0.045833 0.007812 0.019444
0 0.118164 0.185648 0.008789 0.017593
0 0.025391 0.818519 0.013184 0.024074
0 0.576172 0.176389 0.011719 0.014815
0 0.622192 0.277083 0.008545 0.015278
0 0.527588 0.967824 0.010742 0.024537
0 0.344238 0.265741 0.008789 0.020370
0 0.576416 0.252778 0.009277 0.016667
0 0.052368 0.234491 0.010986 0.017130
0 0.596069 0.011806 0.010498 0.013426
0 0.248291 0.012500 0.008301 0.016667
0 0.356689 0.008102 0.009277 0.015278
0 0.354736 0.045602 0.008301 0.024537
0 0.634521 0.403009 0.007812 0.021759
0 0.933472 0.171528 0.008057 0.026389