0 0.289795 0.183796 0.009766 0.020370
0 0.344116 0.306250 0.008057 0.019907
0 0.340454 0.394676 0.008057 0.025463
0 0.332153 0.536574 0.008545 0.025000
0 0.254761 0.553241 0.012451 0.023148
0 0.211304 0.515972 0.010498 0.022685
0 0.212769 0.478009 0.010986 0.021759
0 0.222778 0.374537 0.011475 0.022222
0 0.146606 0.425694 0.010498 0.022685
0 0.125854 0.547454 0.011475 0.018056
0 0.118530 0.587731 0.010986 0.020833
0 0.109009 0.633102 0.013428 0.025463
0 0.102173 0.715972 0.015869 0.020833
0 0.254639 0.668981 0.009277 0.020370
0 0.203979 0.578009 0.011963 0.022685
0 0.027100 0.400463 0.011719 0.018519
0 0.347534 0.182639 0.010986 0.021759
0 0.346313 0.213657 0.012451 0.023611
0 0.278687 0.311111 0.008057 0.018519
0 0.266724 0.447454 0.010498 0.021759
0 0.237183 0.205324 0.009521 0.018981
0 0.234619 0.241435 0.009766 0.021759
0 0.323608 0.734954 0.013428 0.023611
0 0.334106 0.616435 0.009521 0.022685
0 0.392212 0.710417 0.010010 0.018981
0 0.383057 0.650926 0.006836 0.023148
0 0.391724 0.577778 0.007568 0.017593
0 0.393921 0.335648 0.008057 0.021296
0 0.396240 0.251157 0.007812 0.017130
0 0.385986 0.782407 0.007812 0.018519
0 0.468262 0.735185 0.010742 0.020370
0 0.463013 0.668287 0.008545 0.019907
0 0.463501 0.559722 0.006592 0.020370
0 0.463623 0.505556 0.010254 0.019444
0 0.459595 0.459028 0.007568 0.017130
0 0.458618 0.408565 0.007568 0.019907
0 0.464111 0.317824 0.008301 0.019907
0 0.463379 0.275000 0.011230 0.021296
0 0.461426 0.230093 0.008789 0.016667
0 0.456421 0.190046 0.008545 0.021759
0 0.458008 0.143519 0.007324 0.020370
0 0.505615 0.210648 0.008789 0.021296
0 0.506714 0.306019 0.007568 0.015741
0 0.509888 0.379861 0.010010 0.018981
0 0.515747 0.531713 0.008545 0.021759
0 0.522217 0.706250 0.008789 0.020833
0 0.470093 0.796065 0.008545 0.018056
0 0.525879 0.828241 0.010254 0.019444
0 0.524536 0.890741 0.009521 0.019444
0 0.473999 0.932870 0.010498 0.020370
0 0.376343 0.911111 0.010498 0.018519
0 0.316162 0.865046 0.011719 0.024537
0 0.236084 0.918519 0.012207 0.023148
0 0.238525 0.834722 0.009766 0.019444
0 0.180298 0.813426 0.013916 0.021296
0 0.091675 0.841667 0.011475 0.019444
0 0.072632 0.911343 0.017822 0.033796
0 0.219971 0.985648 0.014648 0.024074
0 0.596436 0.570370 0.010254 0.019444
0 0.595459 0.633102 0.007812 0.017130
0 0.608765 0.747454 0.006592 0.017130
0 0.615723 0.878241 0.009766 0.019444
0 0.623413 0.990046 0.010010 0.018981
0 0.663086 0.771991 0.009766 0.018056
0 0.651489 0.544907 0.011475 0.023148
0 0.633911 0.441898 0.006592 0.017130
0 0.619385 0.335648 0.009277 0.022222
0 0.313721 0.938657 0.010254 0.018981
0 0.571167 0.206944 0.007568 0.016667
0 0.578003 0.280324 0.007568 0.022685
0 0.749268 0.814352 0.010254 0.022222
0 0.684204 0.979398 0.011475 0.021759
0 0.761719 0.937963 0.010254 0.023148
0 0.760132 0.877778 0.011963 0.021296
0 0.734131 0.693287 0.013184 0.027315
0 0.786133 0.654167 0.009277 0.022222
0 0.777100 0.594676 0.008301 0.018056
0 0.763550 0.506250 0.013916 0.023611
0 0.723755 0.512731 0.010010 0.023611
0 0.710815 0.481250 0.008545 0.016204
0 0.641602 0.599769 0.009766 0.018981
0 0.657471 0.659259 0.006836 0.018519
0 0.821167 0.908102 0.012939 0.024537
0 0.805176 0.823148 0.009766 0.023148
0 0.787842 0.699769 0.008301 0.017130
0 0.853638 0.582870 0.009033 0.017593
0 0.847046 0.539583 0.010498 0.017130
0 0.838013 0.475926 0.008057 0.017593
0 0.896362 0.537500 0.009033 0.023148
0 0.861084 0.636111 0.011230 0.023148
0 0.871704 0.690972 0.010986 0.020833
0 0.882202 0.758565 0.009033 0.018981
0 0.888550 0.811111 0.011963 0.022222
0 0.894165 0.892593 0.010986 0.021296
0 0.964478 0.907870 0.012451 0.024074
0 0.958496 0.843750 0.013672 0.023611
0 0.983154 0.617361 0.014160 0.018981
0 0.973389 0.558565 0.012695 0.018056
0 0.858521 0.350000 0.009033 0.021296
0 0.822876 0.378009 0.011963 0.022685
0 0.748657 0.399769 0.008545 0.018981
0 0.753662 0.454630 0.009766 0.022222
0 0.700806 0.387037 0.008545 0.020370
0 0.671631 0.137500 0.010254 0.019444
0 0.721924 0.184259 0.007324 0.023148
0 0.780884 0.098843 0.007568 0.014352
0 0.907227 0.271296 0.010254 0.019444
0 0.943481 0.446296 0.012451 0.017593
0 0.964966 0.325926 0.010986 0.018519
0 0.931885 0.165278 0.008301 0.024074
0 0.681763 0.169907 0.006592 0.020370
0 0.619751 0.228704 0.008545 0.017593
0 0.809326 0.290278 0.010254 0.020370
0 0.837036 0.231481 0.009033 0.018519
0 0.849609 0.260648 0.008301 0.019444
0 0.993896 0.428009 0.011230 0.018056
0 0.593628 0.517361 0.011475 0.021759
0 0.589478 0.464815 0.008057 0.018519
0 0.585083 0.416204 0.008545 0.023148
0 0.066772 0.180787 0.009521 0.016204
0 0.078491 0.082639 0.008057 0.015278
0 0.066162 0.557870 0.011230 0.021296
0 0.148926 0.341435 0.010254 0.020833
0 0.157104 0.286806 0.010986 0.018981
0 0.096069 0.779398 0.009521 0.017130
0 0.180786 0.896065 0.011963 0.022685
0 0.283813 0.215509 0.006104 0.016204
0 0.279419 0.265509 0.004639 0.017130
0 0.326416 0.676852 0.009766 0.018519
0 0.334595 0.462269 0.008057 0.018056
0 0.354736 0.092130 0.008789 0.023148
0 0.398804 0.087269 0.010498 0.019907
0 0.521973 0.758796 0.007324 0.016667
0 0.517578 0.641898 0.006836 0.019907
0 0.515015 0.586574 0.008057 0.018519
0 0.665649 0.834028 0.008545 0.019907
0 0.672607 0.916204 0.009766 0.020370
0 0.707153 0.417824 0.010498 0.019907
0 0.685913 0.256250 0.006592 0.018056
0 0.723755 0.234491 0.008545 0.018056
0 0.624146 0.303009 0.010498 0.019907
0 0.674805 0.101157 0.008789 0.024537
0 0.706543 0.111111 0.006348 0.018519
0 0.905640 0.607407 0.012939 0.018519
0 0.881226 0.453472 0.010010 0.017130
0 0.857422 0.311343 0.006836 0.021759
0 0.816895 0.114120 0.007324 0.017130
0 0.939087 0.395602 0.010986 0.012500
0 0.250854 0.719676 0.015381 0.029167
0 0.290405 0.109491 0.007568 0.017130
0 0.379517 0.828935 0.009033 0.020833
0 0.460449 0.084954 0.008301 0.014352
0 0.959106 0.514583 0.009033 0.017130
0 0.006470 0.501852 0.012451 0.016667
0 0.245239 0.776620 0.009521 0.016204
0 0.185303 0.751157 0.011230 0.019907
0 0.804688 0.765972 0.012207 0.018981
0 0.343262 0.500694 0.008789 0.018056
0 0.390869 0.431250 0.008789 0.024537
0 0.506958 0.142824 0.006592 0.018981
0 0.724976 0.578472 0.010010 0.019907
0 0.512329 0.490509 0.007568 0.021759
0 0.076538 0.446528 0.010010 0.018981
0 0.090820 0.412731 0.011230 0.019907
0 0.692627 0.335185 0.009766 0.016667
0 0.941162 0.776389 0.010742 0.020370
0 0.463379 0.860185 0.009277 0.017593
0 0.606079 0.692824 0.007568 0.019907
0 0.613037 0.151620 0.005859 0.018981
0 0.234497 0.285417 0.009033 0.021759
0 0.709961 0.073611 0.007324 0.019444
0 0.576660 0.325463 0.006836 0.012963
0 0.566528 0.094213 0.009521 0.018056
0 0.220337 0.322685 0.009521 0.020370
0 0.276367 0.346065 0.007324 0.018981
0 0.624756 0.184722 0.008789 0.017593
0 0.105103 0.303704 0.012939 0.023148
0 0.765747 0.028009 0.010010 0.018981
0 0.125977 0.486806 0.010742 0.013426
0 0.660156 0.025231 0.008789 0.017130
0 0.049561 0.678935 0.014648 0.027315
0 0.380371 0.960185 0.010742 0.020370
0 0.820801 0.146759 0.009277 0.019444
0 0.191895 0.024769 0.009277 0.017130
0 0.222656 0.415509 0.010742 0.017130
0 0.797119 0.013657 0.010254 0.015278
0 0.067627 0.983565 0.016602 0.023611
0 0.012817 0.938194 0.016357 0.022685
0 0.995850 0.147685 0.008301 0.023148
0 0.198242 0.699306 0.015137 0.018981
0 0.500000 0.042593 0.007812 0.019444
0 0.118896 0.177778 0.008789 0.017593
0 0.028320 0.809722 0.013184 0.024074
0 0.576660 0.169907 0.011719 0.014815
0 0.620972 0.275231 0.008545 0.015278
0 0.528809 0.962269 0.010742 0.024537
0 0.343506 0.258796 0.008789 0.020370
0 0.575928 0.244444 0.009277 0.016667
0 0.053589 0.228935 0.010986 0.017130
0 0.037842 0.308796 0.011719 0.014815
0 0.595581 0.007176 0.010498 0.013426
0 0.891968 0.189583 0.011475 0.015278
0 0.248779 0.010648 0.008301 0.016667
0 0.357666 0.005556 0.006836 0.010185
0 0.355469 0.040972 0.008301 0.024537