0 0.290771 0.137500 0.009766 0.020370
0 0.344360 0.259491 0.008057 0.019907
0 0.339966 0.342130 0.009521 0.022222
0 0.332397 0.483333 0.008545 0.025000
0 0.256958 0.495833 0.012451 0.023148
0 0.214111 0.461806 0.010254 0.018056
0 0.214966 0.420833 0.010986 0.021296
0 0.224976 0.321065 0.010986 0.019907
0 0.150513 0.373380 0.010498 0.022685
0 0.131470 0.484954 0.011475 0.018056
0 0.124390 0.526620 0.010986 0.020833
0 0.114746 0.573611 0.013184 0.023148
0 0.109985 0.650231 0.015869 0.020833
0 0.257324 0.606019 0.009277 0.020370
0 0.207520 0.515509 0.009766 0.022685
0 0.033936 0.346991 0.008789 0.017130
0 0.347534 0.140278 0.008545 0.015741
0 0.346069 0.170602 0.007568 0.020833
0 0.280151 0.262963 0.008057 0.018519
0 0.269165 0.384491 0.010498 0.021759
0 0.238647 0.158102 0.009521 0.018981
0 0.235596 0.190509 0.009766 0.021759
0 0.324097 0.666898 0.013428 0.023611
0 0.334595 0.555787 0.009521 0.022685
0 0.391479 0.645833 0.008545 0.024074
0 0.383057 0.582870 0.006836 0.023148
0 0.391235 0.519907 0.007568 0.017593
0 0.393677 0.292130 0.008057 0.021296
0 0.396118 0.210185 0.007080 0.013889
0 0.385010 0.712500 0.007812 0.018519
0 0.464355 0.668519 0.008789 0.020370
0 0.461426 0.609259 0.008301 0.019444
0 0.462524 0.503704 0.006592 0.020370
0 0.460938 0.450231 0.006836 0.018056
0 0.458130 0.408102 0.007568 0.017130
0 0.455933 0.356713 0.007568 0.019907
0 0.461670 0.275231 0.008301 0.019907
0 0.461914 0.229630 0.007812 0.020370
0 0.459595 0.186111 0.006104 0.017593
0 0.454346 0.150231 0.007324 0.015278
0 0.456543 0.102778 0.007324 0.020370
0 0.503174 0.164352 0.008789 0.021296
0 0.503052 0.257407 0.007568 0.015741
0 0.505981 0.330093 0.007080 0.022222
0 0.512817 0.475694 0.008545 0.021759
0 0.518066 0.641898 0.008789 0.020833
0 0.467651 0.728472 0.008545 0.018056
0 0.520996 0.762731 0.005859 0.018056
0 0.521851 0.818519 0.009521 0.019444
0 0.470581 0.858333 0.010498 0.020370
0 0.376587 0.827778 0.010498 0.018519
0 0.377808 0.953704 0.010010 0.020370
0 0.318115 0.789583 0.011719 0.024537
0 0.239868 0.834028 0.009521 0.021759
0 0.240723 0.767130 0.009766 0.019444
0 0.184937 0.746991 0.011475 0.018056
0 0.100464 0.763889 0.011475 0.019444
0 0.080811 0.831481 0.016113 0.021296
0 0.077393 0.902083 0.014160 0.019907
0 0.223389 0.912037 0.012695 0.018519
0 0.237183 0.978241 0.009033 0.019444
0 0.472412 0.926852 0.008301 0.018519
0 0.591431 0.515046 0.007568 0.018056
0 0.589600 0.571528 0.007812 0.017130
0 0.603394 0.676852 0.007568 0.020370
0 0.609985 0.806944 0.010010 0.020370
0 0.619873 0.938426 0.008789 0.018519
0 0.655518 0.704861 0.009766 0.018056
0 0.645386 0.488194 0.010010 0.020833
0 0.628296 0.391435 0.006592 0.017130
0 0.614746 0.287037 0.009277 0.022222
0 0.309570 0.924074 0.010254 0.018519
0 0.315308 0.856713 0.011475 0.019907
0 0.525146 0.960185 0.007812 0.022222
0 0.567383 0.164583 0.006836 0.016204
0 0.575806 0.243287 0.007568 0.022685
0 0.739014 0.742130 0.010254 0.022222
0 0.676270 0.900926 0.009277 0.017593
0 0.682739 0.968056 0.009521 0.016667
0 0.762817 0.943750 0.010010 0.019907
0 0.751709 0.864352 0.010254 0.023148
0 0.751587 0.803704 0.011963 0.021296
0 0.726440 0.624074 0.008545 0.020370
0 0.777832 0.593981 0.009277 0.022222
0 0.767334 0.542361 0.008301 0.018056
0 0.755249 0.446991 0.012939 0.022685
0 0.716431 0.454861 0.010010 0.023611
0 0.703247 0.426620 0.008545 0.016204
0 0.635376 0.537269 0.009033 0.020833
0 0.649902 0.594444 0.005859 0.018519
0 0.826904 0.963426 0.011719 0.021296
0 0.811523 0.833102 0.012695 0.019907
0 0.795654 0.757870 0.009766 0.023148
0 0.779053 0.639120 0.008301 0.017130
0 0.842163 0.525926 0.009033 0.017593
0 0.838013 0.479398 0.010498 0.017130
0 0.828003 0.420833 0.008057 0.017593
0 0.884521 0.478472 0.006836 0.023611
0 0.851318 0.577778 0.009766 0.020370
0 0.858276 0.627315 0.008545 0.020370
0 0.869507 0.694676 0.009033 0.018981
0 0.876831 0.749537 0.010010 0.021296
0 0.881958 0.823611 0.010986 0.021296
0 0.902588 0.946991 0.011230 0.018981
0 0.984985 0.979861 0.010986 0.018981
0 0.949097 0.835417 0.012451 0.022685
0 0.944580 0.772917 0.010742 0.019907
0 0.986450 0.652546 0.011963 0.019907
0 0.970947 0.557639 0.014160 0.018981
0 0.959229 0.501157 0.012695 0.018056
0 0.986084 0.418981 0.009766 0.020370
0 0.848999 0.301389 0.009033 0.021296
0 0.811035 0.324074 0.008789 0.018519
0 0.742798 0.347917 0.008545 0.018981
0 0.745728 0.400694 0.008545 0.015278
0 0.692017 0.333333 0.008545 0.020370
0 0.667847 0.100000 0.007568 0.019444
0 0.715332 0.140278 0.007324 0.023148
0 0.774780 0.059954 0.007568 0.014352
0 0.897705 0.230324 0.007812 0.017130
0 0.931274 0.393981 0.008545 0.015741
0 0.953369 0.279861 0.007812 0.019907
0 0.924072 0.122222 0.008301 0.024074
0 0.675659 0.127778 0.006592 0.020370
0 0.613892 0.183102 0.007080 0.017130
0 0.801270 0.242593 0.010254 0.020370
0 0.827026 0.184722 0.009033 0.018519
0 0.841064 0.212500 0.007324 0.020370
0 0.982666 0.377083 0.011230 0.018056
0 0.589111 0.465741 0.009277 0.021296
0 0.585327 0.416667 0.008057 0.018519
0 0.580444 0.367130 0.007080 0.018519
0 0.073120 0.145602 0.009521 0.016204
0 0.083130 0.046528 0.008057 0.015278
0 0.073975 0.499074 0.011230 0.017593
0 0.153809 0.291898 0.010254 0.020833
0 0.161743 0.240046 0.010986 0.018981
0 0.164917 0.202083 0.006104 0.016204
0 0.103882 0.703935 0.009521 0.017130
0 0.056641 0.616898 0.008301 0.015278
0 0.185303 0.821528 0.010254 0.015278
0 0.286133 0.172685 0.007324 0.016667
0 0.281250 0.215741 0.004883 0.015741
0 0.326782 0.611111 0.008057 0.020370
0 0.334961 0.406713 0.006348 0.017130
0 0.355225 0.055093 0.008789 0.023148
0 0.398315 0.052315 0.008057 0.020370
0 0.379150 0.882639 0.008301 0.019907
0 0.518066 0.693981 0.007324 0.016667
0 0.514893 0.583565 0.006836 0.019907
0 0.512329 0.532870 0.008057 0.018519
0 0.659058 0.759954 0.008545 0.019907
0 0.665283 0.840741 0.009766 0.020370
0 0.701782 0.364815 0.007080 0.018519
0 0.680542 0.206944 0.006592 0.017593
0 0.718384 0.188194 0.009521 0.017130
0 0.619507 0.254630 0.007080 0.021296
0 0.669434 0.059028 0.008789 0.024537
0 0.699707 0.072685 0.006348 0.018519
0 0.895264 0.546759 0.010254 0.017593
0 0.869751 0.398843 0.010010 0.017130
0 0.848145 0.262269 0.006836 0.021759
0 0.808838 0.074769 0.007324 0.017130
0 0.991333 0.113426 0.009521 0.022222
0 0.928589 0.346991 0.010010 0.013426
0 0.253906 0.653009 0.010742 0.019907
0 0.290894 0.066898 0.007568 0.017130
0 0.377319 0.762731 0.009033 0.020833
0 0.629028 0.345833 0.008057 0.021296
0 0.458008 0.044676 0.008301 0.014352
0 0.945923 0.463426 0.005615 0.014815
0 0.012329 0.443287 0.006592 0.014352
0 0.246460 0.713657 0.009521 0.016204
0 0.189819 0.684259 0.011963 0.023148
0 0.796143 0.702083 0.012207 0.018981
0 0.342407 0.446065 0.007080 0.016204
0 0.392578 0.380787 0.008789 0.024537
0 0.503784 0.099306 0.006592 0.018981
0 0.716675 0.519676 0.009521 0.021759
0 0.508057 0.434954 0.008301 0.017130
0 0.081909 0.403935 0.010010 0.018981
0 0.098145 0.359028 0.007812 0.015278
0 0.900391 0.195833 0.008789 0.019444
0 0.160522 0.945139 0.011963 0.018981
0 0.685059 0.289352 0.009766 0.016667
0 0.926758 0.707870 0.010742 0.020370
0 0.460571 0.792361 0.008057 0.016204
0 0.601074 0.632176 0.005371 0.018056
0 0.607788 0.109028 0.007080 0.016204
0 0.224365 0.365741 0.008301 0.016667
0 0.710938 0.099769 0.004883 0.021759
0 0.034912 0.734722 0.015137 0.021296
0 0.124023 0.140278 0.010742 0.019444
0 0.524414 0.890046 0.004883 0.017130
0 0.238159 0.238889 0.006104 0.016667
0 0.005249 0.498380 0.010010 0.014352
0 0.571167 0.203704 0.007568 0.012037
0 0.702881 0.037500 0.007324 0.019444
0 0.966431 0.045833 0.008057 0.020370
0 0.573486 0.128241 0.003906 0.013889
0 0.572998 0.279167 0.006836 0.012963
0 0.867310 0.044907 0.007568 0.020370
0 0.561768 0.056713 0.008301 0.014352
0 0.871338 0.085648 0.007812 0.016667
0 0.903931 0.023843 0.006104 0.011574
0 0.882324 0.152546 0.008301 0.014352
0 0.003052 0.553241 0.005615 0.011111
0 0.223267 0.271528 0.008545 0.016204
0 0.278320 0.301852 0.004883 0.012963
0 0.020508 0.862269 0.015137 0.016204