0 0.032593 0.091435 0.019287 0.040278
0 0.021851 0.230324 0.021240 0.036574
0 0.214600 0.014120 0.016113 0.027315
0 0.207764 0.127546 0.004395 0.018056
0 0.199829 0.244676 0.021729 0.037500
0 0.343994 0.099306 0.015137 0.034722
0 0.323975 0.214583 0.015137 0.029167
0 0.302734 0.310185 0.020508 0.049074
0 0.181274 0.364583 0.023682 0.031019
0 0.277954 0.442824 0.017822 0.036574
0 0.160034 0.477546 0.023193 0.036574
0 0.273804 0.570602 0.021729 0.035648
0 0.142944 0.632176 0.027588 0.031944
0 0.249634 0.703009 0.017334 0.029167
0 0.126099 0.754861 0.024170 0.043981
0 0.103027 0.862731 0.016602 0.035648
0 0.242310 0.861806 0.019287 0.037500
0 0.086426 0.981019 0.026367 0.037963
0 0.495728 0.906019 0.015381 0.027778
0 0.386353 0.934028 0.015869 0.036574
0 0.395020 0.812963 0.015137 0.029630
0 0.517822 0.791204 0.019531 0.039815
0 0.543091 0.650000 0.018799 0.035185
0 0.428589 0.559491 0.017334 0.034722
0 0.406616 0.673148 0.019775 0.037963
0 0.550049 0.535880 0.018066 0.034722
0 0.567871 0.416898 0.017090 0.037500
0 0.447510 0.292130 0.018066 0.036111
0 0.436157 0.422685 0.013916 0.037037
0 0.564575 0.281250 0.022217 0.035648
0 0.469971 0.076389 0.014160 0.030556
0 0.476196 0.180556 0.021240 0.044444
0 0.586914 0.158102 0.018066 0.032870
0 0.593140 0.039583 0.017334 0.045833
0 0.755127 0.120139 0.015137 0.032870
0 0.879761 0.081019 0.024170 0.044444
0 0.860962 0.158102 0.021240 0.042130
0 0.889771 0.229630 0.016846 0.033333
0 0.746582 0.206019 0.012207 0.025926
0 0.854980 0.323611 0.017090 0.035185
0 0.729492 0.346528 0.023438 0.042130
0 0.828247 0.429398 0.016846 0.034722
0 0.725342 0.461806 0.007324 0.025463
0 0.829102 0.551389 0.020508 0.034259
0 0.705200 0.577546 0.007568 0.013426
0 0.824463 0.690972 0.023438 0.040278
0 0.692749 0.692824 0.024170 0.037500
0 0.800659 0.804167 0.025146 0.038889
0 0.690796 0.858796 0.021729 0.037037
0 0.788940 0.936806 0.022705 0.043056
0 0.661987 0.958333 0.021729 0.037963
0 0.953125 0.981250 0.026367 0.037500
0 0.974121 0.824074 0.028809 0.039815
0 0.976196 0.703009 0.026123 0.041204
0 0.991211 0.582870 0.017578 0.031481
0 0.991577 0.453935 0.016357 0.044907
0 0.996948 0.311806 0.006104 0.032870