0 0.036743 0.086806 0.018311 0.046759
0 0.026367 0.222685 0.024414 0.037037
0 0.003906 0.315509 0.007324 0.034722
0 0.222290 0.014583 0.015381 0.028241
0 0.211670 0.125694 0.005371 0.021759
0 0.350098 0.099537 0.017090 0.038889
0 0.327148 0.217361 0.018066 0.037500
0 0.203369 0.240972 0.023438 0.036574
0 0.305054 0.310185 0.018799 0.049074
0 0.451538 0.298380 0.017822 0.042130
0 0.184814 0.364120 0.018555 0.031019
0 0.439087 0.425926 0.013916 0.034259
0 0.279541 0.442130 0.018555 0.036111
0 0.162231 0.475000 0.021240 0.037037
0 0.428345 0.564352 0.017334 0.037963
0 0.275146 0.571528 0.020508 0.037500
0 0.406250 0.676620 0.017090 0.042130
0 0.250000 0.697917 0.016113 0.031944
0 0.144653 0.627315 0.023682 0.029630
0 0.125977 0.747917 0.024414 0.041204
0 0.101929 0.855556 0.015869 0.028704
0 0.240967 0.860648 0.020508 0.039815
0 0.386353 0.936806 0.018799 0.038426
0 0.396118 0.816435 0.018311 0.037500
0 0.494629 0.909028 0.019531 0.025463
0 0.517578 0.797454 0.020508 0.036574
0 0.688965 0.870370 0.020996 0.040741
0 0.801025 0.819907 0.027344 0.036111
0 0.787354 0.952546 0.025391 0.042130
0 0.661377 0.971296 0.022949 0.044444
0 0.824585 0.711806 0.015869 0.042130
0 0.692993 0.706250 0.020752 0.040278
0 0.707886 0.591667 0.006592 0.015741
0 0.542847 0.655556 0.017822 0.031481
0 0.551025 0.544444 0.018555 0.037037
0 0.828613 0.564352 0.018066 0.035185
0 0.831055 0.444213 0.016113 0.033796
0 0.727051 0.474074 0.006348 0.024074
0 0.570068 0.426852 0.019043 0.040741
0 0.568237 0.290046 0.018311 0.037500
0 0.732788 0.358565 0.019287 0.038426
0 0.748291 0.215741 0.014648 0.026852
0 0.758057 0.132870 0.014648 0.035185
0 0.590820 0.163426 0.018066 0.035185
0 0.481201 0.185880 0.021484 0.040278
0 0.475220 0.080093 0.016846 0.028704
0 0.597290 0.046991 0.017334 0.041204
0 0.784180 0.006944 0.009277 0.012963
0 0.885620 0.096991 0.024658 0.041204
0 0.864746 0.171065 0.017578 0.042130
0 0.894409 0.246065 0.015869 0.029167
0 0.859253 0.339815 0.016846 0.040741
0 0.992920 0.472454 0.014160 0.045833
0 0.991089 0.602083 0.017822 0.039352
0 0.976685 0.721991 0.025635 0.044907
0 0.974731 0.843519 0.029053 0.037037
0 0.950562 0.988889 0.023682 0.022222
0 0.998779 0.331250 0.002441 0.020833