0 0.290894 0.133102 0.008545 0.020833
0 0.344360 0.259491 0.008057 0.019907
0 0.339966 0.342130 0.009521 0.022222
0 0.332642 0.478704 0.008545 0.025000
0 0.256958 0.495370 0.012451 0.023148
0 0.214600 0.459491 0.010254 0.018056
0 0.216187 0.417593 0.010986 0.021296
0 0.225220 0.319676 0.010986 0.019907
0 0.151245 0.371528 0.010498 0.022685
0 0.131714 0.481250 0.011475 0.018056
0 0.124390 0.522917 0.010986 0.020833
0 0.114502 0.568519 0.013184 0.023148
0 0.109985 0.646065 0.015869 0.020833
0 0.257568 0.600000 0.009277 0.020370
0 0.208252 0.512731 0.009766 0.022685
0 0.033936 0.342824 0.008789 0.017130
0 0.347534 0.139815 0.008545 0.015741
0 0.346069 0.169676 0.007568 0.020833
0 0.280151 0.261574 0.008057 0.018519
0 0.269653 0.382176 0.010498 0.021759
0 0.237671 0.156713 0.009521 0.018981
0 0.235596 0.190509 0.009766 0.021759
0 0.324097 0.665509 0.013428 0.023611
0 0.334595 0.553009 0.009521 0.022685
0 0.390991 0.643056 0.008545 0.024074
0 0.383057 0.580093 0.006836 0.023148
0 0.391235 0.517130 0.007568 0.017593
0 0.393677 0.287963 0.008057 0.021296
0 0.395386 0.205093 0.007080 0.013889
0 0.385254 0.708333 0.007812 0.018519
0 0.464355 0.663889 0.008789 0.020370
0 0.460938 0.606019 0.008301 0.019444
0 0.461060 0.497222 0.006592 0.020370
0 0.460938 0.447454 0.006836 0.018056
0 0.457886 0.405324 0.007568 0.017130
0 0.455933 0.354861 0.007568 0.019907
0 0.461670 0.270602 0.008301 0.019907
0 0.461426 0.227778 0.007812 0.020370
0 0.460327 0.183333 0.006104 0.017593
0 0.454590 0.146991 0.007324 0.015278
0 0.456543 0.102778 0.007324 0.020370
0 0.503174 0.164352 0.008789 0.021296
0 0.503052 0.257407 0.007568 0.015741
0 0.505981 0.327315 0.007080 0.022222
0 0.512573 0.472454 0.008545 0.021759
0 0.518066 0.639583 0.008789 0.020833
0 0.466919 0.723843 0.008545 0.018056
0 0.521973 0.754861 0.005859 0.018056
0 0.521118 0.813889 0.009521 0.019444
0 0.470581 0.858333 0.010498 0.020370
0 0.376587 0.827778 0.010498 0.018519
0 0.377808 0.949537 0.010010 0.020370
0 0.317627 0.785417 0.011719 0.024537
0 0.239868 0.834028 0.009521 0.021759
0 0.241211 0.760648 0.009766 0.019444
0 0.185669 0.741435 0.011475 0.018056
0 0.100952 0.762037 0.011475 0.019444
0 0.080078 0.827315 0.016113 0.021296
0 0.078369 0.898380 0.014160 0.019907
0 0.224121 0.906019 0.012695 0.018519
0 0.237427 0.974074 0.009033 0.019444
0 0.305054 0.995602 0.010010 0.008796
0 0.472900 0.921759 0.008301 0.018519
0 0.590942 0.514583 0.007568 0.018056
0 0.589600 0.570602 0.007812 0.017130
0 0.603882 0.673611 0.007568 0.020370
0 0.609741 0.800000 0.010010 0.020370
0 0.619141 0.934259 0.008789 0.018519
0 0.655518 0.699306 0.009766 0.018056
0 0.645142 0.483102 0.010010 0.020833
0 0.628052 0.390509 0.006592 0.017130
0 0.614990 0.285648 0.009277 0.022222
0 0.309814 0.923611 0.010254 0.018519
0 0.316284 0.853009 0.011475 0.019907
0 0.524658 0.952778 0.007812 0.022222
0 0.567383 0.163657 0.006836 0.016204
0 0.575317 0.238194 0.006104 0.021759
0 0.738281 0.734722 0.010254 0.022222
0 0.676270 0.897222 0.009277 0.017593
0 0.682007 0.962963 0.009521 0.016667
0 0.762329 0.938657 0.010010 0.019907
0 0.751709 0.860648 0.010254 0.023148
0 0.750854 0.800926 0.011963 0.021296
0 0.725952 0.622685 0.008545 0.020370
0 0.777344 0.589815 0.009277 0.022222
0 0.768066 0.536806 0.008301 0.018056
0 0.755249 0.446065 0.012939 0.022685
0 0.714233 0.450694 0.010010 0.023611
0 0.703003 0.424306 0.008545 0.016204
0 0.634399 0.535880 0.009033 0.020833
0 0.649902 0.591667 0.005859 0.018519
0 0.826904 0.956481 0.011719 0.021296
0 0.809814 0.830787 0.012695 0.019907
0 0.792969 0.747685 0.009766 0.023148
0 0.779297 0.630324 0.008301 0.017130
0 0.841675 0.523611 0.009033 0.017593
0 0.837524 0.475231 0.010498 0.017130
0 0.828003 0.418056 0.008057 0.017593
0 0.884521 0.478472 0.006836 0.023611
0 0.850830 0.575000 0.009766 0.020370
0 0.857544 0.623611 0.008545 0.020370
0 0.869019 0.690046 0.009033 0.018981
0 0.876587 0.742130 0.010010 0.021296
0 0.880859 0.818056 0.008789 0.015741
0 0.902100 0.943287 0.011230 0.018981
0 0.984741 0.977083 0.010986 0.018981
0 0.948364 0.831250 0.012451 0.022685
0 0.943115 0.770139 0.010742 0.019907
0 0.984497 0.646991 0.011963 0.019907
0 0.969482 0.552546 0.014160 0.018981
0 0.957764 0.495602 0.012695 0.018056
0 0.986084 0.416204 0.009766 0.020370
0 0.848999 0.301389 0.009033 0.021296
0 0.811035 0.324074 0.008789 0.018519
0 0.741821 0.346528 0.008545 0.018981
0 0.745728 0.396065 0.008545 0.015278
0 0.692017 0.333333 0.008545 0.020370
0 0.667358 0.094907 0.007568 0.019444
0 0.714600 0.140278 0.007324 0.023148
0 0.774780 0.059954 0.007568 0.014352
0 0.895996 0.223843 0.007812 0.017130
0 0.930542 0.389815 0.008545 0.015741
0 0.952637 0.278472 0.007812 0.019907
0 0.924072 0.121759 0.008301 0.024074
0 0.675659 0.127778 0.006592 0.020370
0 0.613892 0.183102 0.007080 0.017130
0 0.801270 0.242593 0.010254 0.020370
0 0.827271 0.184722 0.009033 0.018519
0 0.840332 0.212037 0.007324 0.020370
0 0.981689 0.373380 0.011230 0.018056
0 0.589111 0.463426 0.009277 0.021296
0 0.585083 0.412500 0.008057 0.018519
0 0.580444 0.366204 0.007080 0.018519
0 0.073120 0.142361 0.009521 0.016204
0 0.083862 0.045139 0.008057 0.015278
0 0.074951 0.496759 0.011230 0.017593
0 0.153809 0.286806 0.010254 0.020833
0 0.161743 0.236343 0.010986 0.018981
0 0.165405 0.197454 0.006104 0.016204
0 0.103882 0.702546 0.009521 0.017130
0 0.056396 0.612731 0.008301 0.015278
0 0.186035 0.816898 0.010254 0.015278
0 0.286133 0.170370 0.007324 0.016667
0 0.281250 0.215278 0.004883 0.015741
0 0.326782 0.608333 0.008057 0.020370
0 0.334961 0.404398 0.006348 0.017130
0 0.354980 0.053704 0.008789 0.023148
0 0.397827 0.047222 0.008057 0.020370
0 0.379150 0.882639 0.008301 0.019907
0 0.517578 0.691204 0.007324 0.016667
0 0.514160 0.579861 0.006836 0.019907
0 0.512329 0.527315 0.008057 0.018519
0 0.658081 0.757176 0.008545 0.019907
0 0.665039 0.834259 0.009766 0.020370
0 0.700562 0.364352 0.007080 0.018519
0 0.680542 0.206944 0.006592 0.017593
0 0.718384 0.186806 0.009521 0.017130
0 0.619507 0.254630 0.007080 0.021296
0 0.669800 0.056481 0.008057 0.019444
0 0.699707 0.069444 0.006348 0.018519
0 0.894531 0.544907 0.010254 0.017593
0 0.868530 0.395139 0.010010 0.017130
0 0.846436 0.262269 0.006836 0.021759
0 0.808838 0.074769 0.007324 0.017130
0 0.989868 0.112037 0.009521 0.022222
0 0.927856 0.343750 0.010010 0.013426
0 0.253662 0.648380 0.010742 0.019907
0 0.291626 0.065046 0.007568 0.017130
0 0.378052 0.755787 0.009033 0.020833
0 0.629028 0.345370 0.008057 0.021296
0 0.458008 0.044676 0.008301 0.014352
0 0.945190 0.457407 0.005615 0.014815
0 0.012329 0.439583 0.006592 0.014352
0 0.247925 0.707639 0.009521 0.016204
0 0.190552 0.678704 0.011963 0.023148
0 0.795654 0.698380 0.012207 0.018981
0 0.341919 0.440046 0.007080 0.016204
0 0.391479 0.375463 0.007568 0.018519
0 0.503784 0.099306 0.006592 0.018981
0 0.715942 0.519676 0.009521 0.021759
0 0.507324 0.430787 0.008301 0.017130
0 0.084595 0.396528 0.012939 0.014352
0 0.098877 0.349769 0.007812 0.015278
0 0.898193 0.195370 0.008789 0.019444
0 0.160522 0.945139 0.011963 0.018981
0 0.683838 0.283333 0.009766 0.016667
0 0.927246 0.703704 0.010742 0.020370
0 0.460571 0.790046 0.008057 0.016204
0 0.600342 0.630324 0.005371 0.018056
0 0.608032 0.107176 0.007080 0.016204
0 0.224854 0.362500 0.008301 0.016667
0 0.710693 0.098843 0.004883 0.021759
0 0.035400 0.733796 0.015137 0.021296
0 0.124023 0.136111 0.010742 0.019444
0 0.523193 0.877546 0.004883 0.017130
0 0.237427 0.234028 0.006104 0.016204
0 0.005249 0.495602 0.010010 0.014352
0 0.572144 0.201389 0.007568 0.012037
0 0.702393 0.035648 0.007324 0.019444
0 0.966431 0.045833 0.008057 0.020370
0 0.573486 0.128241 0.003906 0.013889
0 0.572510 0.276389 0.006836 0.012963
0 0.867310 0.044907 0.007568 0.020370
0 0.561768 0.054861 0.008301 0.014352
0 0.872070 0.080556 0.007812 0.016667
0 0.903931 0.023843 0.006104 0.011574
0 0.881592 0.146991 0.008301 0.014352