0 0.048096 0.062269 0.019531 0.044907
0 0.233521 0.009028 0.010010 0.017130
0 0.358398 0.098843 0.017090 0.040278
0 0.222656 0.115509 0.006348 0.022685
0 0.036865 0.202083 0.023438 0.043056
0 0.007812 0.291898 0.015137 0.036574
0 0.210449 0.230093 0.023926 0.037963
0 0.335815 0.215278 0.014893 0.038889
0 0.190918 0.347917 0.020020 0.033796
0 0.312500 0.303704 0.021973 0.044444
0 0.457397 0.299769 0.018311 0.036574
0 0.166382 0.458102 0.022705 0.038426
0 0.284912 0.434028 0.021484 0.036574
0 0.442749 0.428472 0.015381 0.037500
0 0.431030 0.562500 0.018799 0.034259
0 0.277100 0.562269 0.019043 0.032870
0 0.145752 0.609722 0.025391 0.032407
0 0.250977 0.690046 0.015625 0.034722
0 0.406250 0.675694 0.019531 0.040278
0 0.125977 0.730787 0.024902 0.043056
0 0.237671 0.847454 0.024170 0.041204
0 0.391724 0.815046 0.015381 0.029167
0 0.380249 0.935417 0.017822 0.039352
0 0.097656 0.838426 0.018555 0.037963
0 0.079346 0.948843 0.026367 0.033796
0 0.489624 0.916898 0.018799 0.029167
0 0.654663 0.981944 0.022705 0.036111
0 0.686035 0.887500 0.022949 0.042593
0 0.781616 0.973148 0.023682 0.040741
0 0.798584 0.845370 0.024414 0.039815
0 0.543701 0.663657 0.021484 0.034722
0 0.515137 0.801620 0.021484 0.040278
0 0.691895 0.722685 0.024902 0.041667
0 0.706665 0.609954 0.008057 0.018056
0 0.825562 0.734259 0.024170 0.041667
0 0.554321 0.553009 0.019287 0.034722
0 0.829224 0.590509 0.014893 0.032870
0 0.729126 0.491435 0.008545 0.026389
0 0.832397 0.466435 0.016846 0.030093
0 0.865356 0.367593 0.019775 0.037963
0 0.574951 0.431250 0.017578 0.032870
0 0.739746 0.378009 0.022949 0.042130
0 0.574829 0.297917 0.020264 0.034722
0 0.758301 0.235880 0.015137 0.031944
0 0.600098 0.176157 0.020508 0.036574
0 0.767334 0.154167 0.015625 0.036111
0 0.485352 0.084259 0.016602 0.035185
0 0.488525 0.188657 0.020996 0.044907
0 0.609619 0.059722 0.019531 0.042593
0 0.795410 0.021296 0.010742 0.031481
0 0.914917 0.012731 0.022705 0.024537
0 0.894653 0.123611 0.028076 0.038889
0 0.873657 0.196759 0.020264 0.043519
0 0.902710 0.274769 0.015381 0.029167
0 0.995239 0.501620 0.009521 0.045833
0 0.991821 0.636111 0.016357 0.038889
0 0.978394 0.754398 0.029541 0.042130
0 0.971313 0.874769 0.031494 0.034722