0 0.072998 0.031019 0.006836 0.018519
0 0.030029 0.268981 0.009766 0.013889
0 0.039795 0.211343 0.009766 0.018056
0 0.155396 0.203935 0.010498 0.022685
0 0.131958 0.103241 0.008545 0.018519
0 0.016846 0.385417 0.009766 0.017130
0 0.130371 0.077546 0.009277 0.018981
0 0.070557 0.393287 0.012695 0.017130
0 0.186523 0.010417 0.006836 0.018981
0 0.179810 0.036574 0.008545 0.022222
0 0.184570 0.113889 0.006348 0.013889
0 0.147583 0.281250 0.007568 0.019907
0 0.135498 0.317361 0.006836 0.019907
0 0.115234 0.458565 0.007812 0.016204
0 0.239746 0.034954 0.008301 0.016204
0 0.233398 0.107870 0.008301 0.013889
0 0.215698 0.180093 0.008545 0.014815
0 0.210815 0.299306 0.008545 0.024537
0 0.198608 0.412500 0.008545 0.016667
0 0.195435 0.451389 0.010498 0.018519
0 0.248047 0.482407 0.009766 0.017593
0 0.251343 0.424306 0.009033 0.018056
0 0.256836 0.380787 0.009766 0.019907
0 0.261719 0.295833 0.008301 0.019444
0 0.272705 0.210648 0.008301 0.016667
0 0.269165 0.158333 0.009521 0.020370
0 0.277222 0.100000 0.009521 0.016667
0 0.283447 0.069444 0.008301 0.018519
0 0.286743 0.027083 0.007080 0.017130
0 0.343750 0.017130 0.008789 0.015741
0 0.336060 0.172454 0.008545 0.017130
0 0.329834 0.282870 0.007812 0.020370
0 0.322510 0.389815 0.010254 0.018519
0 0.319092 0.423611 0.009277 0.020370
0 0.373901 0.466898 0.007080 0.016204
0 0.378052 0.272917 0.008545 0.020833
0 0.377441 0.227778 0.007812 0.019444
0 0.380859 0.161111 0.006836 0.017593
0 0.385010 0.074537 0.008301 0.022222
0 0.449829 0.076620 0.007080 0.022685
0 0.447388 0.115509 0.007080 0.018056
0 0.445679 0.265278 0.007568 0.018519
0 0.442627 0.339583 0.008789 0.024537
0 0.440063 0.395370 0.009521 0.018519
0 0.445435 0.440972 0.006104 0.020833
0 0.447266 0.494676 0.007324 0.019907
0 0.035889 0.661111 0.011719 0.014815
0 0.055664 0.531481 0.011719 0.020370
0 0.095093 0.681481 0.011963 0.022222
0 0.102295 0.574769 0.011719 0.017130
0 0.109985 0.508333 0.011475 0.018519
0 0.016968 0.716667 0.014893 0.015741
0 0.069458 0.819907 0.014404 0.019444
0 0.060913 0.879398 0.013428 0.018056
0 0.157227 0.859491 0.013184 0.017130
0 0.168457 0.740741 0.011719 0.017593
0 0.165039 0.793056 0.011719 0.014815
0 0.179565 0.614352 0.011475 0.015741
0 0.177368 0.667593 0.010498 0.015741
0 0.180054 0.550694 0.011475 0.013426
0 0.196289 0.509491 0.011230 0.017130
0 0.243896 0.535880 0.010254 0.017130
0 0.238892 0.584028 0.007568 0.017130
0 0.234863 0.641435 0.006348 0.018981
0 0.228394 0.697685 0.013428 0.018519
0 0.212769 0.835185 0.013428 0.019444
0 0.299927 0.915509 0.009033 0.021759
0 0.298462 0.823611 0.010498 0.024074
0 0.310181 0.768519 0.008545 0.019444
0 0.302856 0.718981 0.009521 0.017593
0 0.309448 0.645370 0.010986 0.022222
0 0.316162 0.536343 0.010254 0.019907
0 0.370850 0.570139 0.008789 0.019907
0 0.366333 0.687269 0.010010 0.019907
0 0.364014 0.867361 0.010254 0.018056
0 0.445190 0.840741 0.008545 0.019444
0 0.444946 0.773611 0.006592 0.016667
0 0.441528 0.714815 0.008545 0.019444
0 0.440552 0.654630 0.008545 0.020370
0 0.447144 0.547454 0.007080 0.018981
0 0.503296 0.806713 0.010010 0.019907
0 0.502441 0.878472 0.008789 0.018056
0 0.496826 0.620370 0.008301 0.018519
0 0.497437 0.752083 0.009521 0.018056
0 0.493896 0.529398 0.006348 0.017130
0 0.493286 0.414815 0.007568 0.021296
0 0.590576 0.929398 0.009277 0.020833
0 0.592896 0.855324 0.009033 0.020833
0 0.588989 0.793056 0.009033 0.020370
0 0.584717 0.723843 0.007812 0.018056
0 0.580322 0.666667 0.008789 0.018519
0 0.571411 0.558565 0.009521 0.019907
0 0.574097 0.503704 0.006592 0.018519
0 0.570557 0.460185 0.006348 0.019444
0 0.565918 0.412037 0.006836 0.016667
0 0.617432 0.435185 0.006836 0.017593
0 0.620239 0.487500 0.006592 0.016667
0 0.624023 0.526389 0.006348 0.019444
0 0.618530 0.569444 0.008057 0.018519
0 0.634277 0.698843 0.008301 0.018056
0 0.653076 0.818981 0.011719 0.022222
0 0.642334 0.889352 0.009277 0.017593
0 0.733765 0.866435 0.010010 0.019907
0 0.732788 0.783333 0.010986 0.022222
0 0.718750 0.742130 0.008789 0.015741
0 0.714966 0.667361 0.008545 0.019907
0 0.705688 0.626389 0.010498 0.019444
0 0.698120 0.563889 0.009033 0.015741
0 0.691162 0.467593 0.006348 0.016667
0 0.734131 0.440509 0.010742 0.018056
0 0.761597 0.643287 0.009521 0.018056
0 0.766968 0.705324 0.010498 0.018056
0 0.777954 0.766898 0.012451 0.028241
0 0.783325 0.815972 0.006592 0.015278
0 0.792969 0.882639 0.009277 0.017130
0 0.827881 0.511111 0.011719 0.019444
0 0.876465 0.867130 0.010742 0.016667
0 0.937256 0.900000 0.014648 0.018519
0 0.871338 0.807639 0.013184 0.018056
0 0.858521 0.737269 0.011475 0.018056
0 0.839355 0.618056 0.010254 0.018519
0 0.855469 0.435417 0.008301 0.018056
0 0.870972 0.474769 0.008545 0.018981
0 0.880249 0.582870 0.011963 0.022222
0 0.904541 0.704398 0.012695 0.018056
0 0.922729 0.814352 0.011963 0.019444
0 0.878174 0.536806 0.007812 0.017130
0 0.933472 0.490509 0.010498 0.018056
0 0.958008 0.588194 0.008301 0.014352
0 0.971069 0.639583 0.009033 0.020833
0 0.975464 0.696991 0.010010 0.018056
0 0.944580 0.010880 0.007324 0.018981
0 0.909668 0.165509 0.007324 0.015278
0 0.842773 0.020833 0.007324 0.014815
0 0.846680 0.051157 0.006348 0.019907
0 0.859009 0.081944 0.007080 0.019444
0 0.862183 0.114815 0.006104 0.011111
0 0.879517 0.189352 0.006104 0.013889
0 0.811401 0.183102 0.007568 0.014352
0 0.904541 0.306713 0.010254 0.015278
0 0.959595 0.361806 0.010498 0.020833
0 0.933838 0.247222 0.012207 0.020370
0 0.914917 0.389352 0.006592 0.011111
0 0.834229 0.299306 0.009277 0.014352
0 0.839722 0.338657 0.008057 0.019907
0 0.807495 0.370602 0.009033 0.015278
0 0.728760 0.385417 0.008789 0.017130
0 0.725708 0.331019 0.007568 0.022222
0 0.712891 0.295370 0.007324 0.016667
0 0.715210 0.253704 0.007080 0.018519
0 0.702271 0.143056 0.005615 0.019444
0 0.692383 0.072685 0.006348 0.018519
0 0.659668 0.139583 0.006836 0.013426
0 0.679077 0.283796 0.007080 0.019444
0 0.676514 0.329167 0.005859 0.018519
0 0.686157 0.365046 0.006592 0.018981
0 0.621826 0.386574 0.005371 0.014815
0 0.610352 0.342361 0.005371 0.016204
0 0.607178 0.291204 0.004395 0.015741
0 0.560303 0.275694 0.006836 0.012500
0 0.559570 0.234954 0.004883 0.016204
0 0.564697 0.162500 0.006348 0.015741
0 0.592896 0.171528 0.007568 0.015278
0 0.598267 0.128472 0.007568 0.017130
0 0.773315 0.169213 0.007568 0.018056
0 0.779175 0.204167 0.008057 0.021296
0 0.795288 0.283796 0.008545 0.017593
0 0.761353 0.049306 0.007080 0.019907
0 0.758545 0.023611 0.006348 0.016667
0 0.656494 0.018056 0.007812 0.020370
0 0.662598 0.090972 0.007812 0.019907
0 0.664185 0.204398 0.006104 0.018981
0 0.664673 0.177083 0.007080 0.018056
0 0.602295 0.246528 0.006348 0.019907
0 0.596436 0.096528 0.006836 0.017130
0 0.559692 0.112500 0.006592 0.015741
0 0.560059 0.083102 0.006836 0.018056
0 0.557129 0.048611 0.005371 0.020370
0 0.562500 0.196991 0.007324 0.017130
0 0.769531 0.129167 0.006348 0.016667
0 0.799438 0.122222 0.007568 0.016667
0 0.980835 0.114815 0.012451 0.019444
0 0.790039 0.036574 0.007324 0.019444
0 0.490112 0.213657 0.006592 0.013426
0 0.489380 0.058333 0.006104 0.018519
0 0.497437 0.022917 0.004639 0.014352
0 0.494873 0.331944 0.007812 0.018519
0 0.572754 0.364352 0.007324 0.011111
0 0.116333 0.172917 0.008545 0.014352
0 0.371704 0.409954 0.009521 0.018981
0 0.489136 0.159954 0.005615 0.020833
0 0.717163 0.214120 0.006104 0.017130
0 0.691040 0.044676 0.003662 0.019907
0 0.847900 0.380093 0.008789 0.023148
0 0.851929 0.680556 0.008057 0.015741
0 0.746338 0.537269 0.007324 0.016204
0 0.685059 0.428009 0.008789 0.019907
0 0.317993 0.483565 0.010498 0.018056
0 0.043457 0.601852 0.011230 0.018519
0 0.334717 0.210648 0.009277 0.019444
0 0.439941 0.304861 0.006836 0.017130
0 0.448486 0.044676 0.008301 0.021759
0 0.384766 0.200000 0.005371 0.016667
0 0.448730 0.155556 0.005371 0.014815
0 0.359497 0.799074 0.008057 0.020370
0 0.594238 0.209491 0.007324 0.015278
0 0.886963 0.226157 0.007812 0.014352
0 0.983154 0.457176 0.007812 0.019907
0 0.146240 0.932870 0.013184 0.016667
0 0.888306 0.931713 0.008057 0.020833
0 0.046875 0.938889 0.015137 0.020370
0 0.804199 0.955556 0.012207 0.020370
0 0.355713 0.958102 0.012695 0.023611
0 0.211670 0.971528 0.011719 0.023611
0 0.658936 0.958102 0.008789 0.020833
0 0.503296 0.944676 0.006592 0.023611
0 0.441895 0.980787 0.011230 0.021759
0 0.952637 0.969213 0.014160 0.018981
0 0.993896 0.780324 0.008789 0.017130
0 0.291138 0.987500 0.012451 0.023148
0 0.897339 0.995139 0.011963 0.009722
0 0.744263 0.993287 0.011475 0.013426