0 0.015137 0.014815 0.029785 0.024074
0 0.344849 0.035185 0.020264 0.037037
0 0.274658 0.113889 0.022461 0.040741
0 0.221436 0.173843 0.023926 0.034722
0 0.165649 0.208565 0.018799 0.028241
0 0.111572 0.264815 0.024902 0.041667
0 0.042603 0.333565 0.028564 0.036574
0 0.432007 0.172222 0.018799 0.039815
0 0.381226 0.251157 0.020264 0.041204
0 0.317627 0.306250 0.019043 0.028241
0 0.252075 0.396528 0.024658 0.036574
0 0.138184 0.481944 0.026367 0.037963
0 0.076050 0.545602 0.026123 0.031019
0 0.428955 0.498380 0.018066 0.035648
0 0.367065 0.570370 0.011963 0.026852
0 0.316284 0.640972 0.016357 0.033796
0 0.260010 0.690509 0.020508 0.031019
0 0.456055 0.732176 0.019531 0.043056
0 0.398804 0.775000 0.015381 0.029630
0 0.200562 0.765278 0.019775 0.034259
0 0.334595 0.853241 0.020264 0.043519
0 0.279907 0.911574 0.018799 0.021296
0 0.125244 0.847222 0.023438 0.039815
0 0.062378 0.900231 0.021729 0.037500
0 0.219727 0.973148 0.020508 0.040741
0 0.014404 0.950463 0.028320 0.037037
0 0.609253 0.918981 0.024170 0.039815
0 0.661377 0.860648 0.011230 0.016667
0 0.724365 0.807407 0.010254 0.021296
0 0.776245 0.740741 0.021240 0.035185
0 0.811035 0.941898 0.017578 0.033796
0 0.529785 0.672454 0.018555 0.031019
0 0.576904 0.609259 0.021484 0.031481
0 0.637451 0.556250 0.020020 0.032870
0 0.484985 0.454398 0.022705 0.031019
0 0.545532 0.369676 0.018799 0.031019
0 0.685303 0.460417 0.022949 0.035648
0 0.753174 0.409491 0.020996 0.036574
0 0.802612 0.342593 0.024170 0.037963
0 0.603149 0.307639 0.019287 0.040278
0 0.667969 0.267361 0.023926 0.039352
0 0.702759 0.195833 0.013916 0.038889
0 0.780640 0.150231 0.017334 0.033796
0 0.499878 0.116898 0.025146 0.043056
0 0.549805 0.086111 0.017578 0.034259
0 0.608765 0.033796 0.020264 0.025000
0 0.871216 0.008796 0.020264 0.016667
0 0.828003 0.074769 0.022705 0.045833
0 0.915039 0.231944 0.024414 0.031481
0 0.959839 0.203241 0.013916 0.021296
0 0.857300 0.290972 0.019775 0.031019
0 0.990845 0.494444 0.018311 0.036111
0 0.954102 0.565278 0.016602 0.023148
0 0.883911 0.622454 0.022217 0.034722
0 0.845093 0.671065 0.014893 0.027315
0 0.987183 0.781019 0.025635 0.039815
0 0.946289 0.806944 0.028809 0.033333
0 0.871948 0.910880 0.025635 0.030093
0 0.934814 0.897685 0.018555 0.033333