0 0.070801 0.035648 0.025879 0.047222
0 0.029419 0.145833 0.012939 0.015741
0 0.022583 0.261806 0.014893 0.019907
0 0.279785 0.085185 0.020020 0.038889
0 0.399780 0.130556 0.014893 0.037037
0 0.364868 0.204167 0.018799 0.046296
0 0.243286 0.183796 0.018799 0.035185
0 0.203979 0.277083 0.021240 0.041204
0 0.320068 0.314120 0.018555 0.036574
0 0.293823 0.431250 0.019775 0.031944
0 0.162354 0.412500 0.024902 0.031481
0 0.128662 0.515046 0.023926 0.038426
0 0.252075 0.540046 0.015869 0.031944
0 0.402100 0.606019 0.020996 0.037037
0 0.088989 0.598611 0.013428 0.025926
0 0.054810 0.701157 0.023682 0.032870
0 0.216675 0.683102 0.019775 0.035648
0 0.368774 0.728241 0.012451 0.030556
0 0.339355 0.839120 0.013672 0.033796
0 0.135986 0.865509 0.031250 0.039352
0 0.012573 0.825926 0.024658 0.034259
0 0.301758 0.938426 0.017578 0.039815
0 0.097412 0.981944 0.022949 0.036111
0 0.410278 0.992824 0.013916 0.014352
0 0.446411 0.878704 0.017334 0.029630
0 0.487183 0.786806 0.018799 0.039352
0 0.639648 0.960417 0.020996 0.042130
0 0.669800 0.801620 0.022705 0.047685
0 0.535400 0.665278 0.016602 0.029630
0 0.560059 0.565741 0.019531 0.036111
0 0.441284 0.512269 0.018799 0.031944
0 0.597534 0.465046 0.020752 0.033796
0 0.471313 0.389120 0.018799 0.035648
0 0.616699 0.334259 0.020508 0.040741
0 0.504639 0.273380 0.018066 0.036574
0 0.657593 0.228935 0.017822 0.035648
0 0.550049 0.186806 0.024902 0.043056
0 0.562622 0.085185 0.014404 0.037963
0 0.437744 0.029398 0.016602 0.037500
0 0.719116 0.031481 0.018311 0.031481
0 0.682495 0.123380 0.019775 0.043056
0 0.886841 0.079167 0.023193 0.040741
0 0.871826 0.179167 0.013184 0.029630
0 0.988281 0.226389 0.023438 0.039815
0 0.824829 0.292593 0.015869 0.037963
0 0.803345 0.367824 0.014404 0.031019
0 0.953247 0.331250 0.028076 0.036574
0 0.922119 0.393519 0.023438 0.036111
0 0.764893 0.495139 0.020996 0.032870
0 0.940063 0.481019 0.016846 0.027778
0 0.889648 0.548611 0.020508 0.034259
0 0.844482 0.630787 0.021973 0.032870
0 0.736938 0.601620 0.008057 0.024537
0 0.701172 0.702315 0.008789 0.015741
0 0.824097 0.749769 0.017334 0.036574
0 0.994385 0.759722 0.011230 0.038889
0 0.797363 0.884491 0.023438 0.038426
0 0.977417 0.881019 0.019287 0.036111
0 0.754395 0.975231 0.028320 0.038426
0 0.941162 0.983102 0.029785 0.033796