0 0.018311 0.068287 0.017578 0.042130
0 0.012451 0.210417 0.024414 0.046759
0 0.195679 0.102315 0.006104 0.029630
0 0.187622 0.212963 0.025146 0.034259
0 0.170776 0.337963 0.021240 0.037037
0 0.331665 0.067824 0.016846 0.039352
0 0.315552 0.186343 0.018799 0.039352
0 0.291992 0.274769 0.019531 0.050463
0 0.269287 0.411343 0.019531 0.037500
0 0.152710 0.452778 0.021729 0.041667
0 0.266357 0.543287 0.021484 0.041204
0 0.135132 0.605556 0.028076 0.039815
0 0.244263 0.672454 0.014893 0.030093
0 0.120728 0.731250 0.026611 0.041204
0 0.236572 0.832176 0.021973 0.040278
0 0.096191 0.839120 0.020020 0.034722
0 0.083496 0.959954 0.024902 0.045833
0 0.368652 0.996065 0.008301 0.007870
0 0.383789 0.900463 0.014648 0.038889
0 0.389893 0.777778 0.015625 0.037963
0 0.483398 0.991667 0.018555 0.016667
0 0.492920 0.864352 0.016113 0.034259
0 0.514404 0.749537 0.021484 0.042593
0 0.401123 0.638194 0.021973 0.043056
0 0.536133 0.606481 0.020508 0.037037
0 0.421265 0.523611 0.020752 0.044444
0 0.541382 0.494676 0.017822 0.034722
0 0.427490 0.383102 0.015625 0.036574
0 0.559204 0.375926 0.016357 0.040741
0 0.437866 0.256019 0.018799 0.037963
0 0.554321 0.239352 0.018311 0.039815
0 0.465698 0.140046 0.019287 0.045833
0 0.575073 0.113657 0.020264 0.041204
0 0.457520 0.040741 0.016113 0.035185
0 0.581177 0.011111 0.019775 0.021296
0 0.742920 0.074769 0.017578 0.033796
0 0.720337 0.297685 0.019775 0.042593
0 0.714355 0.412500 0.011719 0.037037
0 0.697266 0.531713 0.010742 0.018056
0 0.687012 0.644907 0.022461 0.042593
0 0.685059 0.805324 0.025391 0.041204
0 0.661133 0.910880 0.021484 0.046759
0 0.787598 0.882639 0.025879 0.043056
0 0.943848 0.916435 0.012207 0.032870
0 0.969727 0.763426 0.022949 0.034259
0 0.796631 0.750000 0.025879 0.043519
0 0.820190 0.637963 0.023193 0.046296
0 0.968872 0.638657 0.021240 0.038426
0 0.983276 0.519907 0.019287 0.030556
0 0.817871 0.375926 0.020508 0.034259
0 0.818970 0.496991 0.014893 0.043056
0 0.984741 0.391435 0.021240 0.042130
0 0.879028 0.174074 0.016846 0.032407
0 0.991089 0.256019 0.016846 0.047222
0 0.844727 0.270370 0.015625 0.043519
0 0.848511 0.103241 0.017334 0.038889
0 0.867188 0.027083 0.028320 0.047685
0 0.997559 0.050694 0.004883 0.018981