0 0.054321 0.069676 0.015381 0.018981
0 0.304932 0.049306 0.020020 0.041204
0 0.384644 0.181250 0.020752 0.055093
0 0.264282 0.142361 0.017334 0.040278
0 0.223022 0.228472 0.020264 0.039352
0 0.042603 0.185417 0.015381 0.023611
0 0.006836 0.286574 0.013184 0.037037
0 0.175537 0.353009 0.023926 0.033796
0 0.335815 0.284491 0.018799 0.038426
0 0.304932 0.396991 0.016602 0.032870
0 0.137451 0.452778 0.023438 0.038889
0 0.258545 0.496759 0.016602 0.028704
0 0.403442 0.588194 0.014893 0.039352
0 0.217285 0.634028 0.019531 0.032870
0 0.094116 0.530556 0.016357 0.027778
0 0.056152 0.628704 0.026855 0.036111
0 0.364624 0.701852 0.013428 0.035185
0 0.130737 0.802546 0.023682 0.033796
0 0.009277 0.746065 0.018066 0.039352
0 0.332397 0.810648 0.017822 0.037037
0 0.291260 0.900694 0.019043 0.043056
0 0.087036 0.916667 0.029053 0.037963
0 0.398193 0.982639 0.018066 0.034722
0 0.626465 0.973380 0.023438 0.041204
0 0.738403 0.993519 0.019775 0.012963
0 0.663086 0.821065 0.022461 0.042130
0 0.698242 0.728704 0.008789 0.013889
0 0.440674 0.866898 0.012207 0.024537
0 0.482422 0.778935 0.020508 0.043981
0 0.533813 0.666667 0.016846 0.030556
0 0.740967 0.631250 0.008301 0.024537
0 0.564209 0.569907 0.019043 0.041667
0 0.771484 0.531713 0.020508 0.037500
0 0.446533 0.502778 0.019043 0.039815
0 0.606323 0.474074 0.019287 0.029630
0 0.482910 0.378009 0.018555 0.031944
0 0.629517 0.349537 0.021240 0.042593
0 0.521118 0.270602 0.018311 0.035648
0 0.676392 0.247222 0.017334 0.034259
0 0.570557 0.187500 0.023438 0.042593
0 0.705200 0.149537 0.020264 0.041667
0 0.584717 0.091435 0.015625 0.035648
0 0.424316 0.111806 0.018555 0.031019
0 0.744751 0.070602 0.020264 0.018981
0 0.911377 0.137269 0.023926 0.045833
0 0.892456 0.230093 0.010010 0.032407
0 0.997437 0.298148 0.005127 0.019444
0 0.840820 0.340278 0.012207 0.033333
0 0.968140 0.398843 0.030029 0.039352
0 0.815796 0.413194 0.017822 0.027315
0 0.934692 0.453472 0.026123 0.037500
0 0.942871 0.540741 0.023926 0.036111
0 0.894775 0.605093 0.022949 0.034259
0 0.845825 0.681019 0.018311 0.034259
0 0.816895 0.789815 0.020020 0.030556
0 0.993286 0.834259 0.013428 0.050926
0 0.788452 0.924306 0.024170 0.042130
0 0.968750 0.950694 0.020020 0.032870
0 0.465332 0.017824 0.013184 0.031944