0 0.285889 0.200926 0.011230 0.025926
0 0.342285 0.336343 0.012207 0.026389
0 0.338379 0.427778 0.008789 0.023148
0 0.329590 0.572685 0.011230 0.028704
0 0.251099 0.589120 0.011475 0.022685
0 0.207031 0.551389 0.013672 0.022222
0 0.209717 0.506250 0.015137 0.027315
0 0.219116 0.399537 0.016846 0.025926
0 0.141968 0.457639 0.012451 0.025463
0 0.121948 0.574769 0.016846 0.026389
0 0.113525 0.620833 0.014160 0.024074
0 0.103394 0.670139 0.016846 0.032870
0 0.097534 0.752546 0.017822 0.025463
0 0.252075 0.700231 0.010498 0.020833
0 0.200317 0.607176 0.014404 0.030093
0 0.020874 0.427778 0.012451 0.022222
0 0.346191 0.210417 0.012207 0.024537
0 0.344604 0.243056 0.011963 0.023148
0 0.276489 0.340509 0.010498 0.026389
0 0.263550 0.469676 0.011475 0.028241
0 0.234497 0.229630 0.013916 0.021296
0 0.231201 0.261111 0.013184 0.024074
0 0.321167 0.773380 0.011475 0.022685
0 0.332275 0.654630 0.012207 0.022222
0 0.390747 0.749537 0.011475 0.025926
0 0.383179 0.681713 0.010498 0.027315
0 0.390137 0.614583 0.011230 0.025463
0 0.393311 0.365741 0.011230 0.024074
0 0.395508 0.279630 0.009766 0.021296
0 0.383911 0.820602 0.010498 0.023611
0 0.466797 0.771759 0.014160 0.024074
0 0.461670 0.706481 0.010254 0.026852
0 0.463745 0.592130 0.012451 0.026852
0 0.462769 0.540509 0.010498 0.026389
0 0.459961 0.490972 0.010254 0.022685
0 0.458374 0.438426 0.010986 0.030556
0 0.463745 0.346296 0.011475 0.024074
0 0.463379 0.300231 0.012207 0.030093
0 0.460938 0.252315 0.007812 0.024074
0 0.455444 0.215046 0.010986 0.025463
0 0.457397 0.167593 0.011963 0.026852
0 0.505127 0.232639 0.013184 0.026389
0 0.505493 0.331019 0.011475 0.018519
0 0.509644 0.407176 0.011475 0.023611
0 0.517212 0.563426 0.012451 0.027778
0 0.520630 0.741898 0.013428 0.024537
0 0.469727 0.837963 0.010742 0.025926
0 0.525146 0.870602 0.012207 0.023611
0 0.524902 0.933796 0.012207 0.026852
0 0.472046 0.978009 0.011963 0.025463
0 0.374023 0.947685 0.012695 0.025926
0 0.312988 0.906713 0.011719 0.024537
0 0.233643 0.956481 0.016113 0.029630
0 0.234253 0.875000 0.013916 0.022222
0 0.177002 0.855093 0.018555 0.025926
0 0.086548 0.879398 0.016357 0.023611
0 0.064941 0.949769 0.017090 0.029167
0 0.596924 0.608565 0.011719 0.020833
0 0.596069 0.671296 0.010986 0.022222
0 0.610352 0.781713 0.011230 0.031019
0 0.616211 0.923611 0.015137 0.026852
0 0.664673 0.811574 0.011475 0.029630
0 0.652710 0.577546 0.012939 0.030093
0 0.635742 0.477315 0.010742 0.024074
0 0.621094 0.366204 0.011230 0.033333
0 0.312744 0.974537 0.016113 0.029630
0 0.572266 0.231944 0.009766 0.024074
0 0.579956 0.310880 0.010986 0.018056
0 0.751465 0.852315 0.013672 0.026852
0 0.765503 0.979167 0.015381 0.035185
0 0.763306 0.918750 0.018799 0.037500
0 0.736694 0.723380 0.014893 0.029167
0 0.789795 0.692130 0.012695 0.025926
0 0.779541 0.631250 0.014160 0.022685
0 0.766479 0.531481 0.015869 0.027778
0 0.725342 0.543056 0.016113 0.030556
0 0.711792 0.512269 0.012939 0.021759
0 0.643555 0.631250 0.012695 0.028241
0 0.657471 0.690046 0.010254 0.028241
0 0.824097 0.944213 0.017334 0.031019
0 0.807617 0.863657 0.014160 0.034722
0 0.790161 0.738889 0.013916 0.028704
0 0.856812 0.618981 0.016846 0.029630
0 0.852295 0.566435 0.017090 0.027315
0 0.841309 0.505324 0.018555 0.028241
0 0.899414 0.568981 0.011719 0.027778
0 0.864746 0.669213 0.016113 0.031019
0 0.875488 0.726620 0.019043 0.029167
0 0.885132 0.794213 0.015869 0.031944
0 0.894043 0.853472 0.019043 0.031019
0 0.898926 0.934722 0.019531 0.030556
0 0.969482 0.948843 0.018555 0.031019
0 0.962646 0.883796 0.017578 0.032407
0 0.987671 0.647685 0.018799 0.028704
0 0.977661 0.587731 0.020264 0.032870
0 0.861938 0.374537 0.011963 0.030556
0 0.824585 0.404398 0.012451 0.030093
0 0.751343 0.426620 0.010986 0.028241
0 0.756714 0.481250 0.011475 0.023611
0 0.675171 0.160880 0.010498 0.024537
0 0.721680 0.208796 0.009766 0.027778
0 0.784668 0.113426 0.010254 0.024074
0 0.910522 0.297917 0.016846 0.021759
0 0.948975 0.473611 0.018555 0.024074
0 0.969727 0.356944 0.016602 0.025926
0 0.683838 0.196296 0.009766 0.027778
0 0.619385 0.253241 0.010254 0.024074
0 0.813599 0.313657 0.012939 0.031019
0 0.838745 0.250694 0.011475 0.020833
0 0.852905 0.281713 0.012451 0.024537
0 0.994995 0.457639 0.010010 0.019907
0 0.594849 0.553704 0.012451 0.025926
0 0.591187 0.498148 0.012451 0.027778
0 0.586670 0.447917 0.012695 0.030093
0 0.062744 0.208565 0.009766 0.016204
0 0.073364 0.106713 0.009521 0.018981
0 0.061890 0.587963 0.015381 0.023148
0 0.145508 0.365509 0.013184 0.019907
0 0.153076 0.310185 0.014160 0.024074
0 0.090332 0.815741 0.013672 0.024074
0 0.176147 0.941204 0.015381 0.023148
0 0.281128 0.239583 0.009521 0.028241
0 0.276367 0.290278 0.006836 0.021296
0 0.323730 0.710648 0.009766 0.018519
0 0.332642 0.491435 0.009521 0.019907
0 0.352417 0.114120 0.010498 0.027315
0 0.398071 0.109954 0.010010 0.026389
0 0.522461 0.801620 0.011719 0.020833
0 0.515015 0.621065 0.010986 0.023611
0 0.667725 0.873148 0.009766 0.024074
0 0.675415 0.958102 0.013916 0.031019
0 0.687866 0.276852 0.011475 0.021296
0 0.726929 0.254861 0.012939 0.021759
0 0.626099 0.328935 0.010986 0.023611
0 0.677002 0.117593 0.010742 0.024074
0 0.707642 0.134259 0.008057 0.025926
0 0.911377 0.640046 0.016602 0.030093
0 0.883545 0.478472 0.013672 0.024537
0 0.860107 0.333102 0.010742 0.031944
0 0.820435 0.137269 0.012939 0.029167
0 0.945435 0.422917 0.021729 0.022685
0 0.288818 0.133333 0.008301 0.024074
0 0.378540 0.868519 0.012451 0.025926
0 0.459473 0.105324 0.010254 0.024537
0 0.966431 0.546296 0.020752 0.020370
0 0.241333 0.816898 0.012451 0.023611
0 0.180054 0.787037 0.015869 0.025000
0 0.339966 0.530324 0.010986 0.021759
0 0.390381 0.462500 0.012695 0.025926
0 0.506104 0.164120 0.011230 0.024537
0 0.511230 0.516204 0.010254 0.027778
0 0.071167 0.483565 0.014893 0.025463
0 0.087402 0.437731 0.011230 0.019907
0 0.463135 0.909491 0.011230 0.025463
0 0.606567 0.729167 0.009521 0.026852
0 0.613403 0.169676 0.009521 0.023611
0 0.711548 0.094444 0.008545 0.025000
0 0.566406 0.115509 0.011230 0.020833
0 0.272339 0.374074 0.008545 0.020370
0 0.623779 0.206250 0.010254 0.026389
0 0.770020 0.056944 0.015625 0.025926
0 0.042725 0.712037 0.015625 0.026852
0 0.188721 0.045833 0.010742 0.021296
0 0.217896 0.447685 0.011963 0.023148
0 0.799927 0.040972 0.014404 0.026389
0 0.008179 0.981250 0.015869 0.022685
0 0.114258 0.204167 0.008789 0.017593
0 0.341919 0.290046 0.009521 0.020833
0 0.576904 0.272685 0.010254 0.024074
0 0.047241 0.254167 0.010986 0.017593
0 0.597656 0.026389 0.011719 0.018519
0 0.634766 0.424306 0.007812 0.021759
0 0.937378 0.184259 0.011963 0.037963
0 0.701294 0.412963 0.013428 0.026852
0 0.245117 0.029398 0.009277 0.017130
0 0.399170 0.011343 0.009766 0.021759
0 0.570068 0.015046 0.012207 0.019907
0 0.922607 0.702778 0.014160 0.028704
0 0.295166 0.010185 0.012207 0.017593
0 0.356567 0.024537 0.009521 0.017593
0 0.500854 0.063194 0.012451 0.024537
0 0.297974 0.056019 0.010010 0.021296
0 0.710693 0.451620 0.014648 0.021759
0 0.517334 0.679861 0.010742 0.023611