0 0.030518 0.091667 0.020508 0.042593
0 0.022339 0.231481 0.026123 0.038889
0 0.214600 0.015509 0.016113 0.030093
0 0.205688 0.128472 0.008545 0.019907
0 0.342651 0.097917 0.017822 0.034722
0 0.322632 0.215741 0.014893 0.034259
0 0.199341 0.243287 0.024170 0.032870
0 0.301636 0.309259 0.019287 0.045370
0 0.180176 0.364120 0.023438 0.031944
0 0.276611 0.441435 0.020508 0.038426
0 0.159424 0.475694 0.022461 0.036574
0 0.272827 0.571065 0.020752 0.036574
0 0.142212 0.631250 0.024658 0.033796
0 0.249390 0.700463 0.017334 0.028704
0 0.128418 0.753009 0.027344 0.040278
0 0.241943 0.862269 0.020508 0.040278
0 0.102417 0.858102 0.016846 0.034722
0 0.086426 0.982176 0.026367 0.035648
0 0.386841 0.934259 0.017822 0.037037
0 0.497314 0.903704 0.014648 0.026852
0 0.519409 0.789583 0.019287 0.039352
0 0.395264 0.810417 0.012207 0.034722
0 0.407104 0.673843 0.018799 0.041204
0 0.662842 0.956250 0.022461 0.051389
0 0.692749 0.859722 0.019287 0.038889
0 0.692871 0.692130 0.020996 0.038889
0 0.705322 0.574769 0.006836 0.015278
0 0.541992 0.644213 0.016602 0.029167
0 0.427246 0.559722 0.018555 0.033333
0 0.549805 0.533796 0.017090 0.031481
0 0.723389 0.459491 0.009277 0.028241
0 0.729492 0.343519 0.020996 0.037037
0 0.568726 0.414120 0.017334 0.037500
0 0.435913 0.422454 0.018311 0.042130
0 0.447754 0.290972 0.020996 0.037500
0 0.565552 0.280556 0.019287 0.039815
0 0.586914 0.155556 0.020020 0.037963
0 0.475586 0.179861 0.022461 0.044907
0 0.469116 0.074769 0.013428 0.030093
0 0.591675 0.038657 0.018799 0.047685
0 0.751953 0.117361 0.017578 0.031019
0 0.742188 0.200463 0.013184 0.030556
0 0.879639 0.078704 0.025879 0.047222
0 0.859497 0.150926 0.020264 0.036111
0 0.888916 0.224074 0.018066 0.029630
0 0.995850 0.310880 0.008301 0.037500
0 0.855103 0.319907 0.019287 0.041667
0 0.828125 0.425000 0.019531 0.033333
0 0.990845 0.446065 0.018311 0.043056
0 0.826172 0.544676 0.017090 0.035648
0 0.990601 0.575231 0.017822 0.032870
0 0.826172 0.686343 0.022949 0.041204
0 0.975342 0.693750 0.026367 0.039352
0 0.801758 0.800231 0.025879 0.037500
0 0.975708 0.817593 0.031982 0.043519
0 0.790161 0.934028 0.024658 0.044907
0 0.952637 0.971065 0.029297 0.040278