0 0.080933 0.014352 0.007568 0.012963
0 0.069092 0.043056 0.006836 0.018519
0 0.026611 0.284722 0.009766 0.013889
0 0.034912 0.228009 0.009766 0.018056
0 0.151978 0.214120 0.009521 0.018981
0 0.127075 0.115741 0.008545 0.018519
0 0.010742 0.405324 0.009766 0.017130
0 0.127441 0.088194 0.009277 0.018981
0 0.068115 0.403935 0.012695 0.017130
0 0.183105 0.019676 0.006836 0.018981
0 0.176147 0.047685 0.008545 0.022222
0 0.179688 0.124074 0.006348 0.013889
0 0.144897 0.296065 0.007568 0.019907
0 0.130493 0.334722 0.007080 0.020370
0 0.112305 0.478935 0.007812 0.016204
0 0.236816 0.044213 0.008301 0.016204
0 0.229492 0.119444 0.008301 0.013889
0 0.214233 0.193981 0.008545 0.014815
0 0.207886 0.320139 0.008545 0.024537
0 0.195435 0.425463 0.008545 0.016667
0 0.192261 0.469907 0.010498 0.018519
0 0.244629 0.502778 0.009766 0.017593
0 0.250366 0.441898 0.009033 0.018056
0 0.254639 0.396528 0.009766 0.019907
0 0.257324 0.308796 0.008301 0.019444
0 0.270142 0.224537 0.008057 0.015741
0 0.265991 0.168519 0.009521 0.020370
0 0.274536 0.112963 0.009521 0.016667
0 0.280518 0.080556 0.008301 0.018519
0 0.284790 0.037269 0.007080 0.017130
0 0.341797 0.030556 0.008789 0.015741
0 0.333740 0.185185 0.007812 0.016667
0 0.328125 0.298148 0.007812 0.020370
0 0.319824 0.408333 0.010254 0.018519
0 0.317627 0.444444 0.009277 0.020370
0 0.372681 0.485880 0.007080 0.016204
0 0.376587 0.287269 0.008545 0.020833
0 0.375244 0.239815 0.007812 0.019444
0 0.379150 0.174074 0.006836 0.017593
0 0.384277 0.086574 0.008301 0.022222
0 0.449097 0.086806 0.007080 0.022685
0 0.446899 0.128472 0.007080 0.018056
0 0.444458 0.281019 0.007568 0.018519
0 0.441895 0.355324 0.008789 0.024537
0 0.438843 0.411574 0.009521 0.018519
0 0.444458 0.457176 0.006104 0.020833
0 0.446533 0.513657 0.007324 0.019907
0 0.031250 0.681944 0.011719 0.014815
0 0.051025 0.551389 0.011719 0.020370
0 0.091187 0.702778 0.011963 0.022222
0 0.096680 0.594213 0.011719 0.017130
0 0.106567 0.528704 0.011475 0.018519
0 0.013306 0.740741 0.014893 0.015741
0 0.064819 0.843519 0.014404 0.019444
0 0.056030 0.903472 0.013428 0.018056
0 0.153320 0.885880 0.013184 0.017130
0 0.163818 0.761111 0.011719 0.017593
0 0.159912 0.815741 0.011719 0.014815
0 0.175903 0.633333 0.011475 0.015741
0 0.174438 0.687963 0.010498 0.015741
0 0.177368 0.571528 0.011475 0.013426
0 0.192627 0.524769 0.011230 0.017130
0 0.241211 0.555324 0.010254 0.017130
0 0.236938 0.603935 0.007568 0.017130
0 0.232422 0.659954 0.006348 0.018981
0 0.225220 0.718981 0.013428 0.018519
0 0.208618 0.859259 0.013428 0.019444
0 0.296021 0.943287 0.009033 0.021759
0 0.295532 0.847222 0.010498 0.024074
0 0.307007 0.789815 0.008545 0.019444
0 0.300415 0.741667 0.009521 0.017593
0 0.306030 0.664815 0.010986 0.022222
0 0.313232 0.556250 0.010254 0.019907
0 0.369141 0.590509 0.008789 0.019907
0 0.363159 0.709954 0.010010 0.019907
0 0.361572 0.891898 0.010254 0.018056
0 0.443481 0.865278 0.008545 0.019444
0 0.443726 0.795370 0.006592 0.016667
0 0.439941 0.736111 0.008301 0.018519
0 0.438843 0.675463 0.008545 0.020370
0 0.445679 0.565509 0.007080 0.018981
0 0.502075 0.830324 0.010010 0.019907
0 0.500977 0.901620 0.008789 0.018056
0 0.495117 0.640741 0.008301 0.018519
0 0.496216 0.774306 0.009521 0.018056
0 0.492676 0.546991 0.006348 0.017130
0 0.492554 0.432407 0.007568 0.021296
0 0.590820 0.954398 0.009277 0.020833
0 0.591919 0.880787 0.009033 0.020833
0 0.588501 0.814352 0.009033 0.020370
0 0.585693 0.746528 0.007812 0.018056
0 0.580078 0.695370 0.008789 0.018519
0 0.571411 0.578472 0.009521 0.019907
0 0.573364 0.524074 0.006592 0.018519
0 0.569336 0.481481 0.006348 0.019444
0 0.565186 0.427778 0.006836 0.016667
0 0.617920 0.450000 0.006836 0.017593
0 0.619995 0.506944 0.006592 0.016667
0 0.623779 0.542130 0.006348 0.019444
0 0.619019 0.587037 0.008057 0.018519
0 0.634277 0.719676 0.008301 0.018056
0 0.653076 0.841667 0.011719 0.022222
0 0.642334 0.912963 0.009277 0.017593
0 0.734985 0.884491 0.010010 0.019907
0 0.733032 0.807407 0.010986 0.022222
0 0.719971 0.763426 0.008789 0.015741
0 0.715210 0.688194 0.008545 0.019907
0 0.707153 0.647222 0.010498 0.019444
0 0.699585 0.584722 0.009033 0.015741
0 0.691162 0.485648 0.006348 0.016667
0 0.734619 0.458102 0.010742 0.018056
0 0.762329 0.662731 0.009521 0.018056
0 0.766479 0.726157 0.010498 0.018056
0 0.779175 0.790046 0.012451 0.028241
0 0.783813 0.839583 0.006592 0.015278
0 0.794434 0.907639 0.009277 0.017130
0 0.830078 0.529167 0.011719 0.019444
0 0.878906 0.890741 0.010742 0.016667
0 0.938965 0.922685 0.014648 0.018519
0 0.873535 0.831713 0.013184 0.018056
0 0.860474 0.759491 0.010498 0.017130
0 0.841309 0.638889 0.010254 0.018519
0 0.856934 0.454861 0.009766 0.017130
0 0.871704 0.493750 0.008545 0.018981
0 0.881714 0.603704 0.011963 0.022222
0 0.907471 0.726620 0.012695 0.018056
0 0.926880 0.838426 0.011963 0.019444
0 0.880615 0.554861 0.007812 0.017130
0 0.935913 0.507639 0.010498 0.018056
0 0.959961 0.609028 0.008301 0.014352
0 0.973267 0.659491 0.009033 0.020833
0 0.978638 0.716435 0.010010 0.018056
0 0.947998 0.022454 0.007324 0.018981
0 0.910156 0.180787 0.007324 0.015278
0 0.844482 0.032870 0.007324 0.014815
0 0.847168 0.063194 0.006348 0.019907
0 0.859375 0.095139 0.006348 0.016204
0 0.862427 0.120833 0.006104 0.011111
0 0.881470 0.204630 0.006104 0.013889
0 0.812378 0.194676 0.007568 0.014352
0 0.906006 0.323380 0.010254 0.015278
0 0.961792 0.377083 0.010498 0.020833
0 0.935303 0.263889 0.012207 0.020370
0 0.918335 0.406944 0.006592 0.011111
0 0.834473 0.315509 0.009277 0.014352
0 0.841187 0.356250 0.008057 0.019907
0 0.808350 0.386574 0.008301 0.013889
0 0.729736 0.401620 0.008789 0.017130
0 0.725952 0.346296 0.007568 0.022222
0 0.713135 0.311574 0.007324 0.016667
0 0.717163 0.266667 0.007080 0.018519
0 0.703735 0.155556 0.005615 0.019444
0 0.691650 0.086574 0.006348 0.018519
0 0.659912 0.146991 0.006836 0.013426
0 0.679077 0.294444 0.007080 0.019444
0 0.677490 0.345833 0.005859 0.018519
0 0.686646 0.383102 0.006592 0.018981
0 0.622070 0.398611 0.005371 0.014815
0 0.610352 0.352546 0.005371 0.016204
0 0.607178 0.305556 0.004395 0.015741
0 0.559814 0.290046 0.006836 0.012500
0 0.559082 0.246991 0.004883 0.016204
0 0.564453 0.175000 0.006348 0.015741
0 0.593140 0.183565 0.007568 0.015278
0 0.597778 0.144213 0.007568 0.017130
0 0.774536 0.177083 0.007568 0.018056
0 0.779419 0.220833 0.008057 0.021296
0 0.796265 0.298611 0.008545 0.017593
0 0.762085 0.062731 0.007080 0.019907
0 0.758789 0.036574 0.006348 0.016667
0 0.657227 0.024074 0.007812 0.020370
0 0.661377 0.099769 0.007812 0.019907
0 0.665649 0.214120 0.006104 0.018981
0 0.665405 0.184954 0.007080 0.018056
0 0.602295 0.257639 0.006348 0.019907
0 0.597168 0.108565 0.006836 0.017130
0 0.559692 0.125463 0.006592 0.015741
0 0.559570 0.095602 0.006836 0.018056
0 0.556641 0.063889 0.005371 0.020370
0 0.562500 0.211806 0.007324 0.017130
0 0.769531 0.145370 0.006348 0.016667
0 0.801147 0.132870 0.007568 0.016667
0 0.983765 0.127315 0.012451 0.019444
0 0.791260 0.054630 0.007324 0.019444
0 0.488892 0.228009 0.006592 0.013426
0 0.488647 0.069444 0.006104 0.018519
0 0.496460 0.036343 0.004639 0.014352
0 0.493896 0.348611 0.007812 0.018519
0 0.571533 0.381481 0.007324 0.011111
0 0.112427 0.189120 0.008545 0.014352
0 0.369507 0.428472 0.009521 0.018981
0 0.488403 0.172917 0.005615 0.020833
0 0.716919 0.227083 0.006104 0.017130
0 0.691528 0.053472 0.003662 0.019907
0 0.849121 0.396759 0.008789 0.023148
0 0.853394 0.703704 0.008057 0.015741
0 0.746338 0.556250 0.007324 0.016204
0 0.686279 0.441898 0.008789 0.019907
0 0.315552 0.499769 0.010498 0.018056
0 0.038330 0.623611 0.011230 0.018519
0 0.333252 0.222222 0.009277 0.019444
0 0.439453 0.321528 0.006836 0.017130
0 0.448486 0.056250 0.008301 0.021759
0 0.382568 0.212500 0.005371 0.016667
0 0.447266 0.169444 0.005371 0.014815
0 0.359497 0.823611 0.008057 0.020370
0 0.593750 0.223380 0.007324 0.015278
0 0.887695 0.243750 0.007812 0.014352
0 0.985352 0.475694 0.007812 0.019907
0 0.143799 0.957407 0.013184 0.016667
0 0.890503 0.959954 0.008057 0.020833
0 0.040771 0.964815 0.015137 0.020370
0 0.804688 0.981481 0.012207 0.020370
0 0.352539 0.985417 0.012695 0.023611
0 0.208130 0.993981 0.010986 0.012037
0 0.659180 0.984028 0.008789 0.020833