0 0.015259 0.068519 0.019287 0.050000
0 0.011841 0.212500 0.023193 0.048148
0 0.083618 0.957870 0.025146 0.037037
0 0.119995 0.730556 0.028076 0.039815
0 0.132690 0.607407 0.025635 0.036111
0 0.150146 0.451157 0.024414 0.041204
0 0.169067 0.338194 0.021240 0.034722
0 0.186157 0.214583 0.024658 0.032870
0 0.328857 0.063657 0.017578 0.038426
0 0.312500 0.183796 0.019043 0.038889
0 0.289551 0.271528 0.021484 0.049537
0 0.267334 0.412037 0.021973 0.038889
0 0.265259 0.538889 0.019775 0.039815
0 0.242065 0.670370 0.016357 0.036111
0 0.236572 0.831944 0.020996 0.039815
0 0.382080 0.897454 0.020508 0.035648
0 0.483887 0.991898 0.020996 0.016204
0 0.491943 0.860648 0.019531 0.037037
0 0.387573 0.775463 0.017334 0.031481
0 0.398071 0.633565 0.018799 0.037500
0 0.511841 0.746759 0.019775 0.035185
0 0.535645 0.604167 0.015625 0.033333
0 0.419067 0.521296 0.018799 0.034259
0 0.540894 0.491667 0.017334 0.031481
0 0.425049 0.380093 0.015625 0.041667
0 0.557495 0.373148 0.016846 0.037037
0 0.435059 0.253241 0.021973 0.038889
0 0.552856 0.236806 0.018311 0.042130
0 0.463501 0.137963 0.021729 0.048148
0 0.572632 0.110648 0.019287 0.037037
0 0.457275 0.036343 0.015625 0.033796
0 0.577637 0.008565 0.017578 0.016204
0 0.739746 0.069907 0.015625 0.036111
0 0.865723 0.023843 0.027832 0.046759
0 0.848877 0.092361 0.023438 0.046759
0 0.876221 0.168287 0.018555 0.037500
0 0.997192 0.046296 0.005615 0.037963
0 0.990601 0.242361 0.018799 0.043981
0 0.845947 0.264352 0.017090 0.037963
0 0.718994 0.294444 0.021484 0.038889
0 0.816895 0.370833 0.019531 0.038889
0 0.712646 0.408565 0.014648 0.030093
0 0.986572 0.388657 0.026855 0.049537
0 0.818359 0.493056 0.021484 0.037037
0 0.981079 0.512963 0.017334 0.037037
0 0.687134 0.641204 0.024170 0.040741
0 0.818481 0.633565 0.019287 0.040278
0 0.967773 0.634028 0.023926 0.045833
0 0.793701 0.746528 0.028320 0.041204
0 0.686279 0.805556 0.025879 0.039815
0 0.966675 0.757176 0.027100 0.034722
0 0.660400 0.906713 0.024414 0.046759
0 0.784180 0.874537 0.025879 0.041667
0 0.951782 0.913194 0.032471 0.042130
0 0.192017 0.098843 0.010010 0.027315
0 0.695068 0.527778 0.007812 0.015741