0 0.079468 0.018519 0.007568 0.012963
0 0.067627 0.048148 0.006836 0.018519
0 0.023682 0.285648 0.009766 0.013889
0 0.034424 0.235417 0.009766 0.018056
0 0.150757 0.219213 0.009521 0.018981
0 0.126343 0.121759 0.008545 0.018519
0 0.010010 0.410417 0.009766 0.017130
0 0.126221 0.092824 0.009277 0.018981
0 0.067139 0.409491 0.012695 0.017130
0 0.181274 0.021065 0.007568 0.020833
0 0.175659 0.052315 0.008545 0.022222
0 0.179688 0.129167 0.006348 0.013889
0 0.144897 0.298380 0.007568 0.019907
0 0.130005 0.340741 0.007080 0.020370
0 0.110596 0.483565 0.007812 0.016204
0 0.236328 0.048843 0.008301 0.016204
0 0.228760 0.125000 0.008301 0.013889
0 0.212280 0.198148 0.008545 0.014815
0 0.206665 0.324769 0.008545 0.024537
0 0.195190 0.432870 0.008545 0.016667
0 0.191772 0.476852 0.010498 0.018519
0 0.243652 0.507870 0.009766 0.017593
0 0.249634 0.448380 0.009033 0.018056
0 0.253174 0.402083 0.009766 0.019907
0 0.256836 0.316204 0.008301 0.019444
0 0.269897 0.229167 0.008057 0.015741
0 0.265503 0.174074 0.009521 0.020370
0 0.273315 0.117130 0.009521 0.016667
0 0.280518 0.085185 0.008301 0.018519
0 0.284790 0.042361 0.007080 0.017130
0 0.287476 0.006019 0.009033 0.011111
0 0.341309 0.034722 0.008789 0.015741
0 0.333496 0.190741 0.007812 0.016667
0 0.327393 0.302315 0.007812 0.020370
0 0.318359 0.412037 0.010254 0.018519
0 0.316895 0.448611 0.009277 0.020370
0 0.371460 0.491435 0.007080 0.016204
0 0.376099 0.293287 0.008545 0.020833
0 0.374512 0.245139 0.005859 0.018981
0 0.378418 0.175926 0.006836 0.017593
0 0.383545 0.090278 0.008301 0.022222
0 0.449341 0.090972 0.007080 0.022685
0 0.446167 0.132639 0.007080 0.018056
0 0.444458 0.285185 0.007568 0.018519
0 0.440918 0.359491 0.008789 0.024537
0 0.438354 0.416204 0.009521 0.018519
0 0.444214 0.463657 0.006104 0.020833
0 0.445557 0.520139 0.007324 0.019907
0 0.030273 0.686574 0.011719 0.014815
0 0.050293 0.558796 0.011719 0.020370
0 0.089722 0.709722 0.011963 0.022222
0 0.095459 0.598843 0.011719 0.017130
0 0.105347 0.534722 0.011475 0.018519
0 0.011353 0.748148 0.014893 0.015741
0 0.063354 0.851852 0.014404 0.019444
0 0.054321 0.911343 0.013428 0.018056
0 0.151855 0.891435 0.013184 0.017130
0 0.162842 0.768981 0.011719 0.017593
0 0.159180 0.823611 0.011719 0.014815
0 0.174927 0.641204 0.011475 0.015741
0 0.173462 0.694444 0.010498 0.015741
0 0.176147 0.577083 0.011475 0.013426
0 0.191406 0.531250 0.011230 0.017130
0 0.239746 0.561343 0.010254 0.017130
0 0.234985 0.610417 0.007568 0.017130
0 0.231201 0.668287 0.006348 0.018981
0 0.224243 0.725926 0.013428 0.018519
0 0.207642 0.867593 0.013428 0.019444
0 0.296021 0.950694 0.009033 0.021759
0 0.294556 0.855556 0.010498 0.024074
0 0.306519 0.798611 0.008545 0.019444
0 0.299683 0.748611 0.009521 0.017593
0 0.305786 0.673148 0.010986 0.022222
0 0.312500 0.562269 0.010254 0.019907
0 0.368164 0.596065 0.008789 0.019907
0 0.362671 0.715509 0.010010 0.019907
0 0.361572 0.900694 0.010254 0.018056
0 0.442993 0.873148 0.008545 0.019444
0 0.443726 0.802315 0.006592 0.016667
0 0.439941 0.744444 0.008301 0.018519
0 0.438843 0.682870 0.008545 0.020370
0 0.445679 0.571991 0.007080 0.018981
0 0.502075 0.839583 0.010010 0.019907
0 0.500977 0.909954 0.008789 0.018056
0 0.494873 0.647222 0.008301 0.018519
0 0.495972 0.780787 0.009521 0.018056
0 0.492676 0.553472 0.006348 0.017130
0 0.492065 0.437500 0.007568 0.021296
0 0.590820 0.962269 0.009277 0.020833
0 0.591675 0.886343 0.009033 0.020833
0 0.588501 0.821296 0.009033 0.020370
0 0.584473 0.752546 0.007812 0.018056
0 0.580078 0.695370 0.008789 0.018519
0 0.571655 0.584028 0.009521 0.019907
0 0.573364 0.528704 0.006592 0.018519
0 0.569336 0.483796 0.006348 0.019444
0 0.565186 0.434722 0.006836 0.016667
0 0.617188 0.458333 0.006836 0.017593
0 0.619263 0.512963 0.006592 0.016667
0 0.624268 0.549537 0.006348 0.019444
0 0.619019 0.595370 0.008057 0.018519
0 0.635010 0.726620 0.008301 0.018056
0 0.653809 0.850463 0.011719 0.022222
0 0.642578 0.922222 0.009277 0.017593
0 0.734985 0.896528 0.010010 0.019907
0 0.733521 0.813889 0.010986 0.022222
0 0.719727 0.770370 0.008789 0.015741
0 0.716187 0.694213 0.008545 0.019907
0 0.707153 0.654167 0.010498 0.019444
0 0.700073 0.589352 0.009033 0.015741
0 0.692627 0.489815 0.006348 0.016667
0 0.735840 0.464583 0.010742 0.018056
0 0.763062 0.671065 0.009521 0.018056
0 0.768921 0.734491 0.010498 0.018056
0 0.780151 0.798380 0.012451 0.028241
0 0.785278 0.846528 0.006592 0.015278
0 0.795410 0.915509 0.009277 0.017130
0 0.829834 0.536111 0.011719 0.019444
0 0.879639 0.900463 0.010742 0.016667
0 0.941895 0.932870 0.014648 0.018519
0 0.874512 0.839120 0.013184 0.018056
0 0.861938 0.766435 0.010498 0.017130
0 0.842041 0.644907 0.010254 0.018519
0 0.857666 0.459028 0.009766 0.017130
0 0.873657 0.497917 0.008545 0.018981
0 0.883423 0.609259 0.011963 0.022222
0 0.908936 0.733565 0.012695 0.018056
0 0.926880 0.844907 0.011963 0.019444
0 0.881104 0.561806 0.007812 0.017130
0 0.936890 0.513194 0.010498 0.018056
0 0.962402 0.615972 0.008301 0.014352
0 0.974731 0.666435 0.009033 0.020833
0 0.979370 0.724769 0.010010 0.018056
0 0.948730 0.023843 0.007324 0.018981
0 0.911865 0.182176 0.007324 0.015278
0 0.845215 0.037037 0.007324 0.014815
0 0.849365 0.065046 0.006348 0.019907
0 0.862305 0.095602 0.006348 0.016204
0 0.864380 0.126389 0.006104 0.011111
0 0.882202 0.206944 0.006104 0.013889
0 0.813843 0.201620 0.007568 0.014352
0 0.907471 0.327083 0.010254 0.015278
0 0.964233 0.381713 0.010498 0.020833
0 0.936523 0.264815 0.012207 0.020370
0 0.918335 0.411111 0.006592 0.011111
0 0.835938 0.320139 0.009277 0.014352
0 0.841919 0.361343 0.008057 0.019907
0 0.809082 0.390741 0.008301 0.013889
0 0.730713 0.407176 0.008789 0.017130
0 0.727173 0.349537 0.007568 0.022222
0 0.714844 0.315741 0.007324 0.016667
0 0.716187 0.272222 0.007080 0.018519
0 0.703857 0.161111 0.005859 0.016667
0 0.693115 0.088426 0.006348 0.018519
0 0.661133 0.150231 0.006836 0.013426
0 0.679321 0.300000 0.007080 0.019444
0 0.677490 0.349537 0.005859 0.018519
0 0.687134 0.388657 0.006592 0.018981
0 0.621582 0.405556 0.005371 0.014815
0 0.610840 0.362269 0.005371 0.016204
0 0.607666 0.315278 0.004395 0.015741
0 0.559814 0.296065 0.006836 0.012500
0 0.559082 0.251620 0.004883 0.016204
0 0.564453 0.179167 0.006348 0.015741
0 0.593140 0.189120 0.007568 0.015278
0 0.598511 0.146991 0.007568 0.017130
0 0.774536 0.184954 0.007568 0.018056
0 0.780640 0.223148 0.008057 0.021296
0 0.797485 0.302778 0.008545 0.017593
0 0.763062 0.063657 0.007080 0.019907
0 0.760010 0.038889 0.006348 0.016667
0 0.656494 0.030556 0.007812 0.020370
0 0.662598 0.104630 0.006348 0.019444
0 0.665405 0.219676 0.006104 0.018981
0 0.665649 0.189583 0.007080 0.018056
0 0.602295 0.263657 0.006348 0.019907
0 0.596680 0.111806 0.006836 0.017130
0 0.590698 0.015509 0.004639 0.015278
0 0.558838 0.127778 0.006348 0.015741
0 0.559570 0.097454 0.006836 0.018056
0 0.558105 0.066667 0.005371 0.020370
0 0.562744 0.215972 0.007324 0.017130
0 0.770752 0.146759 0.006348 0.016667
0 0.801147 0.132870 0.007568 0.016667
0 0.985229 0.128704 0.012451 0.019444
0 0.791260 0.054630 0.007324 0.019444
0 0.488892 0.232176 0.006592 0.013426
0 0.488647 0.074074 0.006104 0.018519
0 0.496460 0.040509 0.004639 0.014352
0 0.493896 0.352778 0.007812 0.018519
0 0.571777 0.386111 0.007324 0.011111
0 0.111938 0.195139 0.008545 0.014352
0 0.369751 0.432639 0.009521 0.018981
0 0.488403 0.176620 0.005615 0.020833
0 0.717896 0.232639 0.006104 0.017130
0 0.692261 0.058102 0.003662 0.019907
0 0.850830 0.400463 0.008789 0.023148
0 0.854614 0.710185 0.008057 0.015741
0 0.748535 0.571528 0.007324 0.016204
0 0.687012 0.447454 0.008789 0.019907
0 0.315308 0.506250 0.010498 0.018056
0 0.036865 0.628241 0.011230 0.018519
0 0.332031 0.228241 0.009277 0.019444
0 0.439453 0.324769 0.006836 0.017130
0 0.447021 0.057639 0.008301 0.021759
0 0.382568 0.219444 0.005371 0.016667
0 0.447266 0.172222 0.005371 0.014815
0 0.359497 0.833333 0.008057 0.020370
0 0.593262 0.233565 0.007324 0.015278
0 0.889160 0.245139 0.007812 0.014352
0 0.987061 0.480324 0.007812 0.019907
0 0.140869 0.964815 0.013184 0.016667
0 0.891235 0.967824 0.008057 0.020833
0 0.039795 0.973611 0.015137 0.020370
0 0.805664 0.989815 0.012207 0.020370