0 0.106934 0.014120 0.026367 0.027315
0 0.057129 0.069676 0.027832 0.047685
0 0.017578 0.183333 0.013672 0.021296
0 0.012939 0.300463 0.014648 0.024074
0 0.266113 0.103704 0.022461 0.041667
0 0.427490 0.040278 0.016602 0.037963
0 0.390259 0.139120 0.019287 0.036574
0 0.234253 0.209259 0.023682 0.036111
0 0.356812 0.217130 0.021240 0.046296
0 0.497192 0.277546 0.016357 0.035648
0 0.467163 0.393287 0.013428 0.030093
0 0.313721 0.332176 0.021484 0.039352
0 0.195435 0.303241 0.021729 0.040741
0 0.158325 0.439120 0.023682 0.032870
0 0.289673 0.452778 0.020752 0.032407
0 0.439453 0.522222 0.020020 0.040741
0 0.126587 0.548380 0.026611 0.040278
0 0.249146 0.559954 0.018311 0.034722
0 0.402588 0.618519 0.023926 0.037037
0 0.085083 0.632176 0.022217 0.039352
0 0.053833 0.737500 0.030029 0.037963
0 0.014404 0.866898 0.025879 0.041204
0 0.140381 0.898843 0.031250 0.037500
0 0.369873 0.739120 0.016113 0.032870
0 0.216797 0.709028 0.022949 0.038426
0 0.342896 0.858565 0.019775 0.043981
0 0.308472 0.953935 0.022217 0.046759
0 0.454224 0.888426 0.018311 0.037963
0 0.490723 0.789352 0.018066 0.038889
0 0.672607 0.793056 0.020020 0.041667
0 0.701050 0.688194 0.006592 0.009722
0 0.535889 0.665278 0.018555 0.025926
0 0.557617 0.562037 0.020020 0.033333
0 0.800171 0.865972 0.024170 0.041204
0 0.825684 0.726620 0.020020 0.036574
0 0.843750 0.612500 0.019531 0.037037
0 0.738281 0.584491 0.009277 0.027315
0 0.760620 0.478935 0.024658 0.040278
0 0.594360 0.460185 0.020264 0.036111
0 0.610352 0.330324 0.020996 0.042130
0 0.817383 0.271759 0.015625 0.033333
0 0.797485 0.348380 0.015381 0.025463
0 0.539429 0.185648 0.023682 0.043519
0 0.648193 0.215972 0.014160 0.031019
0 0.671631 0.112037 0.024414 0.038889
0 0.549561 0.083333 0.017578 0.036111
0 0.706055 0.019676 0.023926 0.038426
0 0.874512 0.053241 0.023438 0.038889
0 0.992676 0.073843 0.014648 0.051389
0 0.982788 0.190278 0.030029 0.043519
0 0.861694 0.156944 0.013916 0.028704
0 0.947754 0.302083 0.029785 0.040278
0 0.917114 0.362037 0.023193 0.036111
0 0.934204 0.448148 0.020752 0.029630
0 0.886108 0.521759 0.022705 0.035185
0 0.995117 0.724306 0.009766 0.041204
0 0.980347 0.845602 0.020752 0.036574
0 0.948730 0.957176 0.031250 0.042130
0 0.759888 0.958565 0.028564 0.041204
0 0.645996 0.950231 0.023438 0.043056