0 0.046387 0.215741 0.009766 0.013889
0 0.053955 0.162731 0.009766 0.018056
0 0.167725 0.150463 0.011230 0.018519
0 0.142456 0.057870 0.008545 0.018519
0 0.031982 0.330324 0.009766 0.017130
0 0.141846 0.031713 0.009277 0.018981
0 0.086670 0.326852 0.008301 0.015741
0 0.194580 0.068056 0.006348 0.013889
0 0.160767 0.226620 0.007568 0.019907
0 0.148926 0.264583 0.006836 0.019907
0 0.131470 0.396991 0.008057 0.016204
0 0.241699 0.062500 0.008301 0.013889
0 0.227051 0.131481 0.008789 0.014815
0 0.222534 0.252778 0.007080 0.018519
0 0.210571 0.350000 0.008545 0.016667
0 0.207520 0.390741 0.009766 0.018519
0 0.258301 0.420370 0.009766 0.017593
0 0.262573 0.362963 0.009033 0.014815
0 0.267090 0.322685 0.007812 0.019444
0 0.269775 0.240278 0.008301 0.019444
0 0.281494 0.158796 0.008301 0.016667
0 0.277832 0.109259 0.008789 0.018519
0 0.285034 0.056481 0.009521 0.016667
0 0.290771 0.025926 0.008301 0.018519
0 0.343872 0.125231 0.008057 0.014352
0 0.337646 0.229167 0.007324 0.020370
0 0.330200 0.331481 0.009033 0.016667
0 0.328125 0.365278 0.009277 0.020370
0 0.381714 0.404630 0.007080 0.017593
0 0.385132 0.219676 0.008545 0.020833
0 0.383179 0.175463 0.004639 0.017593
0 0.387451 0.113426 0.006836 0.017593
0 0.390869 0.030556 0.008301 0.022222
0 0.454224 0.034954 0.007080 0.022685
0 0.452515 0.070602 0.007080 0.018056
0 0.450439 0.214352 0.007324 0.015741
0 0.447388 0.282176 0.006592 0.019907
0 0.445435 0.335880 0.008545 0.016204
0 0.451294 0.379398 0.006104 0.020833
0 0.453125 0.431713 0.007324 0.019907
0 0.053101 0.586343 0.010010 0.014352
0 0.073120 0.465278 0.011475 0.016667
0 0.111694 0.606019 0.011475 0.019444
0 0.117188 0.507639 0.010254 0.018056
0 0.125610 0.445833 0.011475 0.018519
0 0.036255 0.641204 0.014893 0.015741
0 0.087524 0.738194 0.012939 0.018056
0 0.079712 0.792130 0.012451 0.016667
0 0.172607 0.776157 0.013184 0.017130
0 0.181885 0.660648 0.011719 0.017593
0 0.180664 0.712963 0.011719 0.014815
0 0.192749 0.543981 0.011475 0.015741
0 0.192139 0.593981 0.007812 0.016667
0 0.193970 0.484722 0.010498 0.014815
0 0.207275 0.443287 0.009277 0.017130
0 0.255615 0.467824 0.010254 0.017130
0 0.250854 0.515046 0.008057 0.017130
0 0.241699 0.621296 0.012207 0.018519
0 0.226562 0.753704 0.012207 0.017593
0 0.310913 0.828472 0.009033 0.021759
0 0.310425 0.740278 0.010498 0.024074
0 0.320679 0.690046 0.008545 0.018981
0 0.311768 0.644907 0.005371 0.016667
0 0.319336 0.571991 0.010254 0.020833
0 0.325073 0.470370 0.009033 0.017593
0 0.378174 0.501620 0.008789 0.019907
0 0.375122 0.614120 0.010010 0.019907
0 0.373047 0.782639 0.010254 0.018056
0 0.452026 0.757870 0.008545 0.019444
0 0.452271 0.692593 0.006592 0.016667
0 0.447510 0.642361 0.008301 0.018056
0 0.446167 0.583565 0.007568 0.019907
0 0.453247 0.482176 0.007080 0.018981
0 0.507935 0.725231 0.009033 0.017130
0 0.506836 0.793287 0.008789 0.018056
0 0.500977 0.552315 0.008301 0.018519
0 0.502808 0.676157 0.009521 0.018056
0 0.498779 0.462731 0.008301 0.014352
0 0.497437 0.355556 0.007568 0.021296
0 0.592529 0.840278 0.008789 0.017593
0 0.594360 0.770602 0.009033 0.020833
0 0.592163 0.711806 0.009033 0.018981
0 0.587646 0.648380 0.007812 0.018056
0 0.582275 0.594213 0.007812 0.018056
0 0.573608 0.491898 0.009521 0.019907
0 0.576294 0.440741 0.006592 0.016667
0 0.573364 0.400000 0.006592 0.017593
0 0.567627 0.354630 0.006836 0.016667
0 0.618652 0.375000 0.006836 0.017593
0 0.620483 0.426389 0.006592 0.016667
0 0.625000 0.460648 0.004883 0.015741
0 0.619751 0.500926 0.008057 0.018519
0 0.634521 0.625231 0.008301 0.018056
0 0.652832 0.738426 0.011719 0.022222
0 0.643066 0.804167 0.009277 0.017593
0 0.730835 0.779398 0.010010 0.019907
0 0.729614 0.701389 0.010986 0.022222
0 0.716797 0.664352 0.008789 0.015741
0 0.712524 0.595139 0.008545 0.019907
0 0.703979 0.556481 0.010498 0.019444
0 0.698120 0.498611 0.009033 0.015741
0 0.690430 0.404630 0.006348 0.016667
0 0.731567 0.379861 0.009521 0.018056
0 0.757446 0.573843 0.009521 0.018056
0 0.763306 0.630324 0.010498 0.018056
0 0.774536 0.689583 0.012451 0.028241
0 0.781616 0.736343 0.006592 0.015278
0 0.789062 0.797917 0.007812 0.017130
0 0.823730 0.449074 0.011719 0.019444
0 0.870117 0.782870 0.010742 0.016667
0 0.928345 0.813194 0.012939 0.018056
0 0.863770 0.728009 0.013184 0.018056
0 0.852661 0.660880 0.011475 0.018056
0 0.834229 0.548611 0.010254 0.018519
0 0.849609 0.375231 0.008301 0.018056
0 0.864868 0.412269 0.008545 0.018981
0 0.874390 0.515278 0.011963 0.022222
0 0.896729 0.629398 0.012695 0.018056
0 0.915894 0.731944 0.008545 0.020370
0 0.872070 0.467824 0.007812 0.017130
0 0.926392 0.428009 0.009521 0.017130
0 0.949219 0.521528 0.007812 0.013426
0 0.962036 0.567361 0.009033 0.020833
0 0.965698 0.622917 0.010010 0.018056
0 0.903320 0.118056 0.008301 0.017593
0 0.842285 0.013194 0.006348 0.019907
0 0.854858 0.041667 0.007568 0.019444
0 0.856567 0.069907 0.006104 0.011111
0 0.874390 0.143287 0.006104 0.015278
0 0.807983 0.136343 0.007568 0.018056
0 0.898682 0.253935 0.010254 0.015278
0 0.950684 0.303472 0.011230 0.019907
0 0.927734 0.195139 0.007812 0.015278
0 0.908569 0.332407 0.007080 0.013889
0 0.829102 0.248148 0.008301 0.018519
0 0.834595 0.285417 0.008057 0.019907
0 0.803345 0.317361 0.009033 0.015278
0 0.727295 0.327083 0.008789 0.017130
0 0.723633 0.272685 0.006348 0.019444
0 0.710938 0.244444 0.007324 0.016667
0 0.713623 0.202315 0.006836 0.018519
0 0.701050 0.102315 0.005615 0.019444
0 0.690918 0.034259 0.006348 0.018519
0 0.659180 0.088657 0.006836 0.013426
0 0.678345 0.227778 0.007080 0.019444
0 0.676514 0.272685 0.005859 0.018519
0 0.684448 0.309491 0.007568 0.019907
0 0.623291 0.325463 0.005371 0.014815
0 0.611084 0.286806 0.005371 0.016204
0 0.608887 0.238194 0.005371 0.017130
0 0.562134 0.223843 0.007080 0.015278
0 0.561646 0.185417 0.004150 0.015278
0 0.566406 0.115278 0.005859 0.015741
0 0.594604 0.122454 0.007568 0.015278
0 0.598755 0.084491 0.007568 0.017130
0 0.769897 0.122454 0.007568 0.018056
0 0.775757 0.155787 0.007080 0.018056
0 0.791138 0.230556 0.008545 0.015741
0 0.759155 0.010648 0.007080 0.020370
0 0.662598 0.046065 0.007812 0.019907
0 0.663452 0.126852 0.006104 0.018519
0 0.602295 0.195139 0.006348 0.019907
0 0.597656 0.054861 0.006836 0.017130
0 0.561157 0.068519 0.006592 0.015741
0 0.561279 0.044907 0.005859 0.016667
0 0.558350 0.012037 0.005371 0.020370
0 0.565186 0.151620 0.007324 0.017130
0 0.765869 0.084722 0.006348 0.016667
0 0.796387 0.071759 0.006348 0.015741
0 0.973755 0.067824 0.010010 0.018056
0 0.492920 0.166435 0.007812 0.018981
0 0.491577 0.018519 0.006104 0.018519
0 0.499268 0.278472 0.006348 0.015278
0 0.574097 0.312037 0.006104 0.016667
0 0.379395 0.351389 0.009277 0.016667
0 0.492798 0.113657 0.005615 0.020833
0 0.715210 0.162731 0.006592 0.018981
0 0.842407 0.320370 0.008545 0.018519
0 0.845581 0.609722 0.008057 0.015741
0 0.743896 0.473380 0.007324 0.016204
0 0.326538 0.419213 0.009033 0.018056
0 0.445557 0.250694 0.006836 0.017130
0 0.453369 0.111111 0.005371 0.014815
0 0.594482 0.159028 0.007324 0.015278
0 0.160645 0.858565 0.010254 0.014352
0 0.881104 0.847222 0.009277 0.020370
0 0.065308 0.848843 0.013916 0.019907
0 0.798828 0.867593 0.012207 0.020370
0 0.363037 0.865972 0.007324 0.021759
0 0.226318 0.881481 0.010742 0.020370
0 0.657959 0.869676 0.008789 0.018056
0 0.508911 0.852546 0.006592 0.023611
0 0.448975 0.888194 0.009766 0.018056
0 0.944336 0.877083 0.014160 0.018981
0 0.984131 0.700926 0.009766 0.015741
0 0.302612 0.894444 0.010986 0.020370
0 0.888794 0.908565 0.012451 0.021759
0 0.742065 0.904861 0.010010 0.019907
0 0.023682 0.758565 0.010254 0.017130
0 0.604858 0.909259 0.008057 0.017593
0 0.799805 0.921296 0.012695 0.022222
0 0.987061 0.491435 0.010742 0.018056
0 0.514648 0.929861 0.010254 0.019907
0 0.373047 0.933333 0.010254 0.019444
0 0.662476 0.936111 0.008057 0.017593
0 0.058716 0.941898 0.018799 0.019907
0 0.220459 0.940509 0.008301 0.018056
0 0.664062 0.149769 0.005859 0.017130
0 0.018188 0.379630 0.012451 0.012963
0 0.298706 0.966898 0.012451 0.017130
0 0.454102 0.960185 0.010254 0.021296
0 0.995605 0.755093 0.008301 0.018519
0 0.608032 0.972685 0.009033 0.017593
0 0.902100 0.680787 0.013184 0.020833
0 0.150757 0.981713 0.012939 0.020833
0 0.927612 0.387037 0.006592 0.014815
0 0.901611 0.986111 0.011230 0.018519