0 0.334473 0.403009 0.013672 0.029167
0 0.330566 0.492593 0.015137 0.037037
0 0.320923 0.653009 0.014404 0.035648
0 0.195923 0.630093 0.021729 0.028704
0 0.198486 0.585417 0.017090 0.029167
0 0.207275 0.470370 0.017578 0.031481
0 0.127319 0.529398 0.017334 0.031019
0 0.107178 0.652315 0.019043 0.027778
0 0.097290 0.706944 0.019287 0.028704
0 0.087891 0.755787 0.016602 0.030093
0 0.081177 0.842361 0.020752 0.028241
0 0.241455 0.789815 0.015625 0.025000
0 0.186035 0.686574 0.019043 0.032407
0 0.005493 0.498843 0.010498 0.026389
0 0.338379 0.268519 0.014160 0.024074
0 0.268311 0.397917 0.016602 0.028241
0 0.255493 0.542824 0.017334 0.031944
0 0.220825 0.327778 0.014893 0.028704
0 0.312256 0.865741 0.016113 0.033333
0 0.324341 0.738889 0.015381 0.025926
0 0.381958 0.837500 0.014404 0.033333
0 0.375000 0.768287 0.013184 0.036574
0 0.381958 0.696991 0.016357 0.028241
0 0.386475 0.431250 0.013184 0.027315
0 0.389526 0.339583 0.012939 0.024537
0 0.375854 0.914120 0.013916 0.031019
0 0.459717 0.863889 0.014160 0.027778
0 0.456299 0.800463 0.014160 0.029630
0 0.457275 0.677778 0.012207 0.027778
0 0.457642 0.616204 0.010010 0.026852
0 0.455322 0.562269 0.011230 0.023611
0 0.453613 0.505093 0.013184 0.034259
0 0.459839 0.411574 0.013916 0.032407
0 0.459595 0.366435 0.013916 0.028241
0 0.457153 0.315509 0.011963 0.026389
0 0.452515 0.272454 0.013428 0.031019
0 0.453003 0.223380 0.013428 0.033796
0 0.501709 0.293287 0.012695 0.033796
0 0.503052 0.393981 0.013428 0.028704
0 0.506470 0.478472 0.012451 0.032870
0 0.513916 0.643056 0.015137 0.035185
0 0.518799 0.839583 0.014648 0.027315
0 0.464722 0.937037 0.013916 0.028704
0 0.220703 0.976157 0.014648 0.027315
0 0.169678 0.862963 0.018555 0.025926
0 0.069946 0.980787 0.020264 0.030093
0 0.597412 0.688426 0.013672 0.031481
0 0.595459 0.754861 0.013184 0.025463
0 0.610596 0.874306 0.013184 0.027315
0 0.666626 0.903704 0.013428 0.025926
0 0.653564 0.653935 0.013672 0.030093
0 0.635742 0.547222 0.013184 0.029630
0 0.621460 0.428009 0.012939 0.031019
0 0.570312 0.291898 0.011230 0.024537
0 0.577881 0.375231 0.010254 0.022685
0 0.756958 0.951852 0.015381 0.029630
0 0.739136 0.814352 0.015869 0.027778
0 0.795410 0.773843 0.015625 0.030093
0 0.785156 0.719676 0.014160 0.028241
0 0.771362 0.606250 0.015381 0.035648
0 0.730591 0.621065 0.016357 0.031944
0 0.715210 0.582176 0.011475 0.023611
0 0.644043 0.711343 0.012695 0.027315
0 0.657471 0.777083 0.012695 0.028241
0 0.814453 0.962963 0.016602 0.037963
0 0.863281 0.697454 0.016602 0.027315
0 0.858276 0.645139 0.017822 0.028241
0 0.846924 0.583102 0.014160 0.023611
0 0.911865 0.648380 0.020508 0.031944
0 0.870728 0.755787 0.017334 0.031944
0 0.882324 0.814120 0.018555 0.033796
0 0.893799 0.890509 0.016602 0.031944
0 0.974976 0.983102 0.021729 0.031019
0 0.994995 0.732407 0.010010 0.029630
0 0.987671 0.671759 0.017822 0.028704
0 0.868774 0.444213 0.016357 0.031944
0 0.829468 0.477083 0.015869 0.025463
0 0.757080 0.498380 0.014648 0.029167
0 0.760620 0.552315 0.014404 0.028704
0 0.677490 0.209954 0.011230 0.027315
0 0.727051 0.261343 0.013184 0.030093
0 0.790649 0.176852 0.013428 0.029630
0 0.956543 0.546991 0.016602 0.024537
0 0.684692 0.244213 0.011963 0.030093
0 0.620850 0.309491 0.011230 0.026389
0 0.818115 0.379167 0.015625 0.031481
0 0.593994 0.628241 0.012207 0.025926
0 0.590210 0.568519 0.012451 0.029630
0 0.584595 0.518287 0.013428 0.031944
0 0.048706 0.267130 0.014404 0.025926
0 0.058960 0.157870 0.011475 0.019444
0 0.133789 0.434259 0.016113 0.025926
0 0.140137 0.375926 0.017090 0.033333
0 0.072632 0.906713 0.018799 0.027315
0 0.275513 0.302315 0.016846 0.033333
0 0.270996 0.352778 0.015137 0.029630
0 0.314331 0.799306 0.015869 0.029167
0 0.324585 0.565046 0.014893 0.027315
0 0.393433 0.161574 0.013916 0.028704
0 0.518433 0.895139 0.012451 0.029167
0 0.689819 0.342593 0.011475 0.021296
0 0.730103 0.317361 0.012939 0.028241
0 0.625122 0.391898 0.009033 0.026389
0 0.677734 0.166898 0.012695 0.027315
0 0.710571 0.181019 0.010986 0.026852
0 0.920166 0.724537 0.017090 0.030556
0 0.891113 0.552546 0.013672 0.031019
0 0.866821 0.400926 0.010986 0.023148
0 0.824341 0.193056 0.012939 0.029630
0 0.456787 0.154861 0.012695 0.026389
0 0.973877 0.617824 0.012207 0.031019
0 0.225464 0.913426 0.014404 0.025926
0 0.332031 0.604630 0.012695 0.026852
0 0.383423 0.534028 0.013916 0.028241
0 0.503296 0.217130 0.011963 0.030556
0 0.507690 0.593750 0.012451 0.030093
0 0.056274 0.562500 0.016357 0.031481
0 0.072144 0.508102 0.015381 0.020833
0 0.606689 0.818750 0.013672 0.027315
0 0.613281 0.230324 0.011719 0.030093
0 0.713257 0.145602 0.010498 0.029167
0 0.564331 0.164120 0.011475 0.029167
0 0.623535 0.263889 0.011719 0.025000
0 0.773071 0.106713 0.014404 0.031944
0 0.177612 0.101852 0.014893 0.029630
0 0.806152 0.080324 0.015137 0.028241
0 0.102051 0.265046 0.013672 0.021759
0 0.596313 0.071065 0.011963 0.027315
0 0.703491 0.482639 0.013916 0.027315
0 0.569092 0.057870 0.011230 0.027778
0 0.287231 0.055324 0.014404 0.022685
0 0.350952 0.074769 0.011475 0.028241
0 0.497925 0.111806 0.012939 0.028241
0 0.068604 0.109491 0.012207 0.034722
0 0.395264 0.059259 0.012207 0.029630
0 0.845337 0.312037 0.012939 0.028704
0 0.601318 0.030556 0.010742 0.024074
0 0.025391 0.793287 0.014648 0.026389
0 0.278931 0.257870 0.013916 0.028704
0 0.336914 0.306019 0.013672 0.029630
0 0.032104 0.315972 0.013916 0.028241
0 0.161865 0.952778 0.020508 0.026852
0 0.219971 0.374306 0.014160 0.026389
0 0.222900 0.288889 0.015625 0.025926
0 0.239624 0.667593 0.017822 0.028704
0 0.280151 0.188426 0.014893 0.027778
0 0.345947 0.167130 0.012207 0.028704
0 0.902710 0.952546 0.015869 0.028241
0 0.919800 0.360417 0.010986 0.028241
0 0.796997 0.824074 0.016846 0.028704
0 0.953247 0.490046 0.011963 0.028241
0 0.237793 0.082407 0.013672 0.024074
0 0.457886 0.019213 0.013428 0.021759
0 0.858643 0.349769 0.013672 0.026389
0 0.980469 0.421065 0.015137 0.030093
0 0.514160 0.764583 0.012207 0.026389
0 0.513306 0.712963 0.012451 0.028704
0 0.044800 0.674074 0.016357 0.025926
0 0.897217 0.068287 0.010742 0.021759
0 0.945312 0.246759 0.014160 0.025926