0 0.084229 0.003935 0.005859 0.006944
0 0.059326 0.116204 0.022949 0.037037
0 0.019287 0.202315 0.030273 0.047222
0 0.249512 0.065278 0.004883 0.022222
0 0.385254 0.074769 0.014160 0.035648
0 0.356201 0.184028 0.015137 0.034722
0 0.232544 0.177778 0.022217 0.033333
0 0.327759 0.269444 0.020752 0.049074
0 0.206299 0.290046 0.020020 0.035648
0 0.174683 0.395370 0.018799 0.042593
0 0.293091 0.394676 0.019775 0.039352
0 0.281006 0.520833 0.020020 0.038889
0 0.450562 0.416667 0.014404 0.035185
0 0.145996 0.539583 0.028320 0.038426
0 0.433228 0.550231 0.018311 0.036574
0 0.246460 0.640046 0.018799 0.030093
0 0.122314 0.659028 0.025879 0.042130
0 0.403687 0.655787 0.018799 0.038426
0 0.381348 0.788194 0.014648 0.032870
0 0.226196 0.796065 0.021240 0.039352
0 0.088745 0.754861 0.016846 0.032870
0 0.066040 0.871065 0.028564 0.038426
0 0.361938 0.910185 0.015869 0.041667
0 0.163208 0.991667 0.025146 0.016667
0 0.033691 0.994676 0.020508 0.010648
0 0.629395 0.993519 0.018555 0.012963
0 0.670898 0.922222 0.020508 0.039815
0 0.684570 0.760417 0.020508 0.044907
0 0.783081 0.900231 0.028076 0.042130
0 0.473511 0.911574 0.020264 0.028704
0 0.504150 0.804630 0.020508 0.046296
0 0.541260 0.669907 0.017090 0.031481
0 0.704590 0.645833 0.005859 0.014815
0 0.817871 0.792130 0.021484 0.041667
0 0.831299 0.650000 0.020996 0.034259
0 0.840942 0.529398 0.018799 0.041204
0 0.735229 0.532639 0.007568 0.025463
0 0.554077 0.558796 0.020264 0.034259
0 0.581665 0.447685 0.018311 0.036111
0 0.749756 0.421759 0.021484 0.038889
0 0.774902 0.283333 0.014648 0.024074
0 0.789917 0.203704 0.014404 0.035185
0 0.590088 0.313889 0.019043 0.038889
0 0.620605 0.191898 0.015625 0.031019
0 0.636353 0.081944 0.019287 0.042593
0 0.511475 0.082639 0.014648 0.031944
0 0.509644 0.187269 0.020264 0.044907
0 0.472046 0.293750 0.021240 0.043056
0 0.825073 0.076389 0.012939 0.026852
0 0.948120 0.081250 0.030518 0.044907
0 0.918579 0.197685 0.027588 0.038889
0 0.893311 0.264352 0.027832 0.038889
0 0.918091 0.350694 0.020264 0.031019
0 0.876099 0.432176 0.021240 0.038426
0 0.996826 0.600231 0.006348 0.035648
0 0.991577 0.728935 0.016846 0.034722
0 0.967041 0.844213 0.026367 0.042130
0 0.956909 0.968750 0.030029 0.041204