0 0.285522 0.098843 0.008545 0.020833
0 0.339478 0.218287 0.008057 0.019907
0 0.334595 0.300000 0.009521 0.022222
0 0.327148 0.431481 0.008301 0.028704
0 0.252930 0.444213 0.010254 0.018981
0 0.210938 0.409028 0.009277 0.015278
0 0.212646 0.370602 0.010254 0.016204
0 0.221924 0.276620 0.009766 0.013426
0 0.149048 0.325463 0.008545 0.019444
0 0.129761 0.432176 0.011475 0.018056
0 0.123413 0.472917 0.009521 0.016204
0 0.113037 0.515972 0.011719 0.021759
0 0.108643 0.590046 0.014648 0.017130
0 0.254028 0.548843 0.009033 0.019907
0 0.204834 0.464583 0.009766 0.022685
0 0.034180 0.300231 0.008789 0.017130
0 0.342163 0.104630 0.008545 0.015741
0 0.340698 0.132176 0.007568 0.020833
0 0.276001 0.220833 0.008057 0.018519
0 0.265259 0.335880 0.010498 0.021759
0 0.235229 0.121296 0.008545 0.018519
0 0.233643 0.155787 0.009766 0.021759
0 0.318970 0.608102 0.013428 0.023611
0 0.328979 0.502083 0.009521 0.022685
0 0.383911 0.587500 0.008545 0.024074
0 0.375732 0.527315 0.006836 0.023148
0 0.384399 0.467130 0.007568 0.017593
0 0.387329 0.246296 0.007080 0.019444
0 0.389282 0.165741 0.007080 0.013889
0 0.378418 0.650926 0.007812 0.018519
0 0.456055 0.607639 0.008789 0.018056
0 0.452393 0.553704 0.006836 0.018519
0 0.453491 0.450463 0.006592 0.020370
0 0.453369 0.400231 0.006836 0.018056
0 0.450195 0.359259 0.007324 0.016667
0 0.448853 0.312731 0.007568 0.019907
0 0.454224 0.230093 0.006592 0.016667
0 0.455078 0.190278 0.007812 0.020370
0 0.452271 0.145833 0.006104 0.017593
0 0.446533 0.109954 0.007324 0.015278
0 0.448975 0.066204 0.007324 0.020370
0 0.494263 0.126157 0.007568 0.021759
0 0.495239 0.217130 0.007568 0.015741
0 0.497192 0.284259 0.007080 0.022222
0 0.503174 0.423148 0.008789 0.021296
0 0.507568 0.584028 0.008789 0.020833
0 0.458618 0.665509 0.008545 0.018056
0 0.511963 0.694907 0.005859 0.021296
0 0.510132 0.750000 0.009521 0.019444
0 0.461548 0.791898 0.010010 0.017130
0 0.369141 0.764120 0.009766 0.016204
0 0.370728 0.879630 0.010010 0.020370
0 0.312012 0.722222 0.010742 0.021296
0 0.235718 0.766898 0.009521 0.021759
0 0.236938 0.697685 0.009521 0.017593
0 0.182739 0.683102 0.011475 0.018056
0 0.099243 0.700926 0.011475 0.019444
0 0.080322 0.762963 0.016113 0.021296
0 0.077637 0.831481 0.013184 0.019444
0 0.219971 0.836574 0.012695 0.018519
0 0.233032 0.902778 0.009033 0.019444
0 0.299194 0.931713 0.012939 0.019907
0 0.300171 0.995370 0.010986 0.009259
0 0.463257 0.856019 0.007568 0.021296
0 0.060913 0.968287 0.014404 0.018981
0 0.580200 0.464583 0.007568 0.018056
0 0.579102 0.519213 0.007812 0.017130
0 0.592407 0.616204 0.007568 0.020370
0 0.597778 0.738657 0.009521 0.019907
0 0.605713 0.865741 0.007324 0.017593
0 0.606934 0.939352 0.010742 0.017593
0 0.642090 0.641435 0.009766 0.018056
0 0.633179 0.435880 0.010010 0.020833
0 0.617310 0.346991 0.006592 0.017130
0 0.604004 0.244907 0.008301 0.019444
0 0.306030 0.854861 0.011963 0.018981
0 0.310913 0.790509 0.011475 0.019907
0 0.513062 0.882639 0.007568 0.017130
0 0.557861 0.126620 0.006836 0.016204
0 0.565796 0.200231 0.006104 0.021759
0 0.724731 0.678935 0.008545 0.022685
0 0.662354 0.830556 0.009277 0.017593
0 0.666870 0.893519 0.009521 0.016667
0 0.671387 0.968981 0.009766 0.019444
0 0.752441 0.995370 0.013184 0.009259
0 0.745728 0.870139 0.010010 0.019907
0 0.735840 0.794676 0.009277 0.021759
0 0.735229 0.737037 0.011963 0.021296
0 0.711792 0.568056 0.008545 0.020370
0 0.761963 0.537963 0.009277 0.022222
0 0.753174 0.485880 0.008301 0.018056
0 0.741333 0.398380 0.012939 0.022685
0 0.701538 0.405324 0.010010 0.023611
0 0.690063 0.379861 0.008545 0.016204
0 0.622925 0.485417 0.009033 0.020833
0 0.637451 0.539815 0.005859 0.018519
0 0.816772 0.952546 0.012939 0.019907
0 0.809082 0.887500 0.011719 0.021296
0 0.791992 0.765046 0.012695 0.019907
0 0.777100 0.690278 0.009766 0.023148
0 0.762695 0.579398 0.008301 0.017130
0 0.825317 0.472685 0.009033 0.017593
0 0.821167 0.428241 0.009521 0.015741
0 0.812134 0.372222 0.008057 0.017593
0 0.866943 0.430556 0.005371 0.024074
0 0.833740 0.523148 0.009766 0.020370
0 0.839966 0.570833 0.008545 0.020370
0 0.851685 0.632639 0.009033 0.018981
0 0.858521 0.681944 0.010010 0.021296
0 0.863037 0.755093 0.008789 0.015741
0 0.882812 0.874769 0.011230 0.018981
0 0.906494 0.943287 0.013672 0.019907
0 0.966431 0.971528 0.015381 0.023611
0 0.962524 0.905787 0.010986 0.018981
0 0.926880 0.766898 0.012451 0.022685
0 0.922852 0.707639 0.010742 0.019907
0 0.992188 0.728704 0.013184 0.016667
0 0.984863 0.664583 0.009766 0.020833
0 0.965210 0.593287 0.011963 0.019907
0 0.949951 0.501620 0.012207 0.018981
0 0.940186 0.448380 0.011230 0.018056
0 0.965942 0.367593 0.008057 0.019444
0 0.833130 0.259259 0.009033 0.021296
0 0.796387 0.283333 0.008789 0.018519
0 0.728394 0.303009 0.008545 0.018981
0 0.732056 0.351620 0.008545 0.015278
0 0.680542 0.292593 0.008545 0.020370
0 0.657837 0.062500 0.007568 0.019444
0 0.702637 0.105556 0.007324 0.023148
0 0.762573 0.026389 0.007568 0.013889
0 0.881592 0.187731 0.007812 0.017130
0 0.914185 0.344444 0.008545 0.015741
0 0.936279 0.240509 0.007812 0.019907
0 0.906494 0.088889 0.008301 0.024074
0 0.664917 0.092593 0.006592 0.020370
0 0.603638 0.146528 0.006104 0.015278
0 0.787109 0.200926 0.010254 0.020370
0 0.813354 0.146759 0.009033 0.018519
0 0.825439 0.173148 0.007324 0.020370
0 0.962402 0.327546 0.011230 0.018056
0 0.577881 0.413889 0.009277 0.021296
0 0.574341 0.366667 0.008057 0.018519
0 0.570679 0.322222 0.007080 0.018519
0 0.071655 0.104861 0.008057 0.015278
0 0.081299 0.008796 0.006836 0.013889
0 0.073975 0.443056 0.011230 0.017593
0 0.151855 0.245139 0.009277 0.018981
0 0.158936 0.194907 0.008789 0.017593
0 0.164429 0.158102 0.006104 0.016204
0 0.102417 0.643287 0.009521 0.017130
0 0.055908 0.556713 0.008301 0.015278
0 0.154541 0.938426 0.011230 0.018519
0 0.182373 0.753472 0.010254 0.015278
0 0.281982 0.133333 0.007324 0.016667
0 0.277100 0.177315 0.004883 0.015741
0 0.320923 0.552778 0.008057 0.020370
0 0.328857 0.358333 0.004883 0.013889
0 0.350098 0.019907 0.008789 0.023148
0 0.391724 0.014815 0.008057 0.020370
0 0.372314 0.819676 0.008301 0.019907
0 0.508057 0.632870 0.007324 0.016667
0 0.503906 0.523380 0.008301 0.019907
0 0.502075 0.476852 0.008057 0.018519
0 0.645142 0.697454 0.008545 0.019907
0 0.651611 0.772222 0.009766 0.020370
0 0.756104 0.938889 0.007812 0.016667
0 0.688354 0.322685 0.007080 0.018519
0 0.668091 0.170370 0.006592 0.017593
0 0.706909 0.148380 0.009521 0.017130
0 0.609741 0.216204 0.007080 0.021296
0 0.658813 0.023148 0.008057 0.019444
0 0.688477 0.039352 0.006348 0.018519
0 0.876465 0.492130 0.010254 0.017593
0 0.852295 0.349769 0.008789 0.017130
0 0.831421 0.223611 0.005615 0.019444
0 0.796387 0.040972 0.007324 0.017130
0 0.991943 0.156481 0.011719 0.021296
0 0.974243 0.075926 0.009521 0.022222
0 0.912964 0.300231 0.010010 0.013426
0 0.994873 0.462500 0.010254 0.017593
0 0.248779 0.591435 0.010742 0.019907
0 0.287720 0.034954 0.007568 0.017130
0 0.458618 0.977315 0.010010 0.019444
0 0.371704 0.692824 0.009033 0.020833
0 0.617310 0.302083 0.007080 0.018056
0 0.451904 0.012269 0.008301 0.014352
0 0.926880 0.408333 0.005615 0.014815
0 0.996826 0.190509 0.006348 0.018056
0 0.014282 0.394676 0.006592 0.014352
0 0.241943 0.647454 0.010254 0.018056
0 0.186890 0.622222 0.011963 0.023148
0 0.778809 0.638657 0.012207 0.018981
0 0.336060 0.390509 0.007080 0.016204
0 0.384399 0.331944 0.007568 0.018519
0 0.495972 0.065509 0.006592 0.018981
0 0.701294 0.465972 0.009521 0.021759
0 0.498047 0.382176 0.008301 0.017130
0 0.004150 0.933102 0.007812 0.020833
0 0.082397 0.354167 0.011475 0.012963
0 0.097168 0.308565 0.007812 0.015278
0 0.883057 0.158796 0.008789 0.019444
0 0.160278 0.874769 0.011963 0.018981
0 0.673340 0.245370 0.009766 0.016667
0 0.908447 0.644907 0.010742 0.020370
0 0.451294 0.725231 0.008057 0.016204
0 0.588135 0.574769 0.005371 0.018056
0 0.597778 0.072454 0.007080 0.016204
0 0.221436 0.318519 0.008301 0.016667
0 0.699463 0.064120 0.004883 0.021759
0 0.038086 0.675926 0.013184 0.021296
0 0.121826 0.100926 0.008301 0.018519
0 0.512207 0.815046 0.004883 0.017130
0 0.233765 0.196528 0.006104 0.016204
0 0.006348 0.446991 0.010742 0.014352
0 0.562622 0.164120 0.006104 0.008796