0 0.336670 0.379861 0.012207 0.026389
0 0.331787 0.467824 0.013184 0.033796
0 0.323364 0.627315 0.013428 0.029630
0 0.198120 0.604398 0.018799 0.028241
0 0.202026 0.559954 0.015869 0.026389
0 0.210083 0.448843 0.014893 0.027315
0 0.131470 0.508565 0.017334 0.031019
0 0.109131 0.631019 0.019043 0.027778
0 0.103882 0.677315 0.019287 0.028704
0 0.090088 0.730324 0.020508 0.034722
0 0.085815 0.816435 0.020752 0.028241
0 0.244873 0.762037 0.013672 0.023148
0 0.190674 0.663889 0.019043 0.032407
0 0.008301 0.477546 0.013184 0.023611
0 0.341919 0.248843 0.011963 0.019907
0 0.269653 0.383565 0.013916 0.026389
0 0.255127 0.516667 0.016113 0.034259
0 0.223511 0.306019 0.013916 0.029630
0 0.314453 0.835417 0.015137 0.034722
0 0.325073 0.710648 0.015381 0.025926
0 0.384399 0.810880 0.013916 0.029167
0 0.375366 0.746296 0.010986 0.025926
0 0.384766 0.671296 0.013184 0.024074
0 0.388306 0.410417 0.010498 0.024537
0 0.391357 0.319907 0.011230 0.021296
0 0.377930 0.887037 0.014160 0.026852
0 0.462891 0.834722 0.014160 0.027778
0 0.458984 0.768519 0.014160 0.029630
0 0.460449 0.647454 0.010742 0.027315
0 0.459595 0.587963 0.010010 0.026852
0 0.455322 0.540046 0.011230 0.023611
0 0.454956 0.490046 0.011475 0.032870
0 0.461304 0.393981 0.013916 0.032407
0 0.460815 0.346991 0.013916 0.031019
0 0.458618 0.297222 0.011475 0.025000
0 0.453247 0.256250 0.012451 0.026389
0 0.455933 0.206944 0.013428 0.031481
0 0.502686 0.275694 0.012695 0.033796
0 0.504028 0.378704 0.013428 0.028704
0 0.506836 0.456481 0.012695 0.037963
0 0.514648 0.619907 0.015137 0.035185
0 0.520264 0.805324 0.014648 0.027315
0 0.465698 0.902778 0.013916 0.028704
0 0.306519 0.974306 0.015381 0.028241
0 0.223389 0.946991 0.014648 0.027315
0 0.170166 0.851389 0.018555 0.025926
0 0.075073 0.950694 0.022217 0.035648
0 0.597412 0.661111 0.013672 0.031481
0 0.596191 0.723843 0.013184 0.025463
0 0.610352 0.847454 0.013184 0.027315
0 0.616211 0.986574 0.015137 0.026852
0 0.665649 0.874537 0.013428 0.025926
0 0.653564 0.628935 0.013672 0.030093
0 0.636475 0.527315 0.013184 0.029630
0 0.621460 0.409954 0.012939 0.031019
0 0.571045 0.267824 0.011230 0.024537
0 0.578613 0.352546 0.010254 0.022685
0 0.754272 0.916204 0.015381 0.029630
0 0.737915 0.785185 0.015869 0.027778
0 0.793945 0.748843 0.015625 0.030093
0 0.783203 0.686806 0.014160 0.028241
0 0.770386 0.583565 0.015381 0.035648
0 0.728882 0.597917 0.016357 0.031944
0 0.714478 0.562731 0.011475 0.023611
0 0.642822 0.692361 0.012695 0.027315
0 0.659180 0.750231 0.012695 0.028241
0 0.813721 0.932639 0.016602 0.037500
0 0.861328 0.672917 0.016602 0.027315
0 0.855591 0.619676 0.017822 0.028241
0 0.844971 0.555787 0.014160 0.023611
0 0.907959 0.624306 0.020508 0.031944
0 0.871216 0.731713 0.017334 0.031944
0 0.879883 0.786806 0.018555 0.033796
0 0.891113 0.858565 0.016602 0.031944
0 0.904053 0.992130 0.019531 0.015741
0 0.972778 0.950694 0.021729 0.031019
0 0.993286 0.705324 0.013428 0.033796
0 0.984741 0.643981 0.017822 0.028704
0 0.866333 0.422454 0.016357 0.031944
0 0.827515 0.452083 0.015869 0.025463
0 0.755127 0.474306 0.014648 0.029167
0 0.758911 0.532870 0.014404 0.028704
0 0.676270 0.196065 0.011230 0.027315
0 0.725342 0.250231 0.013184 0.030093
0 0.787720 0.153241 0.013428 0.029630
0 0.954834 0.522917 0.016602 0.024537
0 0.685181 0.231713 0.011963 0.030093
0 0.619873 0.291898 0.011230 0.026389
0 0.817871 0.361574 0.015625 0.031481
0 0.593750 0.605093 0.012207 0.025926
0 0.589966 0.542593 0.012451 0.029630
0 0.584839 0.495139 0.013428 0.031944
0 0.053101 0.250926 0.014404 0.025926
0 0.063721 0.144907 0.011230 0.019444
0 0.136963 0.416204 0.016113 0.025926
0 0.143555 0.355556 0.017090 0.033333
0 0.077515 0.878935 0.018799 0.027315
0 0.276001 0.279861 0.011963 0.026389
0 0.272583 0.337269 0.013916 0.029167
0 0.316772 0.772454 0.013916 0.022685
0 0.327271 0.541667 0.012451 0.022222
0 0.393433 0.149769 0.012939 0.027315
0 0.520386 0.864583 0.012451 0.029167
0 0.689331 0.318981 0.011475 0.021296
0 0.730103 0.299769 0.012939 0.028241
0 0.626587 0.370602 0.009033 0.026389
0 0.677490 0.150694 0.012695 0.027315
0 0.710083 0.168056 0.010986 0.026852
0 0.916748 0.700000 0.017090 0.030556
0 0.888916 0.529861 0.013672 0.031019
0 0.864136 0.381944 0.010986 0.023148
0 0.824341 0.170833 0.012939 0.029630
0 0.456665 0.142361 0.011963 0.021759
0 0.972168 0.596528 0.012207 0.031019
0 0.230347 0.886111 0.014404 0.025926
0 0.333984 0.583333 0.013184 0.025926
0 0.385254 0.514583 0.012695 0.026389
0 0.503296 0.202315 0.011963 0.030556
0 0.510620 0.568519 0.013916 0.033333
0 0.058716 0.539815 0.016357 0.031481
0 0.077759 0.486806 0.015381 0.020833
0 0.458496 0.977083 0.011719 0.026389
0 0.606445 0.791898 0.013672 0.027315
0 0.612549 0.209491 0.011719 0.030093
0 0.712280 0.128009 0.011963 0.031944
0 0.564819 0.153472 0.011475 0.029167
0 0.625488 0.249074 0.011719 0.025000
0 0.772827 0.087269 0.014404 0.031944
0 0.181519 0.083796 0.014893 0.029630
0 0.802734 0.066898 0.015137 0.028241
0 0.105225 0.245139 0.013672 0.021759
0 0.597046 0.057176 0.011963 0.027315
0 0.702515 0.462731 0.013916 0.027315
0 0.569092 0.048611 0.011230 0.027778
0 0.289185 0.039583 0.013428 0.018056
0 0.353027 0.059491 0.011230 0.025463
0 0.497803 0.098843 0.012695 0.028241
0 0.072388 0.089815 0.010010 0.025926
0 0.394531 0.048148 0.010254 0.025926
0 0.387817 0.268519 0.009521 0.025926
0 0.841919 0.291667 0.012939 0.028704
0 0.601562 0.018519 0.010742 0.024074
0 0.029297 0.777546 0.014648 0.026389
0 0.279785 0.243519 0.010742 0.022222
0 0.339111 0.280093 0.011719 0.021296
0 0.038208 0.300694 0.013916 0.028241
0 0.166748 0.924074 0.020508 0.026852
0 0.223145 0.354861 0.014160 0.026389
0 0.225220 0.266204 0.012451 0.024074
0 0.243774 0.643519 0.017822 0.028704
0 0.283569 0.171296 0.012451 0.022222
0 0.347656 0.151852 0.012207 0.026852
0 0.901123 0.921065 0.017090 0.032870
0 0.916382 0.340509 0.010986 0.028241
0 0.794800 0.800463 0.016846 0.028704
0 0.949341 0.470370 0.011963 0.027778
0 0.238647 0.061111 0.011963 0.020370
0 0.457642 0.009491 0.013916 0.018056
0 0.858154 0.331250 0.013672 0.026389
0 0.977539 0.403472 0.015137 0.030093