0 0.016479 0.068287 0.020264 0.049537
0 0.010254 0.210185 0.020020 0.037963
0 0.081787 0.958333 0.028809 0.032407
0 0.120361 0.731481 0.024902 0.044444
0 0.133301 0.607639 0.025391 0.039352
0 0.150391 0.450926 0.023438 0.037037
0 0.169189 0.338194 0.021973 0.033796
0 0.186157 0.214583 0.025146 0.035648
0 0.192383 0.096296 0.008789 0.024074
0 0.330566 0.065509 0.016602 0.044907
0 0.311157 0.181019 0.017822 0.037037
0 0.290649 0.277315 0.020752 0.054630
0 0.267578 0.412269 0.022461 0.036574
0 0.264771 0.541898 0.020752 0.035648
0 0.243774 0.671065 0.014404 0.034722
0 0.236084 0.832639 0.020020 0.038426
0 0.382202 0.898380 0.016357 0.040278
0 0.481812 0.991204 0.021729 0.017593
0 0.491821 0.858796 0.020752 0.036111
0 0.388062 0.772222 0.015869 0.036111
0 0.399170 0.635648 0.018555 0.037963
0 0.511719 0.747222 0.021484 0.041667
0 0.535767 0.604861 0.021729 0.033796
0 0.419312 0.520833 0.019287 0.037037
0 0.540649 0.490972 0.016846 0.036574
0 0.425659 0.381250 0.015869 0.038426
0 0.557495 0.373380 0.015381 0.039352
0 0.436646 0.252546 0.019775 0.036574
0 0.552246 0.236806 0.020508 0.042130
0 0.463867 0.137731 0.020508 0.042130
0 0.456665 0.037963 0.015381 0.036111
0 0.572388 0.109954 0.017334 0.038426
0 0.579468 0.008565 0.020264 0.016204
0 0.740723 0.068287 0.015625 0.035648
0 0.864136 0.025231 0.024170 0.048611
0 0.848145 0.094676 0.025391 0.045833
0 0.719604 0.293519 0.022217 0.044444
0 0.877808 0.171296 0.018799 0.032407
0 0.842896 0.265741 0.020264 0.040741
0 0.816284 0.369213 0.020264 0.044907
0 0.715210 0.411343 0.010498 0.038426
0 0.818115 0.491898 0.020996 0.038426
0 0.686890 0.642361 0.027100 0.042130
0 0.819580 0.632176 0.019043 0.039352
0 0.683350 0.800231 0.028320 0.044907
0 0.795654 0.747685 0.026367 0.039815
0 0.785767 0.879167 0.028076 0.040741
0 0.659424 0.906713 0.022949 0.039352
0 0.952026 0.913426 0.028076 0.039815
0 0.967407 0.756481 0.031006 0.039815
0 0.968506 0.636343 0.029785 0.038426
0 0.981812 0.514815 0.017822 0.032407
0 0.985474 0.384028 0.029053 0.043981
0 0.991455 0.247454 0.017090 0.044907
0 0.695923 0.525694 0.006592 0.007870