0 0.329590 0.437731 0.013672 0.029167
0 0.324707 0.534491 0.015625 0.034722
0 0.315796 0.703472 0.014404 0.035648
0 0.186768 0.672222 0.012695 0.024074
0 0.189819 0.629630 0.015869 0.026852
0 0.200195 0.511574 0.014648 0.025926
0 0.118042 0.574769 0.017334 0.031019
0 0.095581 0.703009 0.017822 0.024537
0 0.086792 0.754167 0.019287 0.028704
0 0.076538 0.809259 0.019775 0.034259
0 0.068237 0.901620 0.020752 0.028241
0 0.232422 0.844907 0.015625 0.025000
0 0.180176 0.731019 0.019043 0.032407
0 0.333862 0.306481 0.014404 0.025926
0 0.260376 0.437269 0.013916 0.025463
0 0.245605 0.582639 0.017578 0.031944
0 0.212646 0.361806 0.012207 0.021759
0 0.303711 0.924769 0.016602 0.027315
0 0.316040 0.788194 0.015381 0.029167
0 0.377319 0.889815 0.014404 0.033333
0 0.368774 0.824537 0.011475 0.026852
0 0.377197 0.744676 0.013672 0.023611
0 0.382080 0.470139 0.013184 0.027315
0 0.383911 0.375694 0.012939 0.024537
0 0.370117 0.971991 0.013184 0.025463
0 0.456787 0.920370 0.014160 0.027778
0 0.453125 0.851389 0.014160 0.029630
0 0.453857 0.722917 0.014160 0.036574
0 0.453735 0.660880 0.013428 0.033796
0 0.449829 0.604630 0.013428 0.027778
0 0.450562 0.548380 0.011963 0.032870
0 0.455688 0.449306 0.011963 0.028241
0 0.455566 0.403241 0.012207 0.025000
0 0.453125 0.352778 0.010742 0.027778
0 0.448364 0.308796 0.010498 0.025926
0 0.450195 0.255556 0.012695 0.027778
0 0.499390 0.328704 0.011963 0.026852
0 0.500244 0.432639 0.011719 0.024537
0 0.503174 0.518287 0.010742 0.028241
0 0.510254 0.686574 0.015137 0.035185
0 0.515991 0.883796 0.016357 0.026852
0 0.459595 0.985185 0.013916 0.029630
0 0.155518 0.937269 0.016602 0.028241
0 0.595703 0.743056 0.013672 0.031481
0 0.593994 0.803472 0.013184 0.025463
0 0.609619 0.928241 0.014160 0.030556
0 0.665161 0.961574 0.015381 0.032407
0 0.654785 0.694676 0.013672 0.030093
0 0.636475 0.590278 0.014160 0.026852
0 0.619507 0.472454 0.012939 0.031019
0 0.569092 0.325694 0.011230 0.024537
0 0.578003 0.412500 0.012451 0.028704
0 0.740112 0.864815 0.015869 0.027778
0 0.795654 0.834491 0.015625 0.030093
0 0.786621 0.764583 0.014160 0.028241
0 0.772339 0.656250 0.015381 0.035648
0 0.731323 0.666435 0.016357 0.031944
0 0.716431 0.631713 0.011475 0.023611
0 0.643799 0.752083 0.012695 0.027315
0 0.657471 0.809491 0.012695 0.028241
0 0.866699 0.746991 0.019043 0.035648
0 0.860962 0.687963 0.021240 0.036111
0 0.851440 0.626620 0.018799 0.032870
0 0.874878 0.808565 0.017334 0.031944
0 0.888428 0.867361 0.018555 0.033796
0 0.898438 0.949306 0.016602 0.031944
0 0.990845 0.715741 0.017822 0.028704
0 0.872437 0.480093 0.013428 0.028704
0 0.832153 0.515741 0.015381 0.025000
0 0.757202 0.540046 0.014404 0.025463
0 0.676392 0.248843 0.012451 0.023611
0 0.725098 0.302083 0.013184 0.026389
0 0.789795 0.204167 0.013184 0.027778
0 0.684570 0.282870 0.012695 0.030556
0 0.618896 0.337269 0.011230 0.026389
0 0.820923 0.418287 0.016846 0.032870
0 0.592529 0.678241 0.012207 0.025926
0 0.588257 0.618056 0.012451 0.029630
0 0.582031 0.560185 0.012207 0.024074
0 0.038208 0.304167 0.014404 0.025926
0 0.052002 0.189815 0.011719 0.019444
0 0.124268 0.475463 0.016113 0.025926
0 0.131348 0.412963 0.017090 0.033333
0 0.060913 0.962500 0.019775 0.027778
0 0.268188 0.333102 0.015381 0.026389
0 0.262329 0.389583 0.011475 0.026389
0 0.307007 0.856713 0.015869 0.029167
0 0.320190 0.602083 0.014893 0.027315
0 0.386597 0.196759 0.013916 0.028704
0 0.516113 0.948380 0.014648 0.034722
0 0.689819 0.374074 0.011475 0.021296
0 0.731323 0.349769 0.012939 0.028241
0 0.624878 0.431019 0.012939 0.028704
0 0.678589 0.200926 0.013428 0.031481
0 0.710938 0.218056 0.011719 0.025926
0 0.870483 0.436806 0.017334 0.029167
0 0.827026 0.224537 0.013428 0.024074
0 0.453613 0.191667 0.010742 0.025000
0 0.980103 0.661343 0.017334 0.025463
0 0.325439 0.655093 0.013184 0.029630
0 0.378540 0.576620 0.013916 0.028241
0 0.500488 0.251157 0.011719 0.023611
0 0.505981 0.633565 0.012451 0.030093
0 0.045044 0.608333 0.016357 0.031481
0 0.062622 0.550231 0.015381 0.020833
0 0.604980 0.872454 0.013672 0.027315
0 0.611328 0.259028 0.012207 0.025463
0 0.713135 0.177778 0.009766 0.025000
0 0.562866 0.200926 0.011963 0.025000
0 0.623779 0.301852 0.011719 0.025000
0 0.775879 0.134028 0.011719 0.028241
0 0.171021 0.128704 0.014893 0.029630
0 0.805664 0.112037 0.015625 0.029630
0 0.093384 0.298611 0.013916 0.022222
0 0.594360 0.098380 0.010498 0.024537
0 0.703491 0.526157 0.013916 0.027315
0 0.567627 0.093519 0.011719 0.022222
0 0.294678 0.007870 0.014160 0.014815
0 0.346191 0.101852 0.011230 0.023148
0 0.495361 0.141204 0.009766 0.025926
0 0.060791 0.140509 0.012207 0.034722
0 0.389771 0.089352 0.011475 0.027778
0 0.846191 0.349074 0.015625 0.029630
0 0.600220 0.065972 0.011963 0.023611
0 0.010254 0.859028 0.014648 0.026389
0 0.271484 0.293981 0.011719 0.025000
0 0.331543 0.339815 0.014648 0.025000
0 0.024048 0.349306 0.013916 0.028241
0 0.213013 0.409722 0.013428 0.021296
0 0.215942 0.323148 0.012451 0.020370
0 0.230591 0.718287 0.015381 0.026389
0 0.275391 0.216435 0.011230 0.020833
0 0.340454 0.201389 0.012939 0.031481
0 0.906982 0.989815 0.016113 0.020370
0 0.922852 0.399769 0.012695 0.027315
0 0.797241 0.878241 0.016846 0.028704
0 0.230591 0.108102 0.013916 0.023611
0 0.454468 0.048380 0.012451 0.026389
0 0.861328 0.378935 0.013672 0.026389
0 0.983765 0.460648 0.014893 0.032407
0 0.509644 0.817824 0.013916 0.031019
0 0.509644 0.746296 0.014404 0.033333
0 0.034546 0.720833 0.016357 0.025926
0 0.949951 0.277315 0.016602 0.028704
0 0.291260 0.033796 0.015625 0.025926
0 0.611206 0.218519 0.011963 0.025926
0 0.246582 0.039583 0.013184 0.023611
0 0.198853 0.560880 0.015381 0.022685
0 0.259644 0.481019 0.019287 0.025926
0 0.574219 0.372685 0.012695 0.023148
0 0.700684 0.070370 0.014648 0.025926
0 0.764771 0.062269 0.011475 0.030093
0 0.830688 0.260880 0.013916 0.024537
0 0.007690 0.442361 0.014893 0.024537
0 0.147095 0.035648 0.015869 0.020370
0 0.168579 0.203009 0.011475 0.022685
0 0.620728 0.393750 0.013916 0.027315
0 0.574951 0.462731 0.015625 0.024537
0 0.197266 0.456713 0.012207 0.020833
0 0.575806 0.288426 0.015381 0.025000
0 0.382080 0.323380 0.012207 0.024537
0 0.394165 0.011111 0.016357 0.021296
0 0.455811 0.011343 0.012695 0.021759
0 0.226562 0.224769 0.010254 0.020833
0 0.281738 0.086574 0.010742 0.023148
0 0.562256 0.046296 0.011719 0.020370
0 0.564209 0.018750 0.010742 0.021759
0 0.761108 0.599074 0.014893 0.027778
0 0.712891 0.558796 0.014160 0.027778
0 0.961914 0.589583 0.012695 0.030093
0 0.852539 0.019907 0.015137 0.025926
0 0.218872 0.973843 0.012939 0.030093
0 0.228027 0.898843 0.013184 0.021759