0 0.223755 0.014352 0.017334 0.027778
0 0.350342 0.100926 0.016602 0.037037
0 0.214355 0.125694 0.005859 0.025463
0 0.329712 0.218519 0.014404 0.033333
0 0.306396 0.310648 0.019043 0.046296
0 0.205078 0.241667 0.022461 0.037037
0 0.040283 0.081019 0.017578 0.039815
0 0.027344 0.218056 0.022949 0.039815
0 0.004028 0.313889 0.007568 0.037963
0 0.185547 0.361111 0.021484 0.031481
0 0.280640 0.443056 0.019775 0.040741
0 0.162598 0.473380 0.020020 0.040278
0 0.274780 0.569676 0.019775 0.036574
0 0.143677 0.624074 0.023682 0.034259
0 0.250122 0.698611 0.016357 0.030556
0 0.126221 0.746296 0.025879 0.042593
0 0.241455 0.859259 0.021973 0.039815
0 0.101196 0.852083 0.020264 0.036574
0 0.083740 0.971991 0.028320 0.032870
0 0.383789 0.937269 0.018066 0.037500
0 0.493164 0.913889 0.018555 0.028704
0 0.393799 0.812500 0.016113 0.031481
0 0.517578 0.797917 0.018555 0.036574
0 0.544312 0.656019 0.021240 0.031481
0 0.406982 0.674306 0.020020 0.038426
0 0.429443 0.564352 0.018066 0.033333
0 0.552368 0.544676 0.017334 0.034722
0 0.439209 0.425231 0.015137 0.033796
0 0.572632 0.426389 0.018311 0.033333
0 0.451904 0.299074 0.017578 0.037037
0 0.569092 0.289815 0.019531 0.036111
0 0.482178 0.186343 0.022461 0.047685
0 0.593018 0.164583 0.015625 0.033796
0 0.478027 0.081250 0.015137 0.033796
0 0.600220 0.053241 0.019287 0.046296
0 0.785400 0.009259 0.015137 0.017593
0 0.887085 0.103472 0.027588 0.043981
0 0.867432 0.177546 0.020020 0.041204
0 0.760986 0.136806 0.015137 0.035648
0 0.752563 0.220370 0.011963 0.030556
0 0.896362 0.253704 0.017334 0.031481
0 0.860596 0.345833 0.020020 0.038889
0 0.733765 0.362037 0.021729 0.039815
0 0.832153 0.448148 0.016357 0.030556
0 0.727539 0.477083 0.005859 0.028241
0 0.706299 0.591898 0.008789 0.014352
0 0.828979 0.572222 0.015869 0.038889
0 0.692749 0.707870 0.023682 0.038889
0 0.826172 0.711806 0.020020 0.036574
0 0.799072 0.823843 0.025879 0.040278
0 0.688721 0.873148 0.020508 0.039815
0 0.786499 0.956713 0.023682 0.043056
0 0.659546 0.973148 0.024170 0.041667
0 0.943237 0.992130 0.017822 0.015741
0 0.975098 0.852315 0.025391 0.038889
0 0.976685 0.726620 0.026611 0.039352
0 0.991333 0.608102 0.017334 0.039352
0 0.993408 0.478241 0.013184 0.044444