0 0.086914 0.057870 0.012207 0.023148
0 0.035645 0.146296 0.026367 0.042593
0 0.358276 0.010648 0.021729 0.020370
0 0.307129 0.075231 0.020508 0.040278
0 0.422852 0.147685 0.021973 0.044444
0 0.261108 0.150000 0.022705 0.047222
0 0.367798 0.234954 0.018311 0.033796
0 0.203613 0.259954 0.027344 0.039352
0 0.328247 0.339120 0.019775 0.034722
0 0.160400 0.349306 0.024414 0.038426
0 0.274414 0.422454 0.015625 0.031019
0 0.114502 0.410648 0.016113 0.027778
0 0.067749 0.495139 0.026123 0.035648
0 0.011108 0.596991 0.021729 0.036574
0 0.410278 0.554630 0.019287 0.040741
0 0.222900 0.546991 0.023438 0.034722
0 0.125244 0.689352 0.025391 0.037037
0 0.364502 0.654167 0.015137 0.028704
0 0.323120 0.752546 0.018799 0.036574
0 0.073975 0.786574 0.027832 0.042593
0 0.276245 0.830093 0.020264 0.033333
0 0.228516 0.934491 0.020508 0.041204
0 0.372559 0.947454 0.019043 0.040278
0 0.422974 0.836806 0.016357 0.030093
0 0.472656 0.763194 0.018555 0.038426
0 0.599487 0.992593 0.019775 0.014815
0 0.648926 0.860417 0.020508 0.043981
0 0.532715 0.669444 0.018066 0.030556
0 0.568970 0.581481 0.016846 0.032407
0 0.459106 0.482870 0.018799 0.040741
0 0.618652 0.500694 0.017578 0.040278
0 0.505737 0.373843 0.014893 0.037500
0 0.653320 0.381250 0.020020 0.033796
0 0.706543 0.296991 0.018555 0.034722
0 0.549561 0.275463 0.019531 0.038889
0 0.604736 0.209722 0.022461 0.041667
0 0.744751 0.206481 0.019775 0.037037
0 0.629639 0.115741 0.016113 0.037037
0 0.468018 0.092361 0.017090 0.030093
0 0.515991 0.015278 0.014893 0.029630
0 0.696777 0.032176 0.018555 0.037500
0 0.835449 0.041435 0.025879 0.029167
0 0.873901 0.003241 0.009521 0.005556
0 0.790527 0.129630 0.021484 0.032407
0 0.950439 0.253472 0.023926 0.043981
0 0.923584 0.346065 0.014648 0.024537
0 0.862793 0.435648 0.015625 0.031481
0 0.984863 0.529398 0.027344 0.041204
0 0.948486 0.574306 0.025879 0.033796
0 0.778076 0.605093 0.026367 0.042593
0 0.894409 0.716435 0.025635 0.031944
0 0.951416 0.665278 0.017578 0.037963
0 0.739258 0.695833 0.014648 0.029630
0 0.841675 0.775463 0.021729 0.035185
0 0.802856 0.875694 0.016846 0.034722
0 0.984253 0.972685 0.031494 0.043519
0 0.761841 0.990741 0.020264 0.018519
0 0.832031 0.494907 0.019043 0.029630