0 0.012573 0.209954 0.024658 0.042130
0 0.017212 0.068287 0.024170 0.045833
0 0.192627 0.100000 0.009277 0.027778
0 0.329590 0.063194 0.017578 0.039352
0 0.312378 0.185185 0.017822 0.042593
0 0.188110 0.215972 0.025635 0.038426
0 0.170288 0.338657 0.021240 0.038426
0 0.290283 0.276389 0.020020 0.045370
0 0.149170 0.453935 0.022949 0.043981
0 0.266602 0.412731 0.019531 0.042130
0 0.265869 0.541898 0.019043 0.037500
0 0.243286 0.674074 0.017334 0.035185
0 0.134155 0.608565 0.023682 0.038426
0 0.120117 0.728472 0.026855 0.038426
0 0.236816 0.832639 0.021484 0.037500
0 0.097656 0.839120 0.019043 0.039352
0 0.083130 0.958565 0.024170 0.033796
0 0.382202 0.895833 0.019775 0.041667
0 0.480591 0.990509 0.022217 0.018981
0 0.492554 0.861111 0.016846 0.028704
0 0.513062 0.744907 0.019775 0.043519
0 0.388794 0.772917 0.018311 0.043056
0 0.400269 0.635648 0.019287 0.046296
0 0.535034 0.604167 0.017334 0.033333
0 0.419189 0.521759 0.019531 0.038889
0 0.539795 0.492130 0.020020 0.033333
0 0.425415 0.379861 0.016846 0.035648
0 0.559570 0.372454 0.018066 0.038426
0 0.436523 0.254861 0.018555 0.039352
0 0.552979 0.237269 0.019531 0.040278
0 0.463623 0.138657 0.020508 0.044907
0 0.572021 0.108796 0.018066 0.034259
0 0.457520 0.036111 0.016602 0.035185
0 0.578735 0.010417 0.020752 0.019907
0 0.740234 0.070370 0.017578 0.035185
0 0.866943 0.023611 0.027832 0.046296
0 0.996704 0.047685 0.006592 0.029630
0 0.847412 0.096296 0.020020 0.050000
0 0.876831 0.173380 0.014893 0.036574
0 0.718140 0.293981 0.021240 0.048148
0 0.844727 0.269213 0.014648 0.044907
0 0.991333 0.244907 0.017334 0.050000
0 0.816650 0.372917 0.021973 0.037500
0 0.713013 0.410185 0.010986 0.038889
0 0.819214 0.494444 0.018311 0.035185
0 0.986084 0.388889 0.027832 0.039815
0 0.980591 0.518056 0.022705 0.033333
0 0.686279 0.643287 0.025879 0.045833
0 0.818237 0.633102 0.021729 0.041204
0 0.968750 0.634259 0.026367 0.041667
0 0.686157 0.806019 0.021729 0.046296
0 0.795654 0.749306 0.025879 0.040278
0 0.967651 0.759954 0.024170 0.039352
0 0.658325 0.906481 0.024658 0.046296
0 0.783936 0.877778 0.021973 0.037963
0 0.949829 0.913194 0.028564 0.040278
0 0.696167 0.525000 0.004639 0.009259