0 0.282471 0.092593 0.008301 0.020370
0 0.334839 0.212731 0.008057 0.019907
0 0.329956 0.292593 0.009033 0.021296
0 0.322632 0.422685 0.009521 0.023148
0 0.248535 0.437269 0.010254 0.018981
0 0.207031 0.403472 0.009277 0.015278
0 0.209229 0.365046 0.010254 0.016204
0 0.216797 0.270139 0.009766 0.013426
0 0.144653 0.320139 0.009033 0.022685
0 0.125854 0.424769 0.011475 0.018056
0 0.119507 0.464583 0.009521 0.016204
0 0.107544 0.508565 0.010498 0.020833
0 0.104736 0.581250 0.014648 0.017130
0 0.249390 0.538194 0.009033 0.019907
0 0.200928 0.455787 0.009766 0.022685
0 0.031006 0.293287 0.008789 0.017130
0 0.338501 0.099074 0.008545 0.015741
0 0.336792 0.126620 0.007568 0.020833
0 0.272095 0.214352 0.008057 0.018519
0 0.260864 0.328935 0.010498 0.021759
0 0.230957 0.115509 0.007324 0.018056
0 0.228271 0.149306 0.009766 0.021759
0 0.314697 0.599074 0.011230 0.018519
0 0.324097 0.493519 0.009521 0.017593
0 0.378540 0.577315 0.006592 0.023148
0 0.370850 0.519444 0.006836 0.023148
0 0.379517 0.458565 0.007568 0.014352
0 0.382690 0.239352 0.007080 0.019444
0 0.385132 0.160648 0.007080 0.013889
0 0.373291 0.640278 0.007812 0.018519
0 0.450562 0.597454 0.010010 0.020833
0 0.447144 0.544676 0.007568 0.020833
0 0.448120 0.442130 0.006592 0.020370
0 0.449219 0.392824 0.006836 0.018056
0 0.445068 0.351852 0.007324 0.016667
0 0.443970 0.306250 0.007568 0.019907
0 0.449341 0.223611 0.006592 0.016667
0 0.449707 0.182407 0.007812 0.020370
0 0.448120 0.141667 0.006104 0.017593
0 0.442871 0.105324 0.007324 0.015278
0 0.445068 0.060185 0.007324 0.020370
0 0.490112 0.120602 0.007568 0.021759
0 0.491089 0.212037 0.007568 0.015741
0 0.493530 0.280093 0.007080 0.022222
0 0.498535 0.417593 0.008789 0.021296
0 0.502197 0.577546 0.008789 0.020833
0 0.452759 0.655787 0.008545 0.018056
0 0.506104 0.687037 0.005859 0.021296
0 0.504883 0.740278 0.009277 0.020370
0 0.454712 0.782639 0.010010 0.017130
0 0.364014 0.754398 0.009766 0.016204
0 0.365356 0.867593 0.010010 0.020370
0 0.306885 0.711574 0.010742 0.021296
0 0.230347 0.758565 0.009521 0.021759
0 0.232544 0.689352 0.009521 0.017593
0 0.178101 0.673843 0.011475 0.018056
0 0.094604 0.692130 0.011475 0.019444
0 0.075439 0.751389 0.018066 0.020370
0 0.073608 0.820370 0.013428 0.017593
0 0.215332 0.826389 0.012695 0.018519
0 0.227783 0.890046 0.008301 0.018056
0 0.293579 0.919676 0.012939 0.019907
0 0.295532 0.987963 0.011475 0.020370
0 0.457642 0.845370 0.007568 0.021296
0 0.056519 0.956250 0.014404 0.018981
0 0.574585 0.456713 0.007568 0.018056
0 0.574219 0.511806 0.008301 0.018981
0 0.585815 0.607639 0.007080 0.021759
0 0.591187 0.728472 0.009521 0.019907
0 0.600586 0.853704 0.007324 0.017593
0 0.600830 0.926852 0.010742 0.017593
0 0.636230 0.631250 0.009766 0.018056
0 0.627563 0.427546 0.010010 0.020833
0 0.612183 0.339120 0.006592 0.017130
0 0.599365 0.238889 0.008301 0.019444
0 0.301392 0.842593 0.010986 0.015741
0 0.305786 0.778935 0.011475 0.019907
0 0.507446 0.872917 0.007568 0.017130
0 0.553589 0.122222 0.005615 0.014815
0 0.560669 0.193750 0.005127 0.016204
0 0.718628 0.669213 0.008545 0.022685
0 0.655518 0.818056 0.009277 0.017593
0 0.661499 0.882870 0.007568 0.016667
0 0.664062 0.956481 0.009766 0.019444
0 0.746948 0.992130 0.011963 0.015741
0 0.739136 0.858102 0.010010 0.019907
0 0.728760 0.783102 0.009277 0.021759
0 0.728638 0.725000 0.011963 0.021296
0 0.705200 0.558102 0.009033 0.016204
0 0.756226 0.529630 0.008545 0.022222
0 0.747559 0.476389 0.007812 0.012037
0 0.735718 0.390046 0.012939 0.022685
0 0.695435 0.397917 0.010010 0.023611
0 0.683960 0.372454 0.008057 0.014352
0 0.617554 0.477546 0.006592 0.019907
0 0.631958 0.531019 0.005615 0.014815
0 0.809692 0.939583 0.012939 0.019907
0 0.801514 0.875463 0.011719 0.021296
0 0.785889 0.755324 0.012695 0.019907
0 0.771484 0.681481 0.009766 0.023148
0 0.755859 0.569676 0.008301 0.017130
0 0.819580 0.464815 0.007812 0.015741
0 0.815796 0.421296 0.009521 0.015741
0 0.806763 0.367130 0.008057 0.017593
0 0.861206 0.425694 0.005127 0.023611
0 0.828125 0.513657 0.007324 0.021759
0 0.833618 0.562731 0.007080 0.020833
0 0.844116 0.624769 0.009033 0.018981
0 0.850952 0.673148 0.010010 0.021296
0 0.855957 0.744907 0.008789 0.015741
0 0.875000 0.862731 0.011230 0.018981
0 0.898193 0.929861 0.013672 0.019907
0 0.958862 0.958102 0.015381 0.023611
0 0.954834 0.893519 0.010742 0.017593
0 0.921143 0.756944 0.013672 0.019444
0 0.916260 0.698843 0.010742 0.019907
0 0.984619 0.718056 0.013184 0.016667
0 0.978027 0.654861 0.009766 0.020833
0 0.957886 0.584491 0.011963 0.019907
0 0.944092 0.493750 0.012207 0.018981
0 0.933594 0.442130 0.012207 0.017593
0 0.961060 0.362963 0.008057 0.019444
0 0.827026 0.251389 0.009033 0.021296
0 0.791748 0.277778 0.008789 0.018519
0 0.722778 0.296759 0.007080 0.015741
0 0.726318 0.344676 0.007812 0.015278
0 0.674927 0.285648 0.008545 0.020370
0 0.653198 0.058333 0.007568 0.019444
0 0.697632 0.100231 0.007568 0.019907
0 0.757935 0.021759 0.007568 0.013889
0 0.875488 0.182176 0.007812 0.017130
0 0.907715 0.338426 0.009277 0.017593
0 0.931641 0.233565 0.006348 0.018981
0 0.901855 0.083796 0.008301 0.024074
0 0.659790 0.088889 0.006592 0.020370
0 0.599243 0.140972 0.006104 0.015278
0 0.781616 0.199769 0.006592 0.018981
0 0.808228 0.141667 0.009033 0.018519
0 0.821289 0.169213 0.007812 0.023611
0 0.957275 0.322454 0.011230 0.018056
0 0.572876 0.407870 0.008057 0.017593
0 0.569702 0.358333 0.009033 0.016667
0 0.566284 0.316204 0.007080 0.018519
0 0.068970 0.098843 0.008057 0.015278
0 0.079346 0.010185 0.006836 0.013889
0 0.117676 0.094907 0.009766 0.018519
0 0.068848 0.436574 0.008789 0.013889
0 0.147583 0.241667 0.008545 0.015741
0 0.155518 0.190278 0.008789 0.017593
0 0.160034 0.153009 0.006104 0.016204
0 0.099243 0.633102 0.009521 0.017130
0 0.052490 0.548843 0.008301 0.015278
0 0.149780 0.926389 0.011963 0.020370
0 0.155273 0.864815 0.009766 0.016667
0 0.178467 0.742824 0.010254 0.015278
0 0.216797 0.311111 0.008301 0.013889
0 0.215210 0.224537 0.006104 0.019444
0 0.278076 0.126852 0.007324 0.016667
0 0.272949 0.171759 0.004883 0.015741
0 0.316772 0.546759 0.008057 0.020370
0 0.324707 0.350926 0.004883 0.013889
0 0.345947 0.013889 0.008789 0.023148
0 0.388306 0.011574 0.007080 0.022222
0 0.507080 0.801852 0.006348 0.014815
0 0.367188 0.808333 0.007324 0.017593
0 0.447021 0.720139 0.004883 0.014352
0 0.503174 0.624074 0.007324 0.016667
0 0.499146 0.517593 0.007568 0.016667
0 0.497925 0.469907 0.008057 0.018519
0 0.582520 0.565509 0.006348 0.015278
0 0.638306 0.687731 0.008545 0.019907
0 0.645142 0.761574 0.008545 0.018519
0 0.748779 0.926852 0.007812 0.016667
0 0.682983 0.314815 0.007080 0.018519
0 0.662720 0.164815 0.006592 0.017593
0 0.701172 0.143519 0.007324 0.015741
0 0.604248 0.208796 0.005859 0.017593
0 0.592773 0.068056 0.006348 0.017593
0 0.654663 0.018519 0.008057 0.019444
0 0.683838 0.033796 0.006348 0.018519
0 0.695068 0.059722 0.004883 0.020370
0 0.899536 0.636574 0.008057 0.014815
0 0.870361 0.487037 0.010254 0.017593
0 0.845947 0.345139 0.008789 0.017130
0 0.826050 0.216667 0.005615 0.019444
0 0.791748 0.036343 0.007324 0.017130
0 0.985352 0.150926 0.008301 0.019444
0 0.967773 0.071759 0.008789 0.020370
0 0.906372 0.294444 0.010498 0.014815
0 0.988647 0.453704 0.011963 0.016667
0 0.156738 0.995139 0.009277 0.009722
0 0.244873 0.584954 0.008789 0.017130
0 0.283813 0.028472 0.007568 0.017130
0 0.453003 0.967593 0.010010 0.019444
0 0.366821 0.686806 0.009033 0.020833
0 0.612061 0.294213 0.004395 0.017130
0 0.447510 0.008102 0.008301 0.015278
0 0.921509 0.402778 0.005615 0.014815
0 0.992676 0.184954 0.009277 0.021759
0 0.009888 0.386806 0.006592 0.014352
0 0.238281 0.640972 0.010254 0.018056
0 0.183594 0.611574 0.010742 0.019444
0 0.772827 0.629630 0.011475 0.015741
0 0.192993 0.565509 0.008545 0.016204
0 0.331421 0.387269 0.007080 0.016204
0 0.379761 0.324537 0.008057 0.016667
0 0.491333 0.059954 0.006592 0.018981
0 0.696655 0.460417 0.008057 0.021759
0 0.494141 0.378009 0.008301 0.017130
0 0.009277 0.855093 0.005859 0.015741
0 0.002930 0.920833 0.005371 0.016667
0 0.668457 0.237731 0.008301 0.014352
0 0.078003 0.346296 0.011475 0.012963
0 0.093750 0.301620 0.007812 0.015278
0 0.878662 0.152778 0.008789 0.019444