0 0.063599 0.110185 0.023193 0.043519
0 0.020142 0.192361 0.030518 0.050463
0 0.251587 0.060880 0.004639 0.015278
0 0.388062 0.069676 0.016357 0.036574
0 0.358643 0.179398 0.016602 0.029167
0 0.234619 0.174537 0.020020 0.037037
0 0.329468 0.266667 0.018799 0.044444
0 0.207031 0.284028 0.018555 0.032870
0 0.175903 0.389352 0.018311 0.038889
0 0.294067 0.392130 0.020264 0.040741
0 0.452148 0.411806 0.014160 0.032870
0 0.280151 0.515741 0.018311 0.033333
0 0.433350 0.549306 0.018555 0.030093
0 0.403564 0.653009 0.018555 0.043981
0 0.247192 0.633102 0.018311 0.030093
0 0.146729 0.534954 0.023926 0.035648
0 0.123657 0.648843 0.026123 0.040278
0 0.225708 0.787731 0.022705 0.036574
0 0.087891 0.743287 0.012207 0.029167
0 0.381104 0.785417 0.016113 0.032870
0 0.360718 0.904167 0.016357 0.038889
0 0.066406 0.860880 0.026855 0.035648
0 0.032227 0.990046 0.022949 0.019907
0 0.162109 0.988657 0.025879 0.022685
0 0.472778 0.907407 0.016846 0.025000
0 0.631836 0.994444 0.013184 0.011111
0 0.669678 0.924306 0.019531 0.036574
0 0.683960 0.759491 0.021240 0.041204
0 0.504150 0.800926 0.022461 0.040741
0 0.782227 0.904398 0.026367 0.043056
0 0.816650 0.796528 0.020020 0.039352
0 0.830811 0.653009 0.020020 0.032870
0 0.840698 0.531250 0.021240 0.036574
0 0.540405 0.666435 0.019287 0.031019
0 0.705444 0.647685 0.010010 0.014815
0 0.735474 0.536343 0.010010 0.024537
0 0.582886 0.449074 0.018311 0.035185
0 0.749634 0.424769 0.020752 0.040278
0 0.590942 0.313889 0.020752 0.038889
0 0.776978 0.289815 0.013916 0.029630
0 0.791870 0.207407 0.013428 0.034259
0 0.473999 0.291204 0.020264 0.038889
0 0.827271 0.082176 0.014893 0.026389
0 0.511597 0.186806 0.022217 0.043056
0 0.622803 0.192130 0.016602 0.030556
0 0.638916 0.083565 0.019531 0.041204
0 0.513672 0.082407 0.014160 0.027778
0 0.950195 0.088194 0.027344 0.039352
0 0.919434 0.206944 0.028809 0.043519
0 0.896973 0.271528 0.022461 0.038426
0 0.919922 0.354398 0.021484 0.028241
0 0.878052 0.439352 0.021240 0.034259
0 0.996826 0.604630 0.006348 0.033333
0 0.990601 0.737269 0.013916 0.028241
0 0.966309 0.853472 0.026367 0.044907
0 0.954834 0.976157 0.028320 0.038426
0 0.555420 0.561343 0.017090 0.038426