0 0.026367 0.091435 0.018066 0.043981
0 0.016846 0.233102 0.025391 0.039352
0 0.209839 0.015741 0.015869 0.030556
0 0.200684 0.123611 0.007324 0.021296
0 0.336792 0.090278 0.016357 0.034259
0 0.194946 0.237963 0.024170 0.039815
0 0.318481 0.207870 0.017334 0.036111
0 0.296143 0.302315 0.021484 0.050000
0 0.175659 0.361111 0.022217 0.033333
0 0.273682 0.438426 0.017090 0.037963
0 0.157349 0.475463 0.020264 0.040741
0 0.270630 0.566204 0.020264 0.035185
0 0.140625 0.628935 0.025879 0.034722
0 0.247559 0.695602 0.013672 0.032870
0 0.125977 0.751157 0.023926 0.037500
0 0.240723 0.853935 0.020020 0.039352
0 0.101929 0.858565 0.014893 0.032870
0 0.086060 0.981944 0.023682 0.036111
0 0.386841 0.924074 0.017822 0.037037
0 0.494629 0.893056 0.019043 0.030556
0 0.393799 0.805787 0.015137 0.028241
0 0.517700 0.777546 0.019287 0.036574
0 0.541260 0.635417 0.021484 0.032870
0 0.404785 0.661343 0.021973 0.038426
0 0.426392 0.548380 0.021240 0.033796
0 0.546509 0.520370 0.015869 0.030556
0 0.431519 0.409722 0.012939 0.036111
0 0.563110 0.401157 0.016357 0.036574
0 0.443726 0.281250 0.021240 0.034722
0 0.559204 0.268519 0.020752 0.045370
0 0.470459 0.167130 0.020508 0.042593
0 0.579224 0.140972 0.018311 0.032870
0 0.464600 0.065278 0.015625 0.031481
0 0.587402 0.028704 0.019043 0.046296
0 0.739014 0.184028 0.012207 0.029167
0 0.746460 0.101157 0.016357 0.036574
0 0.872070 0.059491 0.025391 0.046759
0 0.854370 0.133565 0.018799 0.035648
0 0.884155 0.204861 0.018799 0.035648
0 0.850830 0.302546 0.020996 0.038426
0 0.994873 0.284259 0.010254 0.048148
0 0.989136 0.420139 0.021729 0.042130
0 0.823486 0.406481 0.019531 0.037963
0 0.725952 0.328472 0.018799 0.040278
0 0.719238 0.440741 0.009277 0.023148
0 0.824097 0.529398 0.018311 0.034722
0 0.987183 0.553241 0.018311 0.031481
0 0.824341 0.668981 0.021240 0.035185
0 0.973877 0.672917 0.029297 0.035648
0 0.799927 0.780787 0.027100 0.037500
0 0.971558 0.795833 0.027588 0.040741
0 0.788574 0.913889 0.023438 0.042593
0 0.955444 0.950926 0.031982 0.044444
0 0.689697 0.673843 0.021973 0.044907
0 0.690674 0.839815 0.021484 0.040741
0 0.663818 0.942593 0.021973 0.044444
0 0.700684 0.556250 0.006836 0.013426