0 0.087769 0.983102 0.012451 0.025463
0 0.094360 0.892130 0.015381 0.023148
0 0.141602 0.944907 0.016602 0.025926
0 0.156250 0.764120 0.015625 0.022685
0 0.134521 0.843056 0.012207 0.016667
0 0.111328 0.718981 0.013184 0.016667
0 0.090454 0.793287 0.017822 0.024537
0 0.174805 0.694213 0.013184 0.023611
0 0.105469 0.661574 0.013672 0.021296
0 0.178833 0.607870 0.012451 0.020370
0 0.175537 0.543287 0.014648 0.020833
0 0.119385 0.567361 0.012207 0.022685
0 0.119385 0.498611 0.015625 0.022222
0 0.018921 0.628472 0.018311 0.026389
0 0.026855 0.552778 0.018555 0.023148
0 0.064209 0.281250 0.012207 0.021759
0 0.075317 0.196065 0.015381 0.029167
0 0.063477 0.141204 0.015137 0.028704
0 0.004272 0.306944 0.008057 0.023148
0 0.031738 0.106250 0.015625 0.025463
0 0.030273 0.048148 0.013184 0.028704
0 0.084473 0.021991 0.014160 0.024537
0 0.153076 0.080093 0.010742 0.026852
0 0.154541 0.137731 0.012207 0.031944
0 0.155396 0.215046 0.014404 0.031019
0 0.140503 0.286111 0.013916 0.025000
0 0.144165 0.340046 0.013916 0.027315
0 0.132812 0.424306 0.012695 0.017130
0 0.047363 0.418287 0.009766 0.022685
0 0.039307 0.492593 0.013672 0.023148
0 0.170410 0.857407 0.011230 0.020370
0 0.179565 0.454167 0.016846 0.025000
0 0.205444 0.324769 0.012451 0.022685
0 0.209106 0.269213 0.010986 0.022685
0 0.220093 0.197917 0.011475 0.025463
0 0.226562 0.136111 0.009766 0.020370
0 0.209839 0.115046 0.010498 0.023611
0 0.177612 0.031250 0.005127 0.021759
0 0.329102 0.032176 0.010254 0.030093
0 0.311157 0.146296 0.010986 0.026852
0 0.318481 0.217824 0.010986 0.031019
0 0.314209 0.275926 0.010742 0.028704
0 0.387817 0.040278 0.010010 0.027778
0 0.391235 0.112500 0.010986 0.031481
0 0.382935 0.182176 0.010498 0.023611
0 0.369141 0.240278 0.011230 0.025926
0 0.310791 0.353009 0.013184 0.028241
0 0.301147 0.419676 0.013428 0.024537
0 0.290405 0.563889 0.013916 0.025926
0 0.306274 0.489583 0.008057 0.020833
0 0.282715 0.715509 0.012695 0.023611
0 0.279541 0.802778 0.010742 0.024074
0 0.269043 0.874769 0.007324 0.019907
0 0.341431 0.930093 0.010498 0.023148
0 0.340698 0.855093 0.009521 0.024074
0 0.351440 0.760185 0.007568 0.021296
0 0.357788 0.605556 0.010986 0.025000
0 0.362183 0.390278 0.011475 0.023148
0 0.364502 0.528009 0.012207 0.023611
0 0.362671 0.466435 0.009521 0.024537
0 0.372437 0.324769 0.009521 0.024537
0 0.464722 0.071759 0.011475 0.032407
0 0.471558 0.021528 0.009521 0.025463
0 0.462646 0.201620 0.008301 0.030093
0 0.458496 0.287963 0.010254 0.023148
0 0.460449 0.350926 0.010742 0.025926
0 0.450317 0.418981 0.010498 0.025000
0 0.450806 0.500694 0.005127 0.018981
0 0.452026 0.577315 0.013428 0.026852
0 0.453369 0.657176 0.011719 0.026389
0 0.445801 0.734259 0.009277 0.025926
0 0.446167 0.803009 0.006592 0.024537
0 0.444580 0.902083 0.010254 0.019907
0 0.431763 0.897917 0.010986 0.019907
0 0.515259 0.852315 0.011963 0.026852
0 0.434692 0.992361 0.012451 0.014352
0 0.521240 0.932639 0.008789 0.023611
0 0.514038 0.770139 0.010010 0.024537
0 0.504272 0.703472 0.010986 0.022685
0 0.513428 0.606944 0.009277 0.018519
0 0.514282 0.531019 0.010498 0.023148
0 0.514648 0.452083 0.009277 0.022685
0 0.517700 0.382407 0.009521 0.021296
0 0.519287 0.238889 0.010742 0.027778
0 0.512451 0.188426 0.010742 0.023148
0 0.525269 0.113194 0.010010 0.024537
0 0.633179 0.084722 0.012451 0.032407
0 0.634521 0.156944 0.009277 0.022222
0 0.638794 0.228704 0.011475 0.033333
0 0.636353 0.305556 0.011475 0.023148
0 0.635254 0.368287 0.011719 0.023611
0 0.632446 0.438194 0.009521 0.022685
0 0.624634 0.520139 0.011963 0.025463
0 0.630249 0.597917 0.012451 0.023611
0 0.629272 0.686574 0.011963 0.019444
0 0.631592 0.835185 0.013184 0.022222
0 0.634766 0.930787 0.015137 0.027315
0 0.699951 0.972685 0.014648 0.024074
0 0.692749 0.900926 0.011963 0.025926
0 0.682495 0.804398 0.010010 0.021759
0 0.695923 0.723843 0.013916 0.024537
0 0.690918 0.574537 0.012695 0.024074
0 0.690063 0.065741 0.014404 0.025926
0 0.689331 0.185185 0.011475 0.027778
0 0.698486 0.261806 0.008301 0.024537
0 0.688477 0.326852 0.011719 0.028704
0 0.695679 0.416204 0.011963 0.024074
0 0.693848 0.479861 0.011230 0.023611
0 0.802612 0.975463 0.013428 0.025000
0 0.809326 0.903241 0.013672 0.025926
0 0.807617 0.810648 0.014648 0.022222
0 0.869873 0.774537 0.012695 0.023148
0 0.795898 0.722685 0.012695 0.022222
0 0.810547 0.646296 0.017578 0.025000
0 0.867554 0.608333 0.014893 0.022222
0 0.799683 0.564352 0.013916 0.021296
0 0.858154 0.525694 0.007324 0.019907
0 0.795288 0.495139 0.010986 0.020833
0 0.854980 0.438426 0.012695 0.020370
0 0.800781 0.402778 0.015625 0.024074
0 0.853516 0.377083 0.008301 0.017130
0 0.790039 0.340046 0.009766 0.019907
0 0.859375 0.290741 0.012207 0.024074
0 0.789917 0.251157 0.013916 0.031944
0 0.847412 0.223843 0.011719 0.025463
0 0.791138 0.194676 0.015381 0.026389
0 0.843872 0.159259 0.010498 0.021296
0 0.792725 0.123148 0.013184 0.025926
0 0.789917 0.058565 0.007568 0.029167
0 0.851074 0.016898 0.010254 0.026389
0 0.846558 0.087500 0.012451 0.024074
0 0.987671 0.742824 0.019287 0.025463
0 0.988525 0.649074 0.021484 0.025926
0 0.981689 0.556944 0.020996 0.026852
0 0.972168 0.414352 0.020996 0.025000
0 0.971313 0.333102 0.020264 0.030093
0 0.968018 0.198148 0.018555 0.025000
0 0.963745 0.136343 0.011475 0.021759
0 0.942993 0.006713 0.011963 0.012500
0 0.866455 0.682176 0.012207 0.020833
0 0.884644 0.944444 0.013916 0.019444