0 0.957153 0.939120 0.014404 0.024537
0 0.885620 0.965972 0.015869 0.026389
0 0.887573 0.888889 0.018799 0.023148
0 0.923584 0.770602 0.017090 0.026389
0 0.856934 0.745602 0.011719 0.026389
0 0.848022 0.661574 0.014893 0.027778
0 0.910400 0.701157 0.014648 0.028241
0 0.872070 0.815278 0.011230 0.025000
0 0.770264 0.907639 0.011230 0.022685
0 0.704224 0.867593 0.012939 0.025926
0 0.765869 0.833796 0.013672 0.025000
0 0.760010 0.755324 0.013672 0.024537
0 0.697510 0.734722 0.014648 0.026852
0 0.704712 0.813194 0.006592 0.016204
0 0.744995 0.701389 0.011475 0.022222
0 0.683960 0.659491 0.012451 0.024537
0 0.743408 0.637731 0.013672 0.022685
0 0.716187 0.951389 0.015381 0.027778
0 0.741943 0.569676 0.013184 0.020833
0 0.666626 0.538889 0.007568 0.021296
0 0.665039 0.488194 0.007812 0.026389
0 0.720703 0.458333 0.010742 0.024074
0 0.715942 0.393519 0.010986 0.027778
0 0.722534 0.348843 0.013916 0.026389
0 0.802856 0.381481 0.009521 0.020370
0 0.811157 0.428009 0.011475 0.027315
0 0.833618 0.611343 0.010498 0.021759
0 0.828979 0.560648 0.013916 0.024074
0 0.902344 0.576620 0.017090 0.026389
0 0.877441 0.511574 0.013184 0.024074
0 0.875488 0.448148 0.013184 0.026852
0 0.861572 0.325926 0.015137 0.031481
0 0.797485 0.327315 0.011475 0.025926
0 0.952026 0.459954 0.017334 0.023611
0 0.945801 0.412037 0.012695 0.025926
0 0.960815 0.527546 0.011963 0.020833
0 0.821655 0.498380 0.012451 0.025463
0 0.863892 0.386343 0.012451 0.023611
0 0.920654 0.245602 0.017090 0.031019
0 0.985718 0.326389 0.010986 0.024074
0 0.968018 0.271991 0.013672 0.028241
0 0.884644 0.115278 0.009521 0.027778
0 0.869751 0.074074 0.010986 0.027778
0 0.876709 0.027315 0.010742 0.029630
0 0.995483 0.094676 0.008545 0.026389
0 0.991699 0.036574 0.010742 0.025000
0 0.779785 0.231481 0.009277 0.027778
0 0.773071 0.179630 0.010498 0.028704
0 0.713135 0.290046 0.013672 0.031019
0 0.765015 0.134491 0.008545 0.022685
0 0.771973 0.085417 0.012695 0.028241
0 0.767700 0.046065 0.011475 0.025463
0 0.640869 0.044213 0.008789 0.025463
0 0.640625 0.090509 0.009277 0.024537
0 0.659058 0.417130 0.009521 0.025000
0 0.616821 0.954398 0.013916 0.026389
0 0.607910 0.811806 0.011719 0.024537
0 0.611450 0.733565 0.011475 0.027315
0 0.608643 0.672685 0.009766 0.022222
0 0.594116 0.329167 0.009521 0.021296
0 0.596680 0.406019 0.009277 0.027778
0 0.595093 0.477315 0.009521 0.026852
0 0.597412 0.547685 0.009277 0.024074
0 0.536377 0.449306 0.009277 0.027315
0 0.540405 0.566204 0.010498 0.028704
0 0.535889 0.518287 0.005371 0.022685
0 0.549805 0.926620 0.012695 0.028241
0 0.553223 0.856019 0.012207 0.025000
0 0.546509 0.765972 0.010986 0.025463
0 0.544067 0.703935 0.009521 0.026389
0 0.544067 0.649306 0.009033 0.020833
0 0.599243 0.597685 0.010498 0.025000
0 0.539307 0.358565 0.008789 0.020833
0 0.532593 0.291898 0.009033 0.025463
0 0.456909 0.541667 0.008545 0.021296
0 0.443848 0.667361 0.011230 0.026389
0 0.590820 0.267824 0.009277 0.024537
0 0.530640 0.206019 0.009033 0.022222
0 0.528320 0.169907 0.008789 0.021296
0 0.530029 0.122685 0.009277 0.022222
0 0.523315 0.032407 0.007568 0.021296
0 0.572021 0.048148 0.008789 0.025926
0 0.580444 0.130324 0.006104 0.019907
0 0.582153 0.086574 0.006104 0.025000
0 0.581177 0.185417 0.005127 0.021759
0 0.641968 0.181481 0.006104 0.024074
0 0.696533 0.106713 0.007812 0.025463
0 0.456055 0.013194 0.012695 0.025463
0 0.452881 0.091667 0.010254 0.028704
0 0.457520 0.138426 0.009766 0.025926
0 0.467651 0.224306 0.010010 0.024537
0 0.457642 0.178935 0.009033 0.024537
0 0.454590 0.359722 0.010254 0.025926
0 0.456909 0.322917 0.006104 0.024537
0 0.449341 0.430787 0.009033 0.022685
0 0.449829 0.476620 0.010498 0.027315
0 0.460815 0.609028 0.011963 0.023611
0 0.452515 0.740741 0.010010 0.025926
0 0.450317 0.875926 0.011963 0.025926
0 0.438843 0.966898 0.009033 0.026389
0 0.376831 0.993981 0.014404 0.011111
0 0.377441 0.909722 0.012695 0.027778
0 0.392212 0.837963 0.010498 0.030556
0 0.376831 0.698843 0.011963 0.023611
0 0.386963 0.621065 0.010742 0.028241
0 0.385742 0.568519 0.012207 0.026852
0 0.393677 0.463889 0.010986 0.023148
0 0.393677 0.395602 0.010010 0.025463
0 0.399414 0.346991 0.009766 0.025463
0 0.389526 0.293287 0.008057 0.018981
0 0.400024 0.237731 0.009033 0.028241
0 0.400635 0.163657 0.008789 0.020833
0 0.397095 0.113657 0.005615 0.019907
0 0.401367 0.064352 0.006836 0.019444
0 0.401367 0.026620 0.005371 0.020833
0 0.332275 0.095833 0.009766 0.028704
0 0.284912 0.982407 0.014648 0.027778
0 0.213989 0.951389 0.013916 0.032407
0 0.224487 0.863194 0.012939 0.025463
0 0.282837 0.840509 0.009033 0.019907
0 0.292847 0.756250 0.012451 0.025463
0 0.235107 0.729398 0.013184 0.022685
0 0.233765 0.604630 0.013916 0.036111
0 0.300293 0.615509 0.012207 0.024537
0 0.243774 0.525694 0.013428 0.026389
0 0.316528 0.428472 0.010986 0.029167
0 0.249390 0.465972 0.009033 0.030093
0 0.269165 0.367130 0.010986 0.026852
0 0.321167 0.343750 0.008545 0.019907
0 0.308472 0.393287 0.008057 0.021759
0 0.265869 0.271759 0.010254 0.024074
0 0.277100 0.126620 0.010742 0.027315
0 0.330933 0.183102 0.007568 0.028241
0 0.321167 0.294676 0.010010 0.025463
0 0.042358 0.978704 0.012939 0.019444
0 0.098877 0.991435 0.017578 0.016204
0 0.114136 0.921759 0.012939 0.025000
0 0.129395 0.842593 0.013184 0.025926
0 0.130005 0.774769 0.014404 0.024537
0 0.146240 0.637963 0.013184 0.025000
0 0.081299 0.670139 0.016602 0.023611
0 0.059204 0.822454 0.016846 0.024537
0 0.019043 0.573843 0.013184 0.026389
0 0.031494 0.521296 0.007812 0.023148
0 0.040894 0.460417 0.011963 0.021759
0 0.048218 0.410185 0.012939 0.025000
0 0.120850 0.434491 0.011719 0.028241
0 0.167969 0.506481 0.010254 0.025000
0 0.169922 0.463426 0.012207 0.025926
0 0.079224 0.211574 0.008057 0.021296
0 0.174927 0.389120 0.010986 0.025463
0 0.178467 0.346991 0.005371 0.018056
0 0.192261 0.287500 0.010986 0.025000
0 0.205933 0.200926 0.010010 0.021296
0 0.220215 0.067361 0.006836 0.024537
0 0.219238 0.031481 0.004883 0.019444
0 0.099487 0.543981 0.009033 0.022222
0 0.113403 0.373843 0.008057 0.019907
0 0.105957 0.035880 0.012695 0.027315
0 0.204712 0.154398 0.008545 0.020833
0 0.210571 0.109028 0.009033 0.022685