0 0.012817 0.209028 0.023193 0.038426
0 0.187012 0.216204 0.024414 0.034259
0 0.169922 0.339120 0.022461 0.035648
0 0.150879 0.451620 0.024414 0.039352
0 0.134399 0.604630 0.024658 0.037963
0 0.120850 0.728704 0.025391 0.034259
0 0.083496 0.958796 0.027832 0.037037
0 0.236450 0.832870 0.021240 0.038889
0 0.241821 0.671065 0.017334 0.031944
0 0.265625 0.541667 0.021484 0.037037
0 0.267090 0.412500 0.021484 0.037037
0 0.289307 0.275694 0.019531 0.047685
0 0.311523 0.184259 0.015625 0.036111
0 0.330811 0.064815 0.015625 0.043519
0 0.456665 0.038426 0.015381 0.039815
0 0.463257 0.137037 0.019287 0.046296
0 0.436401 0.254398 0.019287 0.041204
0 0.425293 0.383102 0.013672 0.038426
0 0.419312 0.521759 0.018799 0.037037
0 0.399048 0.634954 0.021240 0.041204
0 0.382568 0.896991 0.015137 0.037500
0 0.491943 0.862731 0.015137 0.029167
0 0.513062 0.746296 0.019287 0.037963
0 0.535645 0.603241 0.019043 0.033333
0 0.541992 0.491667 0.019043 0.033333
0 0.559204 0.371528 0.017822 0.034722
0 0.553223 0.237500 0.018555 0.037963
0 0.574219 0.112037 0.021484 0.035185
0 0.659790 0.907176 0.021729 0.042130
0 0.685425 0.803704 0.023193 0.039815
0 0.686279 0.640741 0.022949 0.040741
0 0.719727 0.293519 0.020996 0.037963
0 0.741089 0.067593 0.015381 0.031481
0 0.866089 0.025231 0.025146 0.041204
0 0.846558 0.099769 0.019775 0.032870
0 0.874023 0.172917 0.023438 0.031944
0 0.844604 0.267130 0.017822 0.037037
0 0.817505 0.370602 0.018311 0.031944
0 0.818970 0.492824 0.017334 0.031944
0 0.821777 0.635648 0.023926 0.036111
0 0.795410 0.747222 0.026367 0.035185
0 0.786255 0.878704 0.026123 0.040741
0 0.949341 0.911806 0.025146 0.037500
0 0.966187 0.758796 0.026611 0.034259
0 0.968994 0.635185 0.026367 0.036111
0 0.982300 0.514815 0.016846 0.031481
0 0.985352 0.387037 0.026855 0.045370
0 0.991211 0.248148 0.015625 0.047222
0 0.097534 0.838426 0.016357 0.033333
0 0.387939 0.775926 0.013672 0.033333