0 0.084595 0.974306 0.023193 0.030093
0 0.127808 0.748380 0.025146 0.039352
0 0.242310 0.859954 0.018799 0.039352
0 0.248901 0.698843 0.018311 0.028241
0 0.144165 0.624306 0.024658 0.032870
0 0.276367 0.571065 0.017578 0.033796
0 0.163818 0.474537 0.022461 0.037037
0 0.281128 0.443056 0.020264 0.035185
0 0.184937 0.363426 0.018799 0.028704
0 0.306519 0.309954 0.019287 0.043981
0 0.203735 0.243287 0.023682 0.034722
0 0.039062 0.083102 0.014160 0.039352
0 0.220581 0.012269 0.013916 0.022685
0 0.349487 0.100926 0.013428 0.036111
0 0.328125 0.216204 0.012207 0.031481
0 0.476685 0.081019 0.013916 0.031481
0 0.480469 0.182639 0.021484 0.042130
0 0.451172 0.297222 0.016602 0.034259
0 0.569214 0.288657 0.018311 0.037500
0 0.438477 0.423843 0.015137 0.033796
0 0.571533 0.424769 0.016113 0.034722
0 0.551270 0.541435 0.017090 0.031944
0 0.429565 0.563194 0.017822 0.034722
0 0.407349 0.674074 0.017334 0.037963
0 0.544067 0.654167 0.017334 0.028704
0 0.517944 0.796528 0.019775 0.040278
0 0.384766 0.936343 0.014648 0.040278
0 0.500854 0.909028 0.005615 0.022685
0 0.599731 0.047685 0.018311 0.041667
0 0.591064 0.162500 0.020020 0.039815
0 0.759033 0.135417 0.013184 0.039352
0 0.884888 0.097222 0.023682 0.037963
0 0.864624 0.169907 0.019775 0.037963
0 0.895264 0.246528 0.017090 0.030093
0 0.860352 0.337500 0.020996 0.036111
0 0.734863 0.357639 0.023438 0.040278
0 0.831177 0.443056 0.017334 0.031481
0 0.825928 0.564352 0.012695 0.034259
0 0.693848 0.704167 0.021484 0.036111
0 0.826294 0.707639 0.023193 0.037500
0 0.801880 0.820139 0.027100 0.036574
0 0.690063 0.868287 0.019775 0.035648
0 0.660522 0.969676 0.020752 0.042130
0 0.788940 0.950000 0.024658 0.046296
0 0.949585 0.988657 0.025146 0.019907
0 0.972778 0.842824 0.031006 0.037500
0 0.977295 0.719213 0.027832 0.038426
0 0.992310 0.599306 0.013916 0.030093
0 0.993286 0.471759 0.011475 0.037037