0 0.285156 0.096296 0.008301 0.020370
0 0.338501 0.215972 0.008057 0.019907
0 0.334106 0.297222 0.009521 0.022222
0 0.327148 0.426389 0.008301 0.028704
0 0.252197 0.441898 0.010254 0.018981
0 0.210938 0.405787 0.009277 0.015278
0 0.212646 0.368750 0.010254 0.016204
0 0.220703 0.272454 0.009766 0.013426
0 0.148560 0.322685 0.008545 0.019444
0 0.129272 0.428472 0.011475 0.018056
0 0.122925 0.469213 0.009521 0.016204
0 0.111694 0.511343 0.010498 0.020833
0 0.108643 0.586806 0.014648 0.017130
0 0.253296 0.544213 0.009033 0.019907
0 0.204346 0.460880 0.009766 0.022685
0 0.033691 0.298380 0.008789 0.017130
0 0.340942 0.101389 0.008545 0.015741
0 0.339966 0.128935 0.007568 0.020833
0 0.275513 0.218056 0.008057 0.018519
0 0.264771 0.333565 0.010498 0.021759
0 0.233032 0.117593 0.008545 0.018519
0 0.231201 0.150694 0.009766 0.021759
0 0.318970 0.605787 0.013428 0.023611
0 0.328979 0.498843 0.009521 0.022685
0 0.383911 0.584259 0.008545 0.024074
0 0.375000 0.523148 0.006836 0.023148
0 0.383911 0.464815 0.007568 0.017593
0 0.386841 0.243056 0.007080 0.019444
0 0.388550 0.163889 0.007080 0.013889
0 0.377930 0.646759 0.007812 0.018519
0 0.455322 0.603935 0.008789 0.018056
0 0.451782 0.549769 0.007568 0.020833
0 0.452515 0.446759 0.006592 0.020370
0 0.452393 0.396991 0.006836 0.018056
0 0.449707 0.356944 0.007324 0.016667
0 0.448608 0.310880 0.007568 0.019907
0 0.453491 0.226852 0.006592 0.016667
0 0.454346 0.187037 0.007812 0.020370
0 0.451782 0.143981 0.006104 0.017593
0 0.446289 0.108102 0.007324 0.015278
0 0.448242 0.063889 0.007324 0.020370
0 0.493530 0.124769 0.007568 0.021759
0 0.494507 0.215278 0.007568 0.015741
0 0.497192 0.284259 0.007080 0.022222
0 0.502930 0.422222 0.008789 0.021296
0 0.507568 0.582639 0.008789 0.020833
0 0.458130 0.663194 0.008545 0.018056
0 0.511230 0.692593 0.005859 0.021296
0 0.509644 0.747222 0.009521 0.019444
0 0.460327 0.788657 0.010010 0.017130
0 0.369141 0.760880 0.009766 0.016204
0 0.369995 0.875000 0.010010 0.020370
0 0.311768 0.718519 0.010742 0.021296
0 0.235718 0.765046 0.009521 0.021759
0 0.236450 0.694907 0.009521 0.017593
0 0.182739 0.678935 0.011475 0.018056
0 0.099243 0.697685 0.011475 0.019444
0 0.080322 0.759259 0.016113 0.021296
0 0.077637 0.828241 0.013184 0.019444
0 0.219482 0.832407 0.012695 0.018519
0 0.232544 0.899074 0.009033 0.019444
0 0.298706 0.927083 0.012939 0.019907
0 0.300415 0.993287 0.011475 0.013426
0 0.462280 0.851389 0.007568 0.021296
0 0.060913 0.964583 0.014404 0.018981
0 0.578979 0.460880 0.007568 0.018056
0 0.577637 0.515046 0.007812 0.017130
0 0.590698 0.613426 0.007568 0.020370
0 0.596313 0.734491 0.009521 0.019907
0 0.604492 0.859259 0.007324 0.017593
0 0.605469 0.933796 0.010742 0.017593
0 0.641357 0.638194 0.009766 0.018056
0 0.631714 0.432639 0.010010 0.020833
0 0.616577 0.344213 0.006592 0.017130
0 0.603516 0.243519 0.008301 0.019444
0 0.305298 0.850694 0.011963 0.018981
0 0.311157 0.786343 0.011475 0.019907
0 0.513062 0.880324 0.007568 0.017130
0 0.557861 0.125694 0.006836 0.016204
0 0.565308 0.197917 0.006104 0.021759
0 0.723511 0.675694 0.008545 0.022685
0 0.659912 0.824074 0.009277 0.017593
0 0.664673 0.888426 0.009521 0.016667
0 0.669922 0.964352 0.009766 0.019444
0 0.752441 0.995370 0.013184 0.009259
0 0.744751 0.866435 0.010010 0.019907
0 0.734863 0.791898 0.009277 0.021759
0 0.734253 0.733333 0.011963 0.021296
0 0.709839 0.562963 0.008545 0.020370
0 0.760742 0.533796 0.009277 0.022222
0 0.751221 0.480787 0.008301 0.018056
0 0.740356 0.395602 0.012939 0.022685
0 0.700317 0.402083 0.010010 0.023611
0 0.688843 0.375694 0.008545 0.016204
0 0.621948 0.482870 0.009521 0.024074
0 0.635742 0.535648 0.005859 0.018519
0 0.815552 0.947454 0.012939 0.019907
0 0.807373 0.882870 0.011719 0.021296
0 0.790771 0.762269 0.012695 0.019907
0 0.775391 0.685185 0.009766 0.023148
0 0.761230 0.575231 0.008301 0.017130
0 0.824829 0.469907 0.009033 0.017593
0 0.820435 0.425463 0.009521 0.015741
0 0.811401 0.370833 0.008057 0.017593
0 0.866211 0.428241 0.005371 0.024074
0 0.831055 0.518519 0.009766 0.020370
0 0.839478 0.566204 0.008545 0.020370
0 0.849976 0.628472 0.009033 0.018981
0 0.857300 0.679630 0.010010 0.021296
0 0.861328 0.751852 0.008789 0.015741
0 0.881348 0.870602 0.011230 0.018981
0 0.905029 0.939120 0.013672 0.019907
0 0.965454 0.967361 0.015381 0.023611
0 0.961304 0.900694 0.010986 0.018981
0 0.925903 0.764120 0.012451 0.022685
0 0.922119 0.705324 0.010742 0.019907
0 0.990723 0.725000 0.013184 0.016667
0 0.983643 0.661343 0.009766 0.020833
0 0.963501 0.589583 0.011963 0.019907
0 0.949463 0.498843 0.012207 0.018981
0 0.939453 0.446528 0.011230 0.018056
0 0.965942 0.367593 0.008057 0.019444
0 0.832153 0.256481 0.009033 0.021296
0 0.795898 0.281944 0.008789 0.018519
0 0.727661 0.301157 0.008545 0.018981
0 0.731323 0.350231 0.008545 0.015278
0 0.679321 0.289815 0.008545 0.020370
0 0.657349 0.059722 0.007568 0.019444
0 0.701660 0.103704 0.007324 0.023148
0 0.761841 0.024074 0.007568 0.013889
0 0.880615 0.185417 0.007812 0.017130
0 0.913208 0.342593 0.008545 0.015741
0 0.935791 0.237731 0.007812 0.019907
0 0.905518 0.086574 0.008301 0.024074
0 0.664185 0.090741 0.006592 0.020370
0 0.603149 0.145139 0.006104 0.015278
0 0.787109 0.200926 0.010254 0.020370
0 0.812378 0.146296 0.009033 0.018519
0 0.825439 0.173148 0.007324 0.020370
0 0.962402 0.327546 0.011230 0.018056
0 0.577393 0.412963 0.009277 0.021296
0 0.573853 0.363426 0.008057 0.018519
0 0.570190 0.320833 0.007080 0.018519
0 0.070923 0.102083 0.008057 0.015278
0 0.081299 0.008796 0.006836 0.013889
0 0.073975 0.443056 0.011230 0.017593
0 0.151855 0.245139 0.009277 0.018981
0 0.158691 0.193519 0.008789 0.017593
0 0.163452 0.156713 0.006104 0.016204
0 0.101440 0.636806 0.009521 0.017130
0 0.055420 0.554861 0.008301 0.015278
0 0.154541 0.933796 0.011230 0.018519
0 0.182373 0.749306 0.010254 0.015278
0 0.281494 0.131481 0.007324 0.016667
0 0.275635 0.173611 0.004883 0.015741
0 0.320923 0.552778 0.008057 0.020370
0 0.327881 0.356019 0.004883 0.013889
0 0.349121 0.017130 0.008789 0.023148
0 0.391724 0.013426 0.008057 0.020370
0 0.372314 0.815046 0.008301 0.019907
0 0.507324 0.629630 0.007324 0.016667
0 0.502930 0.521991 0.008301 0.019907
0 0.502075 0.475463 0.008057 0.018519
0 0.642944 0.690509 0.008545 0.019907
0 0.649902 0.765741 0.009766 0.020370
0 0.754639 0.933333 0.007812 0.016667
0 0.687622 0.315741 0.007080 0.018519
0 0.667114 0.168056 0.006592 0.017593
0 0.705688 0.146991 0.009521 0.017130
0 0.607910 0.211111 0.005859 0.017593
0 0.658325 0.021296 0.008057 0.019444
0 0.687744 0.035185 0.006348 0.018519
0 0.876221 0.490741 0.010254 0.017593
0 0.851318 0.347917 0.008789 0.017130
0 0.830200 0.221759 0.005615 0.019444
0 0.795410 0.040046 0.007324 0.017130
0 0.990723 0.153241 0.011719 0.021296
0 0.973511 0.075463 0.009521 0.022222
0 0.910034 0.297454 0.010010 0.013426
0 0.994873 0.457870 0.010254 0.017593
0 0.248779 0.590509 0.010742 0.019907
0 0.286255 0.030787 0.007568 0.017130
0 0.458618 0.975463 0.010010 0.019444
0 0.370239 0.690046 0.009033 0.020833
0 0.616577 0.298380 0.007080 0.018056
0 0.451172 0.007639 0.008301 0.014352
0 0.926147 0.407870 0.005615 0.014815
0 0.996094 0.186806 0.007812 0.017130
0 0.011841 0.387269 0.006592 0.014352
0 0.241455 0.646065 0.010254 0.018056
0 0.186890 0.617130 0.011963 0.023148
0 0.778809 0.635417 0.012207 0.018981
0 0.336060 0.390509 0.007080 0.016204
0 0.383911 0.328241 0.007568 0.018519
0 0.495239 0.065509 0.006592 0.018981
0 0.701294 0.463657 0.009521 0.021759
0 0.498047 0.382176 0.008301 0.017130
0 0.004150 0.928009 0.007812 0.020833
0 0.081665 0.350463 0.011475 0.012963
0 0.096680 0.306250 0.007812 0.015278
0 0.882812 0.156944 0.008789 0.019444
0 0.159302 0.867824 0.011963 0.018981
0 0.672363 0.242593 0.009766 0.016667
0 0.907959 0.643056 0.010742 0.020370
0 0.451294 0.725231 0.008057 0.016204
0 0.586914 0.571065 0.005371 0.018056
0 0.597778 0.071528 0.007080 0.016204
0 0.219727 0.313889 0.008301 0.016667
0 0.697754 0.060880 0.004883 0.021759
0 0.038086 0.672222 0.013184 0.021296
0 0.121826 0.099537 0.008301 0.018519
0 0.511719 0.813194 0.004883 0.017130
0 0.232788 0.191898 0.006104 0.016204