0 0.071777 0.035648 0.006836 0.018519
0 0.028564 0.274537 0.009766 0.013889
0 0.037598 0.218287 0.009766 0.018056
0 0.153198 0.203935 0.010498 0.022685
0 0.129761 0.107870 0.008545 0.018519
0 0.014160 0.396528 0.009766 0.017130
0 0.129150 0.079398 0.009277 0.018981
0 0.070557 0.393287 0.012695 0.017130
0 0.184570 0.010880 0.006836 0.018981
0 0.177612 0.036574 0.008545 0.022222
0 0.183838 0.119444 0.006348 0.013889
0 0.148315 0.284028 0.007568 0.019907
0 0.134277 0.325231 0.006836 0.019907
0 0.114990 0.466898 0.007812 0.016204
0 0.238281 0.036806 0.008301 0.016204
0 0.232178 0.112963 0.008301 0.013889
0 0.214966 0.184722 0.008545 0.014815
0 0.210815 0.305787 0.008545 0.024537
0 0.198364 0.414815 0.008545 0.016667
0 0.195679 0.458796 0.010498 0.018519
0 0.247070 0.488426 0.009766 0.017593
0 0.251343 0.429398 0.009033 0.018056
0 0.256836 0.383102 0.009766 0.019907
0 0.259766 0.300000 0.008301 0.019444
0 0.272339 0.215278 0.008057 0.015741
0 0.267700 0.160185 0.009521 0.020370
0 0.276489 0.105556 0.009521 0.016667
0 0.281982 0.071296 0.008301 0.018519
0 0.286743 0.027083 0.007080 0.017130
0 0.343750 0.023148 0.008789 0.015741
0 0.334717 0.177315 0.007812 0.016667
0 0.329590 0.288426 0.007812 0.020370
0 0.320801 0.393519 0.010254 0.018519
0 0.317871 0.429167 0.009277 0.020370
0 0.373413 0.471991 0.007080 0.016204
0 0.377319 0.278472 0.008545 0.020833
0 0.377441 0.233333 0.007812 0.019444
0 0.380371 0.165741 0.006836 0.017593
0 0.383545 0.080093 0.008301 0.022222
0 0.449829 0.080324 0.007080 0.022685
0 0.446899 0.119676 0.007080 0.018056
0 0.445435 0.271759 0.007568 0.018519
0 0.442627 0.345139 0.008789 0.024537
0 0.440063 0.400463 0.009521 0.018519
0 0.444946 0.446991 0.006104 0.020833
0 0.447266 0.500231 0.007324 0.019907
0 0.034668 0.666667 0.011719 0.014815
0 0.054199 0.537963 0.011719 0.020370
0 0.094116 0.687500 0.011963 0.022222
0 0.100342 0.581713 0.011719 0.017130
0 0.109985 0.515278 0.011475 0.018519
0 0.016724 0.724074 0.014893 0.015741
0 0.068726 0.827315 0.014404 0.019444
0 0.059937 0.885880 0.013428 0.018056
0 0.155273 0.869213 0.013184 0.017130
0 0.166748 0.747685 0.011719 0.017593
0 0.164307 0.803241 0.011719 0.014815
0 0.178833 0.618519 0.011475 0.015741
0 0.176880 0.672222 0.010498 0.015741
0 0.180054 0.557639 0.011475 0.013426
0 0.195312 0.512731 0.011230 0.017130
0 0.243652 0.540509 0.010254 0.017130
0 0.238159 0.589583 0.007568 0.017130
0 0.232666 0.653009 0.006348 0.018981
0 0.227661 0.705093 0.013428 0.018519
0 0.212280 0.842593 0.013428 0.019444
0 0.299194 0.923380 0.009033 0.021759
0 0.297485 0.831019 0.010498 0.024074
0 0.309937 0.775000 0.008545 0.019444
0 0.302368 0.727315 0.009521 0.017593
0 0.308228 0.651852 0.010986 0.022222
0 0.315430 0.543750 0.010254 0.019907
0 0.369873 0.577083 0.008789 0.019907
0 0.366089 0.696065 0.010010 0.019907
0 0.364014 0.874769 0.010254 0.018056
0 0.445190 0.849537 0.008545 0.019444
0 0.444946 0.779167 0.006592 0.016667
0 0.440796 0.724074 0.008545 0.019444
0 0.439819 0.661574 0.008545 0.020370
0 0.447144 0.553935 0.007080 0.018981
0 0.503296 0.812731 0.010010 0.019907
0 0.502441 0.883565 0.008789 0.018056
0 0.496826 0.626389 0.008301 0.018519
0 0.497437 0.757639 0.009521 0.018056
0 0.493408 0.534954 0.006348 0.017130
0 0.492554 0.420833 0.007568 0.021296
0 0.590576 0.939120 0.009277 0.020833
0 0.592896 0.864583 0.009033 0.020833
0 0.588989 0.799537 0.009033 0.020370
0 0.584717 0.730324 0.007812 0.018056
0 0.580322 0.673611 0.008789 0.018519
0 0.571167 0.564583 0.009521 0.019907
0 0.573608 0.510185 0.006592 0.018519
0 0.569580 0.464352 0.006348 0.019444
0 0.565918 0.419444 0.006836 0.016667
0 0.617432 0.441204 0.006836 0.017593
0 0.620239 0.493981 0.006592 0.016667
0 0.624756 0.531944 0.006348 0.019444
0 0.618530 0.575463 0.008057 0.018519
0 0.633789 0.705787 0.008301 0.018056
0 0.653076 0.826852 0.011719 0.022222
0 0.642334 0.898148 0.009277 0.017593
0 0.734253 0.871528 0.010010 0.019907
0 0.732788 0.792130 0.010986 0.022222
0 0.718750 0.749537 0.008789 0.015741
0 0.714966 0.674769 0.008545 0.019907
0 0.706177 0.632870 0.010498 0.019444
0 0.697632 0.569907 0.009033 0.015741
0 0.691406 0.472685 0.006348 0.016667
0 0.733643 0.445139 0.010742 0.018056
0 0.761597 0.651157 0.009521 0.018056
0 0.766968 0.713194 0.010498 0.018056
0 0.778931 0.774306 0.012451 0.028241
0 0.783569 0.822917 0.006592 0.015278
0 0.793457 0.891898 0.009277 0.017130
0 0.827881 0.517130 0.011719 0.019444
0 0.877930 0.875926 0.010742 0.016667
0 0.937012 0.906944 0.014648 0.018519
0 0.872314 0.816435 0.013184 0.018056
0 0.859009 0.744676 0.011475 0.018056
0 0.840088 0.624537 0.010254 0.018519
0 0.855713 0.442361 0.008301 0.018056
0 0.871216 0.478935 0.008545 0.018981
0 0.880249 0.587963 0.011963 0.022222
0 0.904053 0.711806 0.012695 0.018056
0 0.922729 0.820370 0.011963 0.019444
0 0.878174 0.542361 0.007812 0.017130
0 0.933472 0.495602 0.010498 0.018056
0 0.958008 0.594213 0.008301 0.014352
0 0.971069 0.646991 0.009033 0.020833
0 0.976196 0.703935 0.010010 0.018056
0 0.945557 0.015046 0.007324 0.018981
0 0.910400 0.168750 0.007324 0.015278
0 0.842773 0.025926 0.007324 0.014815
0 0.846680 0.055324 0.006348 0.019907
0 0.859009 0.085648 0.007080 0.019444
0 0.862183 0.114815 0.006104 0.011111
0 0.880493 0.192593 0.006104 0.013889
0 0.811401 0.188194 0.007568 0.014352
0 0.904541 0.311806 0.010254 0.015278
0 0.961548 0.367361 0.010498 0.020833
0 0.933838 0.250000 0.012207 0.020370
0 0.915649 0.395370 0.006592 0.011111
0 0.834229 0.304861 0.009277 0.014352
0 0.839722 0.344676 0.008057 0.019907
0 0.807495 0.371991 0.009033 0.015278
0 0.728516 0.389120 0.008789 0.017130
0 0.726440 0.337037 0.007568 0.022222
0 0.712891 0.301852 0.007324 0.016667
0 0.715698 0.258796 0.007080 0.018519
0 0.702271 0.147685 0.005615 0.019444
0 0.692383 0.076852 0.006348 0.018519
0 0.659668 0.139583 0.006836 0.013426
0 0.679077 0.283796 0.007080 0.019444
0 0.677979 0.335185 0.005859 0.018519
0 0.685913 0.372917 0.006592 0.018981
0 0.621826 0.386574 0.005371 0.014815
0 0.610352 0.345139 0.005371 0.016204
0 0.607178 0.295370 0.004395 0.015741
0 0.559814 0.282176 0.006836 0.012500
0 0.559082 0.237731 0.004883 0.016204
0 0.564453 0.164352 0.006348 0.015741
0 0.592896 0.175231 0.007568 0.015278
0 0.598267 0.134491 0.007568 0.017130
0 0.773315 0.174769 0.007568 0.018056
0 0.779175 0.210185 0.008057 0.021296
0 0.796021 0.289815 0.008545 0.017593
0 0.761353 0.051157 0.007080 0.019907
0 0.758545 0.028241 0.006348 0.016667
0 0.656494 0.018056 0.007812 0.020370
0 0.662598 0.090972 0.007812 0.019907
0 0.664185 0.204398 0.006104 0.018981
0 0.664673 0.177083 0.007080 0.018056
0 0.602295 0.248380 0.006348 0.019907
0 0.596436 0.098380 0.006836 0.017130
0 0.559692 0.116667 0.006592 0.015741
0 0.560059 0.087731 0.006836 0.018056
0 0.556641 0.054167 0.005371 0.020370
0 0.562500 0.202083 0.007324 0.017130
0 0.769531 0.133796 0.006348 0.016667
0 0.799438 0.122222 0.007568 0.016667
0 0.980835 0.116204 0.012451 0.019444
0 0.790039 0.040741 0.007324 0.019444
0 0.489624 0.218287 0.006592 0.013426
0 0.489136 0.063426 0.006104 0.018519
0 0.497437 0.026620 0.004639 0.014352
0 0.494873 0.337037 0.007812 0.018519
0 0.573242 0.372222 0.007324 0.011111
0 0.114624 0.179861 0.008545 0.014352
0 0.371460 0.414583 0.009521 0.018981
0 0.489136 0.163657 0.005615 0.020833
0 0.717163 0.217824 0.006104 0.017130
0 0.691040 0.047454 0.003662 0.019907
0 0.847900 0.384722 0.008789 0.023148
0 0.852173 0.691204 0.008057 0.015741
0 0.746338 0.547917 0.007324 0.016204
0 0.685059 0.433102 0.008789 0.019907
0 0.317017 0.489120 0.010498 0.018056
0 0.042480 0.604167 0.011230 0.018519
0 0.335449 0.215278 0.009277 0.019444
0 0.439209 0.308102 0.006836 0.017130
0 0.447998 0.046528 0.008301 0.021759
0 0.384766 0.207407 0.005371 0.016667
0 0.447998 0.159259 0.005371 0.014815
0 0.359009 0.807870 0.008057 0.020370
0 0.593750 0.215046 0.007324 0.015278
0 0.887695 0.230787 0.007812 0.014352
0 0.983398 0.461343 0.007812 0.019907
0 0.145264 0.939815 0.013184 0.016667
0 0.888306 0.943287 0.008057 0.020833
0 0.045654 0.947222 0.015137 0.020370
0 0.804443 0.964815 0.012207 0.020370
0 0.355469 0.966898 0.012695 0.023611
0 0.211426 0.979398 0.011719 0.023611
0 0.658936 0.965046 0.008789 0.020833
0 0.503296 0.948380 0.006592 0.023611
0 0.441162 0.989120 0.011230 0.021759
0 0.953369 0.976620 0.014160 0.018981
0 0.994385 0.786806 0.008789 0.017130
0 0.289551 0.992361 0.012695 0.015278