0 0.046143 0.067593 0.016113 0.045370
0 0.032959 0.204861 0.019531 0.038426
0 0.006348 0.298611 0.012207 0.036111
0 0.236450 0.011343 0.012939 0.021759
0 0.357178 0.097685 0.013672 0.034259
0 0.209717 0.233565 0.020996 0.036574
0 0.334839 0.212269 0.014404 0.029167
0 0.311646 0.304861 0.018311 0.049537
0 0.190918 0.351852 0.018555 0.033333
0 0.164917 0.463889 0.021729 0.039815
0 0.281982 0.437269 0.018066 0.040278
0 0.277588 0.564120 0.019531 0.034722
0 0.145508 0.613657 0.023926 0.030093
0 0.250732 0.691898 0.012207 0.026389
0 0.127197 0.734722 0.027344 0.037963
0 0.238403 0.851157 0.020752 0.038426
0 0.099609 0.839815 0.012695 0.032407
0 0.082031 0.958102 0.024414 0.032870
0 0.380981 0.936111 0.014404 0.037963
0 0.492310 0.914815 0.015381 0.025926
0 0.516968 0.802778 0.018311 0.041667
0 0.391602 0.814815 0.015137 0.028704
0 0.407227 0.675694 0.018555 0.036574
0 0.544189 0.662731 0.018066 0.034722
0 0.430054 0.567361 0.019775 0.037500
0 0.553955 0.550231 0.017090 0.036574
0 0.442383 0.427546 0.015137 0.035648
0 0.574219 0.433333 0.017578 0.034259
0 0.573486 0.298148 0.017090 0.039815
0 0.455322 0.300463 0.016602 0.039815
0 0.487549 0.188889 0.020508 0.044444
0 0.482910 0.086806 0.011230 0.032870
0 0.598389 0.168981 0.017090 0.036111
0 0.608398 0.058102 0.020996 0.044907
0 0.790894 0.018519 0.012451 0.030556
0 0.907715 0.013889 0.017090 0.012963
0 0.892944 0.118287 0.026123 0.042130
0 0.765747 0.146759 0.013916 0.031481
0 0.756470 0.232639 0.012451 0.026389
0 0.872314 0.191204 0.023926 0.036111
0 0.900757 0.263426 0.017334 0.025926
0 0.862305 0.359954 0.020020 0.037500
0 0.737061 0.373380 0.021484 0.041204
0 0.833130 0.462269 0.018799 0.030093
0 0.729370 0.487037 0.006592 0.026852
0 0.994019 0.497454 0.011963 0.034722
0 0.830200 0.582870 0.019775 0.034259
0 0.706665 0.604630 0.008057 0.012037
0 0.992554 0.629398 0.014893 0.039352
0 0.692749 0.718750 0.023193 0.040278
0 0.826904 0.728009 0.021973 0.037500
0 0.977295 0.746065 0.030273 0.039352
0 0.686768 0.883102 0.022461 0.042130
0 0.799316 0.839583 0.028320 0.038426
0 0.971924 0.870139 0.025391 0.036574
0 0.783447 0.970833 0.027344 0.043519
0 0.656494 0.978704 0.027344 0.040741