0 0.289429 0.124306 0.008545 0.020833
0 0.343384 0.248380 0.008057 0.019907
0 0.339722 0.331481 0.009521 0.022222
0 0.331665 0.466204 0.008545 0.025000
0 0.256348 0.481250 0.010254 0.018981
0 0.213867 0.446991 0.009277 0.015278
0 0.216187 0.406481 0.010986 0.021296
0 0.224365 0.307639 0.009766 0.013426
0 0.151001 0.357407 0.008545 0.019444
0 0.131470 0.467824 0.011475 0.018056
0 0.125122 0.510880 0.009521 0.016204
0 0.114990 0.554861 0.011719 0.021759
0 0.110596 0.631713 0.014648 0.017130
0 0.256958 0.588194 0.009033 0.019907
0 0.208008 0.501157 0.009766 0.022685
0 0.034180 0.333102 0.008789 0.017130
0 0.347046 0.132407 0.008545 0.015741
0 0.345093 0.159954 0.007568 0.020833
0 0.279663 0.250926 0.008057 0.018519
0 0.268921 0.369676 0.010498 0.021759
0 0.237427 0.148611 0.008545 0.018519
0 0.236084 0.182639 0.009766 0.021759
0 0.323853 0.652083 0.013428 0.023611
0 0.333618 0.541898 0.009521 0.022685
0 0.389526 0.628704 0.008545 0.024074
0 0.381592 0.567593 0.006836 0.023148
0 0.390015 0.505556 0.007568 0.017593
0 0.392212 0.276852 0.007080 0.019444
0 0.394409 0.195370 0.007080 0.013889
0 0.383789 0.693981 0.007812 0.018519
0 0.462402 0.646528 0.008789 0.018056
0 0.459717 0.592130 0.006836 0.018519
0 0.459351 0.486574 0.006592 0.020370
0 0.459961 0.435417 0.006836 0.018056
0 0.456543 0.393519 0.007324 0.016667
0 0.454956 0.345139 0.007568 0.019907
0 0.460449 0.259491 0.008301 0.019907
0 0.461182 0.218519 0.007812 0.020370
0 0.457886 0.175926 0.006104 0.017593
0 0.452393 0.136806 0.007324 0.015278
0 0.454590 0.091667 0.007324 0.020370
0 0.501099 0.153935 0.007568 0.021759
0 0.501587 0.247222 0.007568 0.015741
0 0.504517 0.318519 0.007080 0.022222
0 0.510986 0.460185 0.008789 0.021296
0 0.515625 0.626157 0.008789 0.020833
0 0.465454 0.709028 0.008545 0.018056
0 0.520020 0.742593 0.005859 0.021296
0 0.518677 0.798611 0.009521 0.019444
0 0.468628 0.840046 0.010010 0.017130
0 0.375000 0.812269 0.009766 0.016204
0 0.376099 0.932870 0.010010 0.020370
0 0.316650 0.769444 0.010742 0.021296
0 0.239380 0.817824 0.009521 0.021759
0 0.240845 0.743981 0.009521 0.017593
0 0.186157 0.721991 0.011475 0.018056
0 0.101440 0.747685 0.011475 0.019444
0 0.081299 0.811111 0.016113 0.021296
0 0.079590 0.881944 0.013184 0.019444
0 0.223389 0.888426 0.012695 0.018519
0 0.236206 0.957870 0.009033 0.019444
0 0.304321 0.987269 0.012939 0.019907
0 0.470215 0.906481 0.008301 0.018519
0 0.588501 0.500694 0.007568 0.018056
0 0.587402 0.556713 0.007812 0.017130
0 0.601196 0.659259 0.007568 0.020370
0 0.607056 0.784259 0.010010 0.020370
0 0.616699 0.916667 0.007324 0.017593
0 0.617554 0.991667 0.009521 0.016667
0 0.652344 0.684028 0.009766 0.018056
0 0.642212 0.471065 0.010010 0.020833
0 0.625610 0.377546 0.006592 0.017130
0 0.611572 0.276389 0.008301 0.019444
0 0.310425 0.906713 0.011963 0.018981
0 0.314575 0.838657 0.011475 0.019907
0 0.522339 0.937731 0.007568 0.017130
0 0.565918 0.152546 0.006836 0.016204
0 0.573120 0.227546 0.006104 0.021759
0 0.735596 0.723611 0.010254 0.022222
0 0.673096 0.880556 0.009277 0.017593
0 0.676392 0.937500 0.009521 0.016667
0 0.758667 0.921991 0.010010 0.019907
0 0.747314 0.843519 0.010254 0.023148
0 0.747192 0.783796 0.011963 0.021296
0 0.721558 0.607870 0.008545 0.020370
0 0.773438 0.573148 0.009277 0.022222
0 0.761230 0.513657 0.008301 0.018056
0 0.752319 0.433565 0.012939 0.022685
0 0.711792 0.439120 0.010010 0.023611
0 0.700317 0.413194 0.008545 0.016204
0 0.632202 0.526157 0.009033 0.020833
0 0.646484 0.580093 0.005859 0.018519
0 0.822998 0.939815 0.011719 0.021296
0 0.805176 0.812731 0.012695 0.019907
0 0.789795 0.735185 0.009766 0.023148
0 0.773926 0.617361 0.008301 0.017130
0 0.837769 0.511111 0.009033 0.017593
0 0.832397 0.466204 0.009521 0.015741
0 0.823608 0.406019 0.008057 0.017593
0 0.879883 0.469676 0.006836 0.023611
0 0.845947 0.561111 0.009766 0.020370
0 0.853149 0.609722 0.008545 0.020370
0 0.863647 0.670602 0.009033 0.018981
0 0.871948 0.728704 0.010010 0.021296
0 0.875732 0.800000 0.008789 0.015741
0 0.896973 0.926157 0.011230 0.018981
0 0.921265 0.993056 0.012451 0.013889
0 0.978882 0.960417 0.010986 0.018981
0 0.942505 0.815972 0.012451 0.022685
0 0.938232 0.753472 0.010742 0.019907
0 0.979126 0.634491 0.011963 0.019907
0 0.964600 0.540046 0.014160 0.018981
0 0.954102 0.487269 0.012695 0.018056
0 0.980957 0.404167 0.009766 0.020370
0 0.844604 0.289352 0.009033 0.021296
0 0.808105 0.316204 0.008789 0.018519
0 0.738403 0.336806 0.008545 0.018981
0 0.742065 0.386806 0.008545 0.015278
0 0.688843 0.321759 0.008545 0.020370
0 0.665649 0.089352 0.007568 0.019444
0 0.711426 0.134259 0.007324 0.023148
0 0.771362 0.050463 0.007568 0.013889
0 0.893555 0.215509 0.007812 0.017130
0 0.927124 0.378241 0.008545 0.015741
0 0.950195 0.270602 0.007812 0.019907
0 0.916992 0.112963 0.008301 0.024074
0 0.672974 0.117593 0.006592 0.020370
0 0.611206 0.173380 0.006104 0.015278
0 0.796875 0.231481 0.010254 0.020370
0 0.823608 0.175926 0.009033 0.018519
0 0.837402 0.204167 0.007324 0.020370
0 0.977051 0.360417 0.011230 0.018056
0 0.586182 0.450000 0.009277 0.021296
0 0.582397 0.399537 0.008057 0.018519
0 0.577759 0.352315 0.007080 0.018519
0 0.073364 0.131944 0.009521 0.024074
0 0.083008 0.036111 0.006836 0.013889
0 0.074707 0.483333 0.011230 0.017593
0 0.154053 0.277546 0.009277 0.018981
0 0.161621 0.225463 0.008789 0.017593
0 0.166138 0.187269 0.006104 0.016204
0 0.104370 0.686806 0.009521 0.017130
0 0.056641 0.597917 0.008301 0.015278
0 0.156738 0.990741 0.011230 0.018519
0 0.185547 0.795139 0.010254 0.015278
0 0.285889 0.161574 0.007324 0.016667
0 0.280273 0.206481 0.004883 0.015741
0 0.326294 0.596296 0.008057 0.020370
0 0.333496 0.393287 0.006348 0.017130
0 0.354248 0.044444 0.008789 0.023148
0 0.397339 0.039815 0.008057 0.020370
0 0.378662 0.869213 0.008301 0.019907
0 0.515381 0.678704 0.007324 0.016667
0 0.511841 0.564583 0.008057 0.017130
0 0.509888 0.515278 0.008057 0.018519
0 0.654175 0.739583 0.008545 0.019907
0 0.662109 0.819907 0.009766 0.020370
0 0.769287 0.991667 0.007812 0.016667
0 0.698120 0.352315 0.007080 0.018519
0 0.676392 0.196759 0.006592 0.017593
0 0.715210 0.176157 0.009521 0.017130
0 0.617065 0.245833 0.007080 0.021296
0 0.666626 0.047685 0.008057 0.019444
0 0.696777 0.062037 0.006348 0.018519
0 0.890625 0.531944 0.010254 0.017593
0 0.864624 0.383102 0.010010 0.017130
0 0.842407 0.253704 0.005615 0.019444
0 0.805664 0.063657 0.007324 0.017130
0 0.986206 0.103704 0.009521 0.022222
0 0.924194 0.332176 0.010010 0.013426
0 0.252197 0.629398 0.010742 0.019907
0 0.290649 0.057176 0.007568 0.017130
0 0.377563 0.742361 0.009033 0.020833
0 0.626343 0.333102 0.007080 0.018056
0 0.457520 0.036343 0.008301 0.014352
0 0.941528 0.446296 0.005615 0.014815
0 0.014282 0.428935 0.006592 0.014352
0 0.245850 0.691898 0.010254 0.018056
0 0.190796 0.664352 0.011963 0.023148
0 0.790283 0.676157 0.012207 0.018981
0 0.341187 0.428472 0.007080 0.016204
0 0.390015 0.365741 0.007568 0.018519
0 0.502319 0.092361 0.006592 0.018981
0 0.712036 0.502083 0.009521 0.021759
0 0.505615 0.419213 0.008301 0.017130
0 0.004395 0.987500 0.008301 0.023148
0 0.083862 0.388426 0.011475 0.012963
0 0.098633 0.342824 0.007812 0.015278
0 0.895508 0.188426 0.008789 0.019444
0 0.162964 0.927546 0.011963 0.018981
0 0.682617 0.272222 0.009766 0.016667
0 0.921387 0.686111 0.010742 0.020370
0 0.458374 0.775231 0.008057 0.016204
0 0.596191 0.609028 0.005371 0.018056
0 0.604370 0.097917 0.007080 0.016204
0 0.224365 0.351389 0.008301 0.016667
0 0.708008 0.090972 0.004883 0.021759
0 0.039551 0.713889 0.015137 0.021296
0 0.123047 0.128704 0.008301 0.018519
0 0.520752 0.864583 0.004883 0.017130
0 0.236450 0.226157 0.006104 0.016204
0 0.005615 0.484491 0.010254 0.014352
0 0.569946 0.191204 0.007568 0.012037
0 0.699951 0.026852 0.007324 0.019444
0 0.963745 0.034954 0.006592 0.016204
0 0.571533 0.118519 0.003906 0.013889
0 0.570557 0.266204 0.006836 0.012963
0 0.863159 0.039352 0.007568 0.020370