0 0.019287 0.069213 0.020996 0.044907
0 0.013794 0.214352 0.027100 0.044444
0 0.194824 0.105093 0.005371 0.028704
0 0.331299 0.066435 0.014160 0.038426
0 0.312500 0.184954 0.015137 0.033796
0 0.188232 0.215046 0.023926 0.033796
0 0.291992 0.277083 0.022949 0.051389
0 0.173462 0.338657 0.022705 0.041204
0 0.152100 0.453472 0.023438 0.040278
0 0.268555 0.412731 0.019043 0.040278
0 0.266479 0.543750 0.020752 0.037500
0 0.135254 0.606481 0.026367 0.037037
0 0.242798 0.671296 0.018311 0.034259
0 0.120972 0.732639 0.025635 0.045833
0 0.237427 0.834028 0.020752 0.041204
0 0.082764 0.959491 0.026367 0.037500
0 0.382935 0.901389 0.020752 0.045370
0 0.483154 0.991435 0.017090 0.017130
0 0.493286 0.865972 0.018311 0.032870
0 0.390259 0.776620 0.014893 0.037500
0 0.401001 0.637963 0.020264 0.038889
0 0.513794 0.749769 0.022217 0.041204
0 0.537476 0.606944 0.017334 0.030556
0 0.420776 0.521759 0.019775 0.035185
0 0.542480 0.496065 0.017578 0.033796
0 0.560425 0.374769 0.016846 0.033796
0 0.426758 0.385880 0.014648 0.043056
0 0.437256 0.257407 0.020996 0.039815
0 0.554688 0.241667 0.018066 0.042593
0 0.466064 0.141667 0.020020 0.050926
0 0.576538 0.113657 0.020752 0.042130
0 0.459351 0.041204 0.014893 0.037963
0 0.580933 0.009954 0.017822 0.018981
0 0.601440 0.284491 0.000244 0.000463
0 0.740967 0.072454 0.016602 0.040278
0 0.720459 0.299074 0.022461 0.042593
0 0.716187 0.413194 0.009033 0.027315
0 0.688354 0.646991 0.021729 0.042130
0 0.687378 0.808796 0.022217 0.041667
0 0.660034 0.911806 0.021729 0.041204
0 0.785400 0.883333 0.026367 0.043519
0 0.943970 0.915046 0.012451 0.034722
0 0.966553 0.763194 0.025391 0.034722
0 0.796021 0.751389 0.023193 0.037037
0 0.817505 0.639583 0.021729 0.038426
0 0.968140 0.638889 0.025635 0.039815
0 0.983521 0.521296 0.017334 0.037037
0 0.820923 0.498611 0.020264 0.037963
0 0.819824 0.377083 0.018555 0.033796
0 0.987427 0.393287 0.025146 0.041204
0 0.844971 0.273148 0.019531 0.040741
0 0.878174 0.175231 0.015137 0.031944
0 0.991333 0.253472 0.017334 0.047685
0 0.847656 0.101620 0.021484 0.034722
0 0.997803 0.049769 0.004395 0.015278
0 0.865845 0.029398 0.026123 0.044907
0 0.098267 0.838426 0.018311 0.032407
0 0.697266 0.530787 0.005859 0.011574