0 0.287842 0.193056 0.009766 0.020370
0 0.343384 0.325694 0.008057 0.019907
0 0.337769 0.411806 0.008057 0.025463
0 0.331421 0.558796 0.008545 0.025000
0 0.253662 0.576620 0.014160 0.026389
0 0.210327 0.536574 0.012451 0.030556
0 0.210205 0.490509 0.015137 0.027315
0 0.219604 0.388657 0.014404 0.031019
0 0.142944 0.441204 0.014404 0.027778
0 0.123413 0.560880 0.014404 0.021759
0 0.118286 0.604398 0.012451 0.027315
0 0.107056 0.655093 0.013916 0.030556
0 0.100830 0.737731 0.016602 0.024537
0 0.254517 0.689352 0.013916 0.028704
0 0.201904 0.593981 0.014648 0.028704
0 0.024048 0.414352 0.012451 0.022222
0 0.347534 0.200694 0.010986 0.021759
0 0.345581 0.232176 0.012451 0.023611
0 0.278320 0.325926 0.009277 0.020370
0 0.264526 0.456019 0.012451 0.028704
0 0.234375 0.215741 0.010254 0.021296
0 0.232910 0.255324 0.009766 0.021759
0 0.322388 0.756713 0.013428 0.023611
0 0.334106 0.639583 0.009521 0.022685
0 0.390991 0.736343 0.010010 0.018981
0 0.382812 0.666667 0.006836 0.023148
0 0.391113 0.601389 0.009277 0.024074
0 0.393921 0.352778 0.008057 0.021296
0 0.396240 0.266898 0.007812 0.017130
0 0.385376 0.803009 0.010498 0.023611
0 0.467773 0.754398 0.014648 0.029167
0 0.462646 0.692130 0.010254 0.026852
0 0.463257 0.578241 0.012451 0.026852
0 0.463379 0.522222 0.011230 0.027778
0 0.458984 0.477315 0.010254 0.027778
0 0.458008 0.425000 0.010254 0.026852
0 0.464722 0.336111 0.010010 0.023148
0 0.463379 0.291667 0.012207 0.025926
0 0.461792 0.246296 0.009521 0.021296
0 0.456665 0.206250 0.009521 0.020833
0 0.458496 0.157176 0.012207 0.031944
0 0.505981 0.223611 0.009521 0.026852
0 0.506958 0.322454 0.012451 0.021759
0 0.509033 0.398380 0.011230 0.027315
0 0.516357 0.552315 0.009766 0.030556
0 0.522461 0.727778 0.012695 0.030556
0 0.469238 0.818981 0.010742 0.025926
0 0.526123 0.853704 0.012207 0.025000
0 0.526123 0.915972 0.012207 0.024537
0 0.473267 0.961343 0.011963 0.025463
0 0.375244 0.931944 0.012207 0.028704
0 0.314941 0.887269 0.011719 0.024537
0 0.234985 0.941898 0.013916 0.029167
0 0.236206 0.859259 0.013916 0.022222
0 0.178711 0.840278 0.018555 0.025926
0 0.091431 0.862731 0.016357 0.023611
0 0.069580 0.933565 0.017090 0.029167
0 0.597900 0.594213 0.012695 0.024537
0 0.596680 0.651620 0.007812 0.017130
0 0.610352 0.763889 0.008789 0.024074
0 0.617310 0.900926 0.012451 0.025926
0 0.664185 0.793981 0.010986 0.024074
0 0.653442 0.564352 0.011475 0.023148
0 0.634888 0.465509 0.009033 0.019907
0 0.620850 0.354167 0.009277 0.022222
0 0.312500 0.957639 0.012207 0.023611
0 0.572021 0.220139 0.008789 0.022685
0 0.580078 0.298611 0.008789 0.019444
0 0.751221 0.834491 0.013184 0.025463
0 0.764038 0.968287 0.014893 0.034722
0 0.762695 0.900694 0.017090 0.027315
0 0.735474 0.707407 0.015381 0.030556
0 0.788208 0.675231 0.014404 0.032870
0 0.780518 0.617593 0.013184 0.025000
0 0.763916 0.523148 0.016113 0.032407
0 0.726196 0.530556 0.015869 0.028704
0 0.711792 0.498380 0.008545 0.016204
0 0.641846 0.616435 0.009766 0.018981
0 0.657715 0.677315 0.006836 0.018519
0 0.823486 0.928472 0.014160 0.030093
0 0.807617 0.847685 0.014160 0.032407
0 0.789551 0.725000 0.012695 0.029630
0 0.854370 0.603009 0.014404 0.027315
0 0.850708 0.553241 0.012939 0.028704
0 0.839600 0.492593 0.016113 0.026852
0 0.897705 0.559028 0.014648 0.031019
0 0.863647 0.656250 0.012939 0.027315
0 0.872681 0.711111 0.016357 0.026852
0 0.884155 0.779861 0.014893 0.031019
0 0.892212 0.838194 0.015869 0.026389
0 0.897583 0.917824 0.016846 0.029167
0 0.965332 0.931944 0.018555 0.034259
0 0.961548 0.866435 0.018799 0.031019
0 0.986572 0.636343 0.018555 0.028241
0 0.975586 0.575694 0.020020 0.030093
0 0.860962 0.366204 0.011963 0.030556
0 0.823120 0.393287 0.012451 0.030093
0 0.750366 0.416667 0.010498 0.023148
0 0.756104 0.471296 0.009766 0.022222
0 0.675537 0.152315 0.010254 0.019444
0 0.722534 0.198148 0.008545 0.026852
0 0.784180 0.113889 0.010254 0.024074
0 0.909912 0.288657 0.016602 0.025463
0 0.947021 0.460185 0.018066 0.027778
0 0.967529 0.346759 0.017090 0.026852
0 0.683350 0.185648 0.007812 0.023148
0 0.618652 0.243981 0.009277 0.025926
0 0.812866 0.306019 0.011475 0.024074
0 0.838013 0.243287 0.010986 0.020833
0 0.852417 0.274537 0.010986 0.029630
0 0.994995 0.446528 0.010010 0.019907
0 0.594604 0.539583 0.011475 0.021759
0 0.590088 0.484491 0.009766 0.021759
0 0.585083 0.437500 0.008545 0.023148
0 0.064697 0.202546 0.009766 0.016204
0 0.075562 0.098380 0.008057 0.015278
0 0.065308 0.575926 0.017822 0.027778
0 0.148071 0.359028 0.010498 0.024537
0 0.155518 0.300000 0.014160 0.024074
0 0.094482 0.794444 0.013672 0.024074
0 0.178467 0.920139 0.013672 0.020833
0 0.283325 0.228472 0.009521 0.028241
0 0.278076 0.282407 0.006836 0.021296
0 0.324951 0.693056 0.009766 0.018519
0 0.333252 0.479167 0.008789 0.016667
0 0.353760 0.106019 0.008789 0.023148
0 0.399048 0.100231 0.010498 0.019907
0 0.523071 0.785185 0.013916 0.029630
0 0.515259 0.609259 0.009521 0.028704
0 0.666748 0.853241 0.009766 0.024074
0 0.674316 0.938426 0.011230 0.025926
0 0.687256 0.265278 0.007812 0.017593
0 0.726440 0.243056 0.009033 0.019444
0 0.624878 0.321991 0.010498 0.019907
0 0.676514 0.107639 0.012207 0.025463
0 0.707397 0.123148 0.008057 0.025926
0 0.909668 0.629398 0.015137 0.021759
0 0.881836 0.468750 0.014160 0.031019
0 0.859497 0.326157 0.010010 0.030093
0 0.818726 0.128472 0.012939 0.029167
0 0.944336 0.414120 0.019531 0.019907
0 0.289429 0.117130 0.007568 0.017593
0 0.378418 0.855556 0.009766 0.023148
0 0.460938 0.093287 0.008301 0.014352
0 0.964844 0.531944 0.018555 0.024074
0 0.003784 0.521991 0.007080 0.016204
0 0.241577 0.802083 0.012451 0.023611
0 0.183838 0.767824 0.011230 0.019907
0 0.342529 0.518750 0.008789 0.018056
0 0.389893 0.448380 0.008789 0.024537
0 0.505005 0.155324 0.009033 0.030093
0 0.511230 0.504167 0.009766 0.025926
0 0.074585 0.476620 0.014893 0.025463
0 0.087646 0.429861 0.011230 0.019907
0 0.462646 0.889583 0.011230 0.025463
0 0.605591 0.713194 0.007568 0.019907
0 0.613892 0.162500 0.007568 0.020370
0 0.710083 0.086574 0.008057 0.024074
0 0.565552 0.107176 0.009521 0.018056
0 0.219604 0.335648 0.009521 0.020370
0 0.274048 0.364120 0.009033 0.025463
0 0.623169 0.196296 0.009521 0.020370
0 0.770508 0.045370 0.015625 0.025926
0 0.045166 0.700926 0.015625 0.026852
0 0.190430 0.039815 0.010742 0.021296
0 0.221313 0.431481 0.011963 0.023148
0 0.800171 0.029861 0.014404 0.026389
0 0.008667 0.964120 0.016357 0.022685
0 0.116943 0.195833 0.008789 0.017593
0 0.342285 0.280093 0.008789 0.020370
0 0.576904 0.260880 0.009766 0.024537
0 0.050903 0.242130 0.010986 0.017593
0 0.596924 0.017361 0.011719 0.018056
0 0.635010 0.410417 0.007812 0.021759
0 0.936401 0.175231 0.010498 0.031019
0 0.701050 0.402546 0.011475 0.030093
0 0.103027 0.319907 0.010742 0.016667
0 0.247803 0.021528 0.009277 0.017130
0 0.398682 0.007176 0.008789 0.013426
0 0.576538 0.343981 0.009033 0.017593
0 0.569092 0.008565 0.008301 0.016204
0 0.923462 0.686574 0.014404 0.025926
0 0.295044 0.007639 0.011963 0.014352
0 0.357544 0.015972 0.009521 0.017130
0 0.501343 0.056944 0.010010 0.023148
0 0.941528 0.796528 0.015869 0.019907