0 0.056885 0.137037 0.013672 0.024074
0 0.012573 0.233565 0.024658 0.041204
0 0.322388 0.028704 0.021240 0.045370
0 0.484009 0.016898 0.021729 0.032870
0 0.439819 0.100694 0.016846 0.031019
0 0.279907 0.115046 0.023682 0.041204
0 0.398926 0.165278 0.018066 0.051852
0 0.236938 0.199769 0.021729 0.038426
0 0.346436 0.263657 0.018066 0.043981
0 0.531250 0.272222 0.017090 0.043519
0 0.489502 0.380787 0.012207 0.045833
0 0.186646 0.318056 0.025635 0.037963
0 0.313843 0.374769 0.019775 0.034722
0 0.451782 0.491435 0.017334 0.032870
0 0.406128 0.571065 0.023682 0.042130
0 0.146240 0.415509 0.026367 0.034722
0 0.264404 0.467593 0.021484 0.031481
0 0.220825 0.602778 0.023682 0.035185
0 0.061890 0.582639 0.023682 0.042130
0 0.100586 0.490278 0.016113 0.025926
0 0.009521 0.689815 0.018555 0.033333
0 0.127930 0.761343 0.027344 0.040278
0 0.364014 0.684722 0.014648 0.037963
0 0.479492 0.775000 0.018555 0.042593
0 0.330200 0.787963 0.017334 0.035185
0 0.080322 0.870370 0.028809 0.038889
0 0.286621 0.871991 0.018555 0.033796
0 0.433716 0.857407 0.013916 0.026852
0 0.388916 0.972454 0.016602 0.043056
0 0.244385 0.984722 0.020996 0.030556
0 0.778931 0.950000 0.025146 0.043519
0 0.618530 0.979630 0.023682 0.040741
0 0.657104 0.838889 0.022705 0.045370
0 0.697266 0.745602 0.008301 0.013426
0 0.814819 0.824769 0.017334 0.035648
0 0.843750 0.711574 0.017578 0.035185
0 0.895996 0.644213 0.021484 0.034722
0 0.742065 0.656019 0.008057 0.027778
0 0.534180 0.667593 0.017578 0.031481
0 0.568726 0.572685 0.018799 0.032407
0 0.774536 0.556481 0.020752 0.037963
0 0.610718 0.483333 0.016846 0.031481
0 0.822266 0.444907 0.011719 0.033333
0 0.850708 0.372685 0.015869 0.038889
0 0.639771 0.361806 0.020264 0.043981
0 0.902222 0.277315 0.016357 0.024074
0 0.688477 0.264815 0.020020 0.037963
0 0.721313 0.168519 0.022217 0.043519
0 0.583862 0.193056 0.025635 0.040741
0 0.601074 0.095370 0.014648 0.028704
0 0.761963 0.083565 0.017090 0.039352
0 0.667236 0.012269 0.022461 0.023611
0 0.925659 0.176620 0.025635 0.038426
0 0.982544 0.061111 0.026611 0.049074
0 0.977783 0.446296 0.029297 0.046296
0 0.941162 0.493519 0.025879 0.032407
0 0.950073 0.587500 0.026123 0.037963
0 0.991211 0.885880 0.017578 0.045833
0 0.956299 0.987963 0.017090 0.024074