0 0.087769 0.041204 0.022705 0.040741
0 0.043091 0.115741 0.029053 0.043519
0 0.274658 0.017824 0.006348 0.019907
0 0.253418 0.128241 0.020996 0.038889
0 0.409912 0.050926 0.016602 0.037963
0 0.535156 0.082639 0.012207 0.033796
0 0.530151 0.185648 0.021240 0.048148
0 0.377563 0.155093 0.017334 0.033333
0 0.223022 0.234259 0.018311 0.033333
0 0.345215 0.234722 0.023926 0.043519
0 0.488159 0.283565 0.017822 0.042130
0 0.602295 0.322222 0.019043 0.037037
0 0.590332 0.454630 0.020508 0.040741
0 0.460571 0.400694 0.015869 0.034722
0 0.557617 0.562963 0.015137 0.037037
0 0.187012 0.337731 0.018555 0.041204
0 0.305420 0.352083 0.020020 0.037500
0 0.286011 0.474074 0.021240 0.039815
0 0.152344 0.475231 0.026367 0.033796
0 0.123291 0.584491 0.024902 0.033796
0 0.247803 0.589120 0.015625 0.028241
0 0.401855 0.631019 0.023926 0.039815
0 0.435059 0.531713 0.018555 0.035648
0 0.536255 0.664352 0.016846 0.029630
0 0.495239 0.793519 0.023193 0.043519
0 0.372803 0.761343 0.020508 0.029167
0 0.218994 0.737269 0.023438 0.035648
0 0.083618 0.680556 0.015381 0.031481
0 0.054688 0.784491 0.027832 0.033796
0 0.016968 0.918519 0.031982 0.032407
0 0.146484 0.933796 0.028320 0.037963
0 0.349609 0.873843 0.017090 0.035648
0 0.459229 0.894907 0.017578 0.029630
0 0.317505 0.974074 0.021729 0.037963
0 0.654419 0.940046 0.022217 0.050463
0 0.769897 0.938657 0.024658 0.038426
0 0.807373 0.839583 0.021484 0.036574
0 0.953491 0.915046 0.022217 0.035648
0 0.986328 0.804398 0.014648 0.035648
0 0.996216 0.678935 0.007568 0.031019
0 0.675659 0.776620 0.021240 0.041204
0 0.824219 0.696528 0.013184 0.034722
0 0.703857 0.671296 0.007812 0.013889
0 0.736084 0.565046 0.009766 0.026389
0 0.841553 0.579167 0.020996 0.031481
0 0.885742 0.490509 0.020508 0.032870
0 0.930054 0.412037 0.019287 0.026852
0 0.756104 0.456250 0.020996 0.037500
0 0.789673 0.322917 0.013916 0.034722
0 0.908325 0.328472 0.026123 0.041204
0 0.938354 0.265509 0.027100 0.042130
0 0.969604 0.150000 0.030029 0.039815
0 0.849731 0.123611 0.010986 0.021296
0 0.809326 0.246759 0.017578 0.033333
0 0.639038 0.206481 0.018799 0.037037
0 0.659058 0.101157 0.022217 0.047685
0 0.690063 0.010417 0.020752 0.019907
0 0.859009 0.027083 0.021729 0.048611
0 0.984985 0.022454 0.027100 0.042130
0 0.005493 0.348611 0.010498 0.023148