0 0.335205 0.390509 0.012207 0.026389
0 0.330078 0.484028 0.013184 0.033796
0 0.321899 0.640278 0.013428 0.029630
0 0.198120 0.610417 0.018799 0.028241
0 0.200806 0.565509 0.015869 0.026389
0 0.208618 0.457639 0.014893 0.027315
0 0.130493 0.513657 0.017334 0.031019
0 0.108643 0.642130 0.019043 0.027778
0 0.101440 0.686574 0.019287 0.028704
0 0.090576 0.740046 0.020508 0.034722
0 0.083862 0.828009 0.020752 0.028241
0 0.241943 0.775000 0.013672 0.023148
0 0.189453 0.671296 0.019043 0.032407
0 0.007202 0.487963 0.013916 0.026852
0 0.340210 0.260880 0.011963 0.019907
0 0.268433 0.391898 0.013916 0.026389
0 0.256592 0.523148 0.016113 0.034259
0 0.222534 0.311574 0.013916 0.029630
0 0.312988 0.847454 0.015137 0.034722
0 0.323853 0.722685 0.015381 0.025926
0 0.383667 0.821991 0.013916 0.029167
0 0.374146 0.757407 0.010986 0.025926
0 0.383789 0.681944 0.013184 0.024074
0 0.387329 0.423380 0.010498 0.024537
0 0.389893 0.330093 0.011230 0.021296
0 0.377441 0.901852 0.014160 0.026852
0 0.462402 0.853704 0.014160 0.027778
0 0.456543 0.786574 0.014160 0.029630
0 0.459473 0.659259 0.012207 0.027778
0 0.458618 0.600463 0.010010 0.026852
0 0.456299 0.551620 0.011230 0.023611
0 0.454224 0.492361 0.011475 0.032870
0 0.460083 0.404630 0.013916 0.032407
0 0.459351 0.355324 0.013916 0.031019
0 0.458374 0.304630 0.011475 0.025000
0 0.452515 0.263194 0.012451 0.026389
0 0.454712 0.215278 0.013428 0.031481
0 0.502441 0.282176 0.012695 0.033796
0 0.503052 0.388426 0.013428 0.028704
0 0.506836 0.466204 0.012695 0.037963
0 0.514160 0.631481 0.015137 0.035185
0 0.517334 0.824306 0.014648 0.027315
0 0.464966 0.916667 0.013916 0.028704
0 0.304810 0.987037 0.014404 0.025926
0 0.221680 0.960880 0.014648 0.027315
0 0.169678 0.862963 0.018555 0.025926
0 0.073608 0.960880 0.022217 0.035648
0 0.596924 0.674537 0.013672 0.031481
0 0.595947 0.739120 0.013184 0.025463
0 0.610596 0.854398 0.013184 0.027315
0 0.665894 0.885648 0.013428 0.025926
0 0.654053 0.641898 0.013672 0.030093
0 0.635254 0.533796 0.013184 0.029630
0 0.621460 0.416435 0.012939 0.031019
0 0.570801 0.278472 0.011230 0.024537
0 0.578369 0.361806 0.010254 0.022685
0 0.754272 0.928241 0.015381 0.029630
0 0.739380 0.796296 0.015869 0.027778
0 0.793457 0.758102 0.015625 0.030093
0 0.783447 0.695139 0.014160 0.028241
0 0.772095 0.596528 0.015381 0.035648
0 0.727417 0.606713 0.016357 0.031944
0 0.713989 0.573380 0.011475 0.023611
0 0.644775 0.704398 0.012695 0.027315
0 0.658691 0.762269 0.012695 0.028241
0 0.814209 0.946296 0.016602 0.037963
0 0.861816 0.684028 0.016602 0.027315
0 0.857056 0.632176 0.017822 0.028241
0 0.845459 0.572917 0.014160 0.023611
0 0.906738 0.634954 0.020508 0.031944
0 0.870728 0.741435 0.017334 0.031944
0 0.881348 0.799769 0.018555 0.033796
0 0.892578 0.871991 0.016602 0.031944
0 0.974731 0.966435 0.021729 0.031019
0 0.993286 0.719676 0.013428 0.033796
0 0.985229 0.652778 0.017822 0.028704
0 0.868042 0.429398 0.016357 0.031944
0 0.828247 0.463194 0.015869 0.025463
0 0.756592 0.486343 0.014648 0.029167
0 0.760376 0.547222 0.014404 0.028704
0 0.677246 0.200694 0.011230 0.027315
0 0.726074 0.253472 0.013184 0.030093
0 0.787964 0.159259 0.013428 0.029630
0 0.955811 0.534028 0.016602 0.024537
0 0.684692 0.240972 0.011963 0.030093
0 0.620605 0.300231 0.011230 0.026389
0 0.815918 0.365278 0.015625 0.031481
0 0.593262 0.617130 0.012207 0.025926
0 0.590454 0.557870 0.012451 0.029630
0 0.585571 0.508102 0.013428 0.031944
0 0.049927 0.257870 0.014404 0.025926
0 0.062622 0.152778 0.011475 0.019444
0 0.135986 0.421759 0.016113 0.025926
0 0.142334 0.363889 0.017090 0.033333
0 0.075562 0.890046 0.018799 0.027315
0 0.274780 0.290046 0.011963 0.026389
0 0.270874 0.343750 0.013916 0.029167
0 0.315063 0.786806 0.013916 0.022685
0 0.326050 0.553704 0.012451 0.022222
0 0.393188 0.155324 0.012939 0.027315
0 0.519897 0.884491 0.012451 0.029167
0 0.689819 0.328704 0.011475 0.021296
0 0.730103 0.307639 0.012939 0.028241
0 0.626343 0.378472 0.009033 0.026389
0 0.677979 0.157639 0.012695 0.027315
0 0.709106 0.177315 0.010986 0.026852
0 0.919922 0.714815 0.017090 0.030556
0 0.890137 0.537731 0.013672 0.031019
0 0.865845 0.386574 0.010986 0.023148
0 0.828247 0.175926 0.012939 0.029630
0 0.456421 0.149769 0.011963 0.021759
0 0.971924 0.604398 0.012207 0.031019
0 0.228882 0.898611 0.014404 0.025926
0 0.333008 0.591204 0.013184 0.025926
0 0.384521 0.518750 0.012695 0.026389
0 0.502808 0.206944 0.011963 0.030556
0 0.508911 0.581481 0.013916 0.033333
0 0.058716 0.549074 0.016357 0.031481
0 0.075562 0.497454 0.015381 0.020833
0 0.458008 0.986806 0.011719 0.026389
0 0.606201 0.802083 0.013672 0.027315
0 0.613525 0.219213 0.011719 0.030093
0 0.712280 0.134954 0.011963 0.031944
0 0.565063 0.159954 0.011475 0.029167
0 0.623291 0.256019 0.011719 0.025000
0 0.772827 0.090509 0.014404 0.031944
0 0.181274 0.083796 0.014893 0.029630
0 0.804688 0.078472 0.015137 0.028241
0 0.103516 0.252083 0.013672 0.021759
0 0.595093 0.065046 0.011963 0.027315
0 0.703003 0.470139 0.013916 0.027315
0 0.569580 0.053704 0.011230 0.027778
0 0.288208 0.047917 0.013428 0.018056
0 0.352051 0.067824 0.011230 0.025463
0 0.496826 0.108102 0.012695 0.028241
0 0.070679 0.103241 0.010986 0.028704
0 0.395508 0.052778 0.010254 0.025926
0 0.842163 0.300000 0.012939 0.028704
0 0.600830 0.023611 0.010742 0.024074
0 0.026367 0.785880 0.014648 0.026389
0 0.279053 0.250463 0.010742 0.022222
0 0.338013 0.293750 0.012451 0.026389
0 0.035278 0.306250 0.013916 0.028241
0 0.165283 0.935648 0.020508 0.026852
0 0.222656 0.359028 0.014160 0.026389
0 0.224487 0.276852 0.012451 0.024074
0 0.242065 0.654630 0.017822 0.028704
0 0.282837 0.174074 0.012451 0.022222
0 0.347900 0.161111 0.012207 0.026852
0 0.901855 0.938194 0.017090 0.032870
0 0.917358 0.346991 0.010986 0.028241
0 0.795288 0.819907 0.016846 0.028704
0 0.953003 0.482639 0.011963 0.028241
0 0.238647 0.068519 0.011963 0.020370
0 0.457642 0.012731 0.013916 0.018056
0 0.858398 0.335880 0.013672 0.026389
0 0.978027 0.408565 0.015137 0.030093
0 0.514404 0.749769 0.012207 0.026389
0 0.513062 0.691667 0.012451 0.028704