0 0.022827 0.077083 0.019287 0.043056
0 0.016479 0.219676 0.023193 0.042130
0 0.209717 0.006481 0.013184 0.012037
0 0.200684 0.109028 0.005371 0.024537
0 0.337402 0.074769 0.015137 0.040278
0 0.317139 0.195139 0.014160 0.034722
0 0.192871 0.225694 0.021484 0.036574
0 0.296265 0.286111 0.019287 0.045370
0 0.176514 0.347454 0.020996 0.034722
0 0.272949 0.424074 0.019531 0.037963
0 0.154663 0.459259 0.023193 0.041667
0 0.270142 0.549306 0.019775 0.035648
0 0.139282 0.615972 0.022705 0.037500
0 0.245605 0.679630 0.019043 0.036111
0 0.124390 0.735185 0.024658 0.036111
0 0.240479 0.840278 0.021973 0.041667
0 0.100708 0.846065 0.016846 0.033796
0 0.086426 0.966435 0.024902 0.038426
0 0.385498 0.909259 0.019043 0.037037
0 0.496826 0.875694 0.016113 0.032870
0 0.486450 0.998380 0.002686 0.003241
0 0.518066 0.759722 0.020020 0.038889
0 0.392700 0.787269 0.013428 0.034722
0 0.403809 0.648148 0.019043 0.040741
0 0.540405 0.618981 0.017334 0.028704
0 0.544800 0.507407 0.018311 0.037963
0 0.424194 0.533333 0.017334 0.037037
0 0.430664 0.392130 0.013672 0.032407
0 0.563354 0.386806 0.016846 0.036574
0 0.557983 0.250694 0.019775 0.037500
0 0.442505 0.267130 0.019287 0.038889
0 0.468994 0.151852 0.021484 0.045370
0 0.579590 0.126157 0.016602 0.036574
0 0.463867 0.052315 0.015625 0.037037
0 0.586060 0.014583 0.019775 0.028241
0 0.739868 0.168750 0.013428 0.031019
0 0.746826 0.087731 0.014160 0.032870
0 0.872070 0.042593 0.022949 0.049074
0 0.853394 0.118519 0.019287 0.044444
0 0.847900 0.287731 0.018066 0.042130
0 0.723877 0.310648 0.020020 0.041667
0 0.823242 0.390278 0.016113 0.033333
0 0.719482 0.423380 0.008789 0.027315
0 0.881958 0.189120 0.020264 0.033796
0 0.823486 0.509722 0.018066 0.029630
0 0.701416 0.546065 0.008789 0.015278
0 0.691040 0.659491 0.022217 0.043981
0 0.822632 0.652778 0.021729 0.035185
0 0.800171 0.764815 0.024170 0.034259
0 0.690674 0.824306 0.021484 0.038426
0 0.788696 0.897454 0.022705 0.039352
0 0.662720 0.924074 0.021240 0.040741
0 0.953613 0.931944 0.030273 0.040741
0 0.970581 0.777546 0.027588 0.038426
0 0.971436 0.655324 0.025391 0.036574
0 0.987183 0.534722 0.016357 0.032407
0 0.989014 0.409028 0.021973 0.043056
0 0.994263 0.267824 0.011475 0.038426