0 0.078003 0.018981 0.007568 0.012963
0 0.067139 0.049537 0.005859 0.015741
0 0.022705 0.293981 0.009766 0.013889
0 0.033447 0.238194 0.009766 0.018056
0 0.150513 0.223843 0.009521 0.018981
0 0.125366 0.125000 0.008545 0.018519
0 0.008057 0.416435 0.009766 0.017130
0 0.124756 0.096991 0.009277 0.018981
0 0.065186 0.415509 0.012695 0.017130
0 0.181274 0.026157 0.007568 0.020833
0 0.174194 0.057870 0.008545 0.022222
0 0.179443 0.136574 0.006348 0.013889
0 0.143188 0.304861 0.007568 0.019907
0 0.130005 0.346759 0.007080 0.020370
0 0.109619 0.490046 0.007812 0.016204
0 0.235840 0.053009 0.008301 0.016204
0 0.228516 0.129167 0.008301 0.013889
0 0.212036 0.203241 0.008545 0.014815
0 0.205933 0.330324 0.008545 0.024537
0 0.193970 0.438426 0.008545 0.016667
0 0.190796 0.483796 0.010498 0.018519
0 0.243408 0.514815 0.009766 0.017593
0 0.247681 0.451620 0.009033 0.018056
0 0.252930 0.407639 0.009766 0.019907
0 0.256592 0.320370 0.008301 0.019444
0 0.268921 0.233796 0.008057 0.015741
0 0.265259 0.178241 0.009521 0.020370
0 0.273071 0.121296 0.009521 0.016667
0 0.279785 0.089815 0.008301 0.018519
0 0.283569 0.044213 0.007080 0.017130
0 0.286743 0.010417 0.007568 0.019907
0 0.341064 0.038889 0.008789 0.015741
0 0.333008 0.195370 0.007812 0.016667
0 0.326416 0.307870 0.007812 0.020370
0 0.318115 0.418981 0.010254 0.018519
0 0.315186 0.454167 0.009277 0.020370
0 0.371216 0.496991 0.007080 0.016204
0 0.375610 0.297454 0.008545 0.020833
0 0.373291 0.253935 0.005859 0.018981
0 0.378174 0.182407 0.006836 0.017593
0 0.382812 0.094907 0.008301 0.022222
0 0.449341 0.095602 0.007080 0.022685
0 0.445679 0.135880 0.007080 0.018056
0 0.443970 0.290741 0.007568 0.018519
0 0.440918 0.365972 0.008789 0.024537
0 0.438110 0.421759 0.009521 0.018519
0 0.443237 0.470139 0.006104 0.020833
0 0.445557 0.525694 0.007324 0.019907
0 0.028076 0.695370 0.011719 0.014815
0 0.048584 0.564815 0.011719 0.020370
0 0.087769 0.717130 0.011963 0.022222
0 0.094238 0.607639 0.011719 0.017130
0 0.104126 0.541667 0.011475 0.018519
0 0.009155 0.755556 0.014893 0.015741
0 0.061157 0.860648 0.014404 0.019444
0 0.053345 0.920602 0.013428 0.018056
0 0.151123 0.899769 0.013184 0.017130
0 0.161377 0.775000 0.011719 0.017593
0 0.158936 0.832407 0.011719 0.014815
0 0.174927 0.647222 0.011475 0.015741
0 0.173218 0.703704 0.010498 0.015741
0 0.175415 0.583565 0.011475 0.013426
0 0.189941 0.538657 0.011230 0.017130
0 0.239258 0.568287 0.010254 0.017130
0 0.233521 0.616435 0.007568 0.017130
0 0.230469 0.676157 0.006348 0.018981
0 0.222778 0.734722 0.013428 0.018519
0 0.206909 0.875926 0.013428 0.019444
0 0.295532 0.959491 0.009033 0.021759
0 0.293823 0.863889 0.010498 0.024074
0 0.306274 0.807870 0.008545 0.019444
0 0.298950 0.757407 0.009521 0.017593
0 0.305542 0.681019 0.010986 0.022222
0 0.312012 0.569213 0.010254 0.019907
0 0.367188 0.603009 0.008789 0.019907
0 0.362427 0.724306 0.010010 0.019907
0 0.360596 0.908102 0.010254 0.018056
0 0.442749 0.881481 0.008545 0.019444
0 0.443481 0.810648 0.006592 0.016667
0 0.439453 0.751852 0.008301 0.018519
0 0.438110 0.689815 0.008545 0.020370
0 0.445190 0.577546 0.007080 0.018981
0 0.502075 0.846991 0.010010 0.019907
0 0.500977 0.919213 0.008789 0.018056
0 0.494873 0.655093 0.008301 0.018519
0 0.495972 0.789120 0.009521 0.018056
0 0.492188 0.559954 0.006348 0.017130
0 0.492065 0.444444 0.007568 0.021296
0 0.590820 0.971991 0.009277 0.020833
0 0.591675 0.894213 0.009033 0.020833
0 0.588501 0.830093 0.009033 0.020370
0 0.584473 0.761806 0.007812 0.018056
0 0.580078 0.702778 0.008789 0.018519
0 0.571655 0.591898 0.009521 0.019907
0 0.573364 0.534259 0.006592 0.018519
0 0.569336 0.488426 0.006348 0.019444
0 0.564209 0.437037 0.006836 0.016667
0 0.617188 0.463889 0.006836 0.017593
0 0.619263 0.520370 0.006592 0.016667
0 0.624268 0.557407 0.006348 0.019444
0 0.619019 0.601852 0.008057 0.018519
0 0.635498 0.735417 0.008301 0.018056
0 0.653809 0.857407 0.011719 0.022222
0 0.643311 0.930093 0.009277 0.017593
0 0.734985 0.903935 0.010010 0.019907
0 0.734253 0.822685 0.010986 0.022222
0 0.719971 0.779167 0.008789 0.015741
0 0.716675 0.703009 0.008545 0.019907
0 0.706665 0.661574 0.010498 0.019444
0 0.700073 0.598148 0.009033 0.015741
0 0.693604 0.495833 0.006348 0.016667
0 0.735840 0.469676 0.010742 0.018056
0 0.763062 0.678472 0.009521 0.018056
0 0.768921 0.740972 0.010498 0.018056
0 0.780396 0.804398 0.012451 0.028241
0 0.786987 0.854861 0.006592 0.015278
0 0.796387 0.923380 0.009277 0.017130
0 0.831055 0.541667 0.011719 0.019444
0 0.880127 0.908796 0.010742 0.016667
0 0.942139 0.940741 0.014648 0.018519
0 0.874756 0.847454 0.013184 0.018056
0 0.862671 0.773843 0.010498 0.017130
0 0.843750 0.650463 0.010254 0.018519
0 0.858398 0.465509 0.009766 0.017130
0 0.873901 0.504861 0.008545 0.018981
0 0.884399 0.615278 0.011963 0.022222
0 0.910156 0.740046 0.012695 0.018056
0 0.927124 0.853241 0.011963 0.019444
0 0.882568 0.568287 0.007812 0.017130
0 0.937866 0.520602 0.010498 0.018056
0 0.962891 0.621991 0.008301 0.014352
0 0.975952 0.673380 0.009033 0.020833
0 0.980835 0.731713 0.010010 0.018056
0 0.948975 0.028472 0.007324 0.018981
0 0.913086 0.188657 0.007324 0.015278
0 0.846191 0.040278 0.007324 0.014815
0 0.849854 0.071065 0.006348 0.019907
0 0.862549 0.101620 0.006348 0.016204
0 0.864868 0.131019 0.006104 0.011111
0 0.882690 0.212963 0.006104 0.013889
0 0.815063 0.204861 0.007568 0.014352
0 0.907471 0.332639 0.010254 0.015278
0 0.964478 0.387731 0.010498 0.020833
0 0.936768 0.271296 0.012207 0.020370
0 0.919312 0.416667 0.006592 0.011111
0 0.836426 0.325694 0.009277 0.014352
0 0.842896 0.364583 0.008057 0.019907
0 0.810547 0.395833 0.008301 0.013889
0 0.730713 0.413194 0.008789 0.017130
0 0.727661 0.355093 0.007568 0.022222
0 0.714844 0.321759 0.007324 0.016667
0 0.716919 0.278704 0.007080 0.018519
0 0.704102 0.165278 0.005859 0.016667
0 0.693115 0.093981 0.006348 0.018519
0 0.661133 0.153472 0.006836 0.013426
0 0.679321 0.306481 0.007080 0.019444
0 0.678223 0.354630 0.005859 0.018519
0 0.687378 0.394676 0.006592 0.018981
0 0.621582 0.409259 0.005371 0.014815
0 0.610840 0.366435 0.005371 0.016204
0 0.607666 0.315278 0.004395 0.015741
0 0.559814 0.301157 0.006836 0.012500
0 0.559082 0.255324 0.004883 0.016204
0 0.564453 0.182870 0.006348 0.015741
0 0.593140 0.198380 0.007568 0.015278
0 0.598511 0.155787 0.007568 0.017130
0 0.775024 0.190509 0.007568 0.018056
0 0.781616 0.227315 0.008057 0.021296
0 0.797729 0.307870 0.008545 0.017593
0 0.763062 0.068287 0.007080 0.019907
0 0.760254 0.043056 0.006348 0.016667
0 0.656250 0.035185 0.007812 0.020370
0 0.662598 0.106944 0.006348 0.019444
0 0.665405 0.223380 0.006104 0.018981
0 0.665649 0.190972 0.007080 0.018056
0 0.602295 0.270602 0.006348 0.019907
0 0.596680 0.122454 0.006836 0.017130
0 0.590698 0.018287 0.004639 0.015278
0 0.554688 0.006481 0.007324 0.012037
0 0.558838 0.132407 0.006348 0.015741
0 0.559570 0.103009 0.006836 0.018056
0 0.558105 0.069907 0.005371 0.020370
0 0.562744 0.220602 0.007324 0.017130
0 0.770752 0.151389 0.006348 0.016667
0 0.801392 0.137037 0.007568 0.016667
0 0.985107 0.133796 0.011719 0.022222
0 0.791260 0.056944 0.007324 0.019444
0 0.488647 0.237269 0.006592 0.013426
0 0.488159 0.077778 0.006104 0.018519
0 0.495728 0.045139 0.004639 0.014352
0 0.490356 0.007870 0.005615 0.014815
0 0.493408 0.357870 0.007812 0.018519
0 0.571777 0.392593 0.007324 0.011111
0 0.110474 0.196528 0.008545 0.014352
0 0.368774 0.440046 0.009521 0.018981
0 0.487915 0.180787 0.005615 0.020833
0 0.717896 0.237731 0.006104 0.017130
0 0.692261 0.060417 0.003662 0.019907
0 0.851318 0.406019 0.008789 0.023148
0 0.856079 0.716667 0.008057 0.015741
0 0.748535 0.571528 0.007324 0.016204
0 0.687012 0.453935 0.008789 0.019907
0 0.314331 0.512269 0.010498 0.018056
0 0.035400 0.634259 0.011230 0.018519
0 0.331787 0.237037 0.009277 0.019444
0 0.438721 0.330324 0.006836 0.017130
0 0.446777 0.062269 0.008301 0.021759
0 0.381348 0.224074 0.005371 0.016667
0 0.446533 0.178241 0.005371 0.014815
0 0.357788 0.840278 0.008057 0.020370
0 0.593262 0.240046 0.007324 0.015278
0 0.889893 0.251157 0.007812 0.014352
0 0.987305 0.486806 0.007812 0.019907
0 0.141113 0.974074 0.013184 0.016667
0 0.892334 0.975000 0.008789 0.022222