0 0.290527 0.145833 0.009766 0.020370
0 0.344604 0.270139 0.008057 0.019907
0 0.340210 0.356019 0.009521 0.022222
0 0.333618 0.492130 0.008545 0.025000
0 0.256470 0.507407 0.012451 0.023148
0 0.214111 0.470602 0.010254 0.018056
0 0.214722 0.431481 0.010986 0.021296
0 0.224243 0.332176 0.010986 0.019907
0 0.149536 0.378935 0.010498 0.022685
0 0.130737 0.494676 0.011475 0.018056
0 0.123657 0.537269 0.010986 0.020833
0 0.114258 0.581019 0.013184 0.023148
0 0.108276 0.662269 0.015869 0.020833
0 0.257080 0.613889 0.009277 0.020370
0 0.207031 0.524769 0.009766 0.022685
0 0.032471 0.353935 0.008789 0.017130
0 0.348022 0.150463 0.008545 0.015741
0 0.347656 0.182870 0.010742 0.020370
0 0.279663 0.274074 0.008057 0.018519
0 0.267944 0.395602 0.010498 0.021759
0 0.238403 0.168287 0.009521 0.018981
0 0.236328 0.201620 0.009766 0.021759
0 0.325562 0.681713 0.013428 0.023611
0 0.334351 0.566898 0.009521 0.022685
0 0.392456 0.657176 0.010010 0.018981
0 0.383301 0.596759 0.006836 0.023148
0 0.391235 0.531944 0.007568 0.017593
0 0.394165 0.296759 0.008057 0.021296
0 0.396362 0.216667 0.007080 0.013889
0 0.386475 0.724537 0.007812 0.018519
0 0.466064 0.679630 0.010742 0.020370
0 0.460938 0.619444 0.008301 0.019444
0 0.461792 0.512963 0.006592 0.020370
0 0.461426 0.459954 0.006836 0.018056
0 0.458862 0.415972 0.007568 0.017130
0 0.456421 0.368287 0.007568 0.019907
0 0.463623 0.281250 0.008301 0.019907
0 0.463867 0.239352 0.011230 0.021296
0 0.460693 0.194444 0.008789 0.016667
0 0.454346 0.155324 0.007324 0.015278
0 0.455811 0.110185 0.007324 0.020370
0 0.503662 0.172222 0.008789 0.021296
0 0.505005 0.266667 0.007568 0.015741
0 0.507202 0.339583 0.009033 0.017130
0 0.513794 0.486806 0.008545 0.021759
0 0.518799 0.653472 0.008789 0.020833
0 0.467651 0.739583 0.008545 0.018056
0 0.523438 0.770602 0.005859 0.018056
0 0.522339 0.831944 0.009521 0.019444
0 0.471313 0.877315 0.010498 0.020370
0 0.376343 0.844907 0.010498 0.018519
0 0.378296 0.966204 0.010010 0.020370
0 0.318604 0.803009 0.011719 0.024537
0 0.239502 0.851852 0.012207 0.023148
0 0.240723 0.775926 0.009766 0.019444
0 0.186646 0.759491 0.011475 0.018056
0 0.100220 0.779630 0.011475 0.019444
0 0.079834 0.843519 0.016113 0.030556
0 0.076416 0.917824 0.014160 0.019907
0 0.222412 0.923611 0.012695 0.018519
0 0.236694 0.986111 0.009033 0.019444
0 0.473145 0.940741 0.008301 0.018519
0 0.591919 0.528009 0.007568 0.018056
0 0.590576 0.584028 0.007812 0.017130
0 0.604858 0.688426 0.007568 0.020370
0 0.611450 0.819444 0.010010 0.020370
0 0.621948 0.953241 0.009521 0.018519
0 0.657471 0.716898 0.009766 0.018056
0 0.646973 0.498611 0.010742 0.020370
0 0.630005 0.401157 0.006592 0.017130
0 0.615234 0.296759 0.009277 0.022222
0 0.309814 0.937500 0.010254 0.018519
0 0.315796 0.873380 0.011475 0.019907
0 0.567627 0.169213 0.006836 0.016204
0 0.576538 0.246991 0.007568 0.022685
0 0.741699 0.756019 0.010254 0.022222
0 0.678101 0.916435 0.011475 0.021759
0 0.682739 0.982407 0.009521 0.016667
0 0.764282 0.957176 0.010010 0.019907
0 0.754395 0.875000 0.010254 0.023148
0 0.751343 0.820370 0.011963 0.021296
0 0.726929 0.637037 0.008545 0.020370
0 0.780762 0.605093 0.009277 0.022222
0 0.770264 0.549306 0.008301 0.018056
0 0.756836 0.460648 0.011719 0.022222
0 0.716919 0.465972 0.010010 0.023611
0 0.704712 0.439120 0.008545 0.016204
0 0.636353 0.553009 0.009033 0.020833
0 0.651855 0.609259 0.005859 0.018519
0 0.829102 0.976852 0.011719 0.021296
0 0.812500 0.846528 0.012695 0.019907
0 0.797607 0.766204 0.009766 0.023148
0 0.781006 0.651157 0.008301 0.017130
0 0.845093 0.535648 0.009033 0.017593
0 0.839722 0.490046 0.010498 0.017130
0 0.829712 0.428241 0.008057 0.017593
0 0.888184 0.495602 0.006836 0.023611
0 0.853760 0.587500 0.009766 0.020370
0 0.860229 0.639352 0.008545 0.020370
0 0.872681 0.707176 0.009033 0.018981
0 0.880249 0.759259 0.011963 0.022222
0 0.884399 0.835648 0.010986 0.021296
0 0.905518 0.964120 0.011230 0.018981
0 0.952515 0.848843 0.012451 0.022685
0 0.947266 0.786806 0.010742 0.019907
0 0.987915 0.665509 0.011963 0.019907
0 0.972900 0.566435 0.014160 0.018981
0 0.961426 0.512731 0.012695 0.018056
0 0.989624 0.430324 0.011963 0.022685
0 0.851440 0.307870 0.009033 0.021296
0 0.813965 0.338426 0.008789 0.018519
0 0.744019 0.361343 0.008545 0.018981
0 0.747681 0.410880 0.008545 0.015278
0 0.694458 0.345370 0.008545 0.020370
0 0.670776 0.106481 0.007568 0.019444
0 0.716309 0.150926 0.007324 0.023148
0 0.775757 0.070602 0.007568 0.014352
0 0.898926 0.234491 0.007812 0.017130
0 0.934937 0.400000 0.008545 0.015741
0 0.956299 0.288194 0.007812 0.019907
0 0.924561 0.132870 0.008301 0.024074
0 0.678101 0.135185 0.006592 0.020370
0 0.614136 0.193750 0.007080 0.017130
0 0.803711 0.254630 0.010254 0.020370
0 0.829956 0.193519 0.009033 0.018519
0 0.842529 0.221991 0.008301 0.018981
0 0.985352 0.383102 0.011230 0.018056
0 0.590454 0.478009 0.011475 0.021759
0 0.586060 0.422685 0.008057 0.018519
0 0.581909 0.377778 0.007080 0.018519
0 0.072144 0.149306 0.009521 0.016204
0 0.083130 0.052083 0.008057 0.015278
0 0.071777 0.509722 0.011230 0.017593
0 0.153809 0.300694 0.010254 0.020833
0 0.160767 0.246528 0.010986 0.018981
0 0.166870 0.203009 0.006104 0.016204
0 0.102661 0.713194 0.009521 0.017130
0 0.055420 0.626620 0.008301 0.015278
0 0.185303 0.835417 0.010254 0.015278
0 0.286377 0.178241 0.007324 0.016667
0 0.281250 0.227315 0.004883 0.015741
0 0.326782 0.625463 0.008057 0.020370
0 0.334961 0.416435 0.006348 0.017130
0 0.355225 0.061111 0.008789 0.023148
0 0.398071 0.055556 0.008057 0.020370
0 0.519531 0.708333 0.007324 0.016667
0 0.514893 0.589120 0.006836 0.019907
0 0.513794 0.540741 0.008057 0.018519
0 0.659302 0.773380 0.008545 0.019907
0 0.667969 0.856481 0.009766 0.020370
0 0.703735 0.379861 0.010498 0.019907
0 0.681274 0.218519 0.006592 0.017593
0 0.719360 0.197917 0.009521 0.017130
0 0.621704 0.264583 0.010498 0.019907
0 0.671143 0.065046 0.008789 0.024537
0 0.701904 0.075926 0.006348 0.018519
0 0.897461 0.558333 0.010254 0.017593
0 0.871948 0.406713 0.010010 0.017130
0 0.849854 0.273380 0.006836 0.021759
0 0.812500 0.084491 0.007324 0.017130
0 0.993530 0.118981 0.009521 0.022222
0 0.930786 0.356250 0.010010 0.013426
0 0.251831 0.665046 0.010010 0.018981
0 0.290894 0.074769 0.007568 0.017130
0 0.378052 0.771528 0.009033 0.020833
0 0.630493 0.359259 0.008057 0.021296
0 0.458984 0.053009 0.008301 0.014352
0 0.948853 0.471065 0.009033 0.017130
0 0.012329 0.453009 0.006592 0.014352
0 0.246216 0.720602 0.009521 0.016204
0 0.189331 0.691667 0.011963 0.023148
0 0.800293 0.711806 0.012207 0.018981
0 0.342651 0.456713 0.007080 0.016204
0 0.391113 0.389583 0.008789 0.024537
0 0.504028 0.105787 0.006592 0.018981
0 0.719360 0.532639 0.009521 0.021759
0 0.507812 0.442361 0.008301 0.017130
0 0.081177 0.411806 0.010010 0.018981
0 0.097168 0.359491 0.007812 0.015278
0 0.901855 0.204167 0.008789 0.019444
0 0.159546 0.963194 0.011963 0.018981
0 0.685791 0.297685 0.009766 0.016667
0 0.927490 0.716667 0.010742 0.020370
0 0.461548 0.808102 0.008057 0.016204
0 0.601318 0.635880 0.005371 0.018056
0 0.608765 0.116898 0.007080 0.016204
0 0.224854 0.372222 0.008301 0.016667
0 0.035034 0.751157 0.014893 0.020833
0 0.122314 0.144907 0.010742 0.019444
0 0.524414 0.898843 0.004883 0.017130
0 0.237183 0.244676 0.008057 0.015278
0 0.005005 0.507639 0.009521 0.014352
0 0.704590 0.044444 0.007324 0.019444
0 0.971069 0.053704 0.008057 0.020370
0 0.574463 0.135417 0.004883 0.016204
0 0.573486 0.287500 0.006836 0.012963
0 0.870972 0.057870 0.007568 0.020370
0 0.563354 0.063657 0.009521 0.018056
0 0.875244 0.092130 0.007812 0.016667
0 0.882324 0.158102 0.008301 0.014352
0 0.003174 0.561806 0.005859 0.016204
0 0.223022 0.280324 0.008545 0.016204
0 0.278564 0.309259 0.004883 0.012963
0 0.020020 0.875231 0.015137 0.016204
0 0.618896 0.151157 0.005859 0.012500
0 0.910889 0.613194 0.011230 0.023611
0 0.712891 0.108333 0.009277 0.017593
0 0.526001 0.974769 0.011475 0.021759
0 0.989746 0.991435 0.008789 0.017130
0 0.605713 0.076389 0.008301 0.015741