0 0.068115 0.019676 0.016113 0.037500
0 0.049805 0.151852 0.023438 0.037963
0 0.014160 0.235880 0.027832 0.043981
0 0.238159 0.086574 0.006104 0.023148
0 0.374878 0.084028 0.017334 0.040278
0 0.348022 0.196759 0.014893 0.032407
0 0.224121 0.198843 0.022949 0.034722
0 0.201172 0.315278 0.018066 0.037037
0 0.323120 0.284259 0.022217 0.045370
0 0.290771 0.415972 0.020020 0.039352
0 0.448364 0.422222 0.015869 0.034259
0 0.171265 0.424074 0.017822 0.042593
0 0.280029 0.539583 0.019531 0.034722
0 0.145752 0.571296 0.023926 0.033333
0 0.432373 0.559491 0.019043 0.036574
0 0.123047 0.689352 0.027344 0.043519
0 0.248169 0.662037 0.016357 0.036111
0 0.405396 0.666898 0.019287 0.039352
0 0.093140 0.787500 0.015381 0.032407
0 0.071167 0.902546 0.029541 0.033796
0 0.231323 0.819444 0.021240 0.038889
0 0.369995 0.920370 0.016846 0.037037
0 0.481689 0.915509 0.018555 0.027315
0 0.643066 0.991667 0.020508 0.016667
0 0.678101 0.909259 0.020264 0.039815
0 0.768311 0.991435 0.022949 0.017130
0 0.792236 0.878241 0.028809 0.037963
0 0.688721 0.744213 0.022461 0.042130
0 0.543823 0.668519 0.018311 0.034259
0 0.508301 0.806944 0.021973 0.039815
0 0.706421 0.631019 0.010986 0.017593
0 0.732178 0.517130 0.010254 0.026852
0 0.554443 0.557176 0.017090 0.031944
0 0.579224 0.444213 0.017334 0.032870
0 0.746094 0.406250 0.020996 0.038426
0 0.583252 0.309722 0.020996 0.037963
0 0.467285 0.295833 0.019531 0.040741
0 0.770020 0.266898 0.016602 0.028241
0 0.781982 0.186574 0.015625 0.031481
0 0.614014 0.185417 0.016602 0.031944
0 0.625244 0.073380 0.020508 0.040278
0 0.501709 0.084722 0.014648 0.034259
0 0.502075 0.189583 0.020264 0.043056
0 0.814087 0.052778 0.010498 0.032407
0 0.935059 0.049537 0.027344 0.045370
0 0.911377 0.171759 0.025391 0.046296
0 0.886475 0.241204 0.025391 0.044444
0 0.911255 0.321065 0.020264 0.029167
0 0.871460 0.409028 0.022217 0.040278
0 0.839844 0.509259 0.020508 0.032407
0 0.996826 0.562500 0.006348 0.034259
0 0.831177 0.631250 0.018311 0.040278
0 0.992676 0.690741 0.014648 0.033333
0 0.819702 0.771065 0.024658 0.042130
0 0.973755 0.815278 0.030029 0.045370
0 0.963379 0.931250 0.031738 0.042130