0 0.289185 0.120602 0.008545 0.020833
0 0.342651 0.242361 0.008057 0.019907
0 0.339478 0.326852 0.009521 0.022222
0 0.331421 0.461111 0.008545 0.025000
0 0.255859 0.476157 0.010254 0.018981
0 0.213135 0.440509 0.009277 0.015278
0 0.215698 0.401389 0.010986 0.021296
0 0.223877 0.302546 0.009766 0.013426
0 0.150269 0.351852 0.008545 0.019444
0 0.131470 0.461806 0.011475 0.018056
0 0.124634 0.503935 0.009521 0.016204
0 0.114990 0.548380 0.011719 0.021759
0 0.110596 0.625231 0.014648 0.017130
0 0.256470 0.583102 0.009033 0.019907
0 0.207031 0.495602 0.009766 0.022685
0 0.034180 0.326620 0.008789 0.017130
0 0.346313 0.127315 0.008545 0.015741
0 0.344360 0.154861 0.007568 0.020833
0 0.279175 0.245833 0.008057 0.018519
0 0.267212 0.363657 0.010498 0.021759
0 0.237427 0.143056 0.008545 0.018519
0 0.236084 0.179398 0.009766 0.021759
0 0.322388 0.641898 0.013428 0.023611
0 0.333374 0.537269 0.009521 0.022685
0 0.388794 0.622685 0.008545 0.024074
0 0.380859 0.561574 0.006836 0.023148
0 0.389038 0.500000 0.007568 0.017593
0 0.391724 0.272222 0.007080 0.019444
0 0.393677 0.191204 0.007080 0.013889
0 0.383057 0.687500 0.007812 0.018519
0 0.461914 0.642361 0.008789 0.018056
0 0.458252 0.586111 0.006836 0.018519
0 0.458618 0.481481 0.006592 0.020370
0 0.458984 0.430324 0.006836 0.018056
0 0.455078 0.387963 0.007324 0.016667
0 0.454224 0.340509 0.007568 0.019907
0 0.459717 0.253935 0.008301 0.019907
0 0.459717 0.212963 0.007812 0.020370
0 0.457642 0.169444 0.006104 0.017593
0 0.452148 0.134028 0.007324 0.015278
0 0.453369 0.087500 0.007324 0.020370
0 0.500122 0.149306 0.007568 0.021759
0 0.500610 0.242593 0.007568 0.015741
0 0.503296 0.313426 0.007080 0.022222
0 0.509521 0.455556 0.008789 0.021296
0 0.514893 0.619676 0.008789 0.020833
0 0.464722 0.703009 0.008545 0.018056
0 0.519287 0.736111 0.005859 0.021296
0 0.517944 0.790741 0.009521 0.019444
0 0.467407 0.832639 0.010010 0.017130
0 0.374512 0.805787 0.009766 0.016204
0 0.376099 0.925000 0.010010 0.020370
0 0.316406 0.762500 0.010742 0.021296
0 0.239380 0.810880 0.009521 0.021759
0 0.240845 0.737963 0.009521 0.017593
0 0.186157 0.721991 0.011475 0.018056
0 0.101440 0.740741 0.011475 0.019444
0 0.081299 0.803241 0.016113 0.021296
0 0.079590 0.875463 0.013184 0.019444
0 0.223389 0.881481 0.012695 0.018519
0 0.235962 0.948148 0.009033 0.019444
0 0.303589 0.978009 0.012939 0.019907
0 0.468750 0.899537 0.008301 0.018519
0 0.587280 0.495602 0.007568 0.018056
0 0.586426 0.552083 0.007812 0.017130
0 0.599976 0.653704 0.007568 0.020370
0 0.606079 0.778472 0.009521 0.019907
0 0.614502 0.908796 0.007324 0.017593
0 0.615967 0.984954 0.009766 0.019907
0 0.651855 0.678935 0.009766 0.018056
0 0.640991 0.467361 0.010010 0.020833
0 0.625122 0.374769 0.006592 0.017130
0 0.611572 0.272685 0.008301 0.019444
0 0.310425 0.898843 0.011963 0.018981
0 0.314575 0.827083 0.011475 0.019907
0 0.520874 0.929861 0.007568 0.017130
0 0.564453 0.151620 0.006836 0.016204
0 0.572144 0.223843 0.006104 0.021759
0 0.734375 0.717593 0.010254 0.022222
0 0.671875 0.872222 0.009277 0.017593
0 0.676392 0.937500 0.009521 0.016667
0 0.756470 0.915046 0.010010 0.019907
0 0.746582 0.836574 0.010254 0.023148
0 0.745728 0.777778 0.011963 0.021296
0 0.721069 0.602315 0.008545 0.020370
0 0.771240 0.569444 0.009277 0.022222
0 0.761230 0.513657 0.008301 0.018056
0 0.750610 0.428009 0.012939 0.022685
0 0.710327 0.436806 0.010010 0.023611
0 0.698608 0.408102 0.008545 0.016204
0 0.632202 0.519213 0.009033 0.020833
0 0.645752 0.574074 0.005859 0.018519
0 0.829956 0.993981 0.012451 0.012037
0 0.821777 0.933333 0.011719 0.021296
0 0.803467 0.808102 0.012695 0.019907
0 0.788574 0.729167 0.009766 0.023148
0 0.771240 0.611806 0.008301 0.017130
0 0.836304 0.505556 0.009033 0.017593
0 0.831421 0.461574 0.009521 0.015741
0 0.822632 0.404167 0.008057 0.017593
0 0.878418 0.462731 0.006836 0.023611
0 0.845215 0.556019 0.009766 0.020370
0 0.850464 0.602778 0.008545 0.020370
0 0.863647 0.670139 0.009033 0.018981
0 0.870728 0.722222 0.010010 0.021296
0 0.874512 0.796759 0.008789 0.015741
0 0.895020 0.919676 0.011230 0.018981
0 0.920654 0.990046 0.013672 0.019907
0 0.977173 0.952546 0.010986 0.018981
0 0.940796 0.808565 0.012451 0.022685
0 0.936279 0.748380 0.010742 0.019907
0 0.995117 0.704398 0.009766 0.020833
0 0.978149 0.629398 0.011963 0.019907
0 0.962158 0.535880 0.014160 0.018981
0 0.951904 0.481250 0.012695 0.018056
0 0.979248 0.399537 0.009766 0.020370
0 0.843628 0.283796 0.009033 0.021296
0 0.806641 0.311111 0.008789 0.018519
0 0.737183 0.331250 0.008545 0.018981
0 0.740845 0.380787 0.008545 0.015278
0 0.688110 0.320370 0.008545 0.020370
0 0.664673 0.084722 0.007568 0.019444
0 0.710449 0.130556 0.007324 0.023148
0 0.770874 0.048148 0.007568 0.013889
0 0.892578 0.212269 0.007812 0.017130
0 0.925171 0.374537 0.008545 0.015741
0 0.947754 0.265509 0.007812 0.019907
0 0.916260 0.110648 0.008301 0.024074
0 0.671021 0.117130 0.006592 0.020370
0 0.610718 0.171065 0.006104 0.015278
0 0.796875 0.231481 0.010254 0.020370
0 0.822144 0.171296 0.009033 0.018519
0 0.835938 0.198611 0.007324 0.020370
0 0.975342 0.358102 0.011230 0.018056
0 0.585449 0.445833 0.009277 0.021296
0 0.581909 0.393981 0.008057 0.018519
0 0.577026 0.350000 0.007080 0.018519
0 0.073364 0.128241 0.009521 0.024074
0 0.083008 0.027778 0.006836 0.013889
0 0.074707 0.476389 0.011230 0.017593
0 0.154053 0.271991 0.009277 0.018981
0 0.161621 0.220833 0.008789 0.017593
0 0.166138 0.182176 0.006104 0.016204
0 0.104370 0.680324 0.009521 0.017130
0 0.056641 0.590509 0.008301 0.015278
0 0.156738 0.984722 0.011230 0.018519
0 0.185547 0.795139 0.010254 0.015278
0 0.285645 0.156944 0.007324 0.016667
0 0.280029 0.201852 0.004883 0.015741
0 0.325562 0.589815 0.008057 0.020370
0 0.333252 0.386806 0.006348 0.017130
0 0.353271 0.039815 0.008789 0.023148
0 0.395874 0.036111 0.008057 0.020370
0 0.377441 0.860417 0.008301 0.019907
0 0.515137 0.671759 0.007324 0.016667
0 0.509888 0.559954 0.008057 0.017130
0 0.509644 0.510185 0.008057 0.018519
0 0.654175 0.737269 0.008545 0.019907
0 0.661133 0.813426 0.009766 0.020370
0 0.767334 0.986111 0.007812 0.016667
0 0.697144 0.349537 0.007080 0.018519
0 0.675171 0.195833 0.006592 0.017593
0 0.714478 0.172454 0.009521 0.017130
0 0.616821 0.240741 0.007080 0.021296
0 0.665405 0.044907 0.008057 0.019444
0 0.696289 0.058333 0.006348 0.018519
0 0.887939 0.527315 0.010254 0.017593
0 0.863281 0.379861 0.008789 0.017130
0 0.840942 0.250000 0.005615 0.019444
0 0.805176 0.061806 0.007324 0.017130
0 0.984497 0.100463 0.009521 0.022222
0 0.922974 0.329861 0.010010 0.013426
0 0.252197 0.629398 0.010742 0.019907
0 0.290161 0.053009 0.007568 0.017130
0 0.376587 0.732639 0.009033 0.020833
0 0.625122 0.328935 0.007080 0.018056
0 0.456787 0.032176 0.008301 0.014352
0 0.939331 0.440741 0.005615 0.014815
0 0.014771 0.423843 0.006592 0.014352
0 0.245605 0.685880 0.010254 0.018056
0 0.189819 0.653704 0.011963 0.023148
0 0.790283 0.676157 0.012207 0.018981
0 0.340454 0.422454 0.007080 0.016204
0 0.389526 0.360185 0.007568 0.018519
0 0.501099 0.088657 0.006592 0.018981
0 0.711548 0.501157 0.009521 0.021759
0 0.504639 0.414120 0.008301 0.017130
0 0.004395 0.979630 0.008301 0.023148
0 0.083374 0.382407 0.011475 0.012963
0 0.097900 0.334954 0.007812 0.015278
0 0.893311 0.183796 0.008789 0.019444
0 0.162964 0.920602 0.011963 0.018981
0 0.682129 0.270833 0.009766 0.016667
0 0.920410 0.685185 0.010742 0.020370
0 0.458130 0.769213 0.008057 0.016204
0 0.596191 0.609028 0.005371 0.018056
0 0.604370 0.096528 0.007080 0.016204
0 0.223877 0.345370 0.008301 0.016667
0 0.707275 0.088194 0.004883 0.021759
0 0.039551 0.713889 0.015137 0.021296
0 0.123047 0.124074 0.008301 0.018519
0 0.520020 0.854861 0.004883 0.017130
0 0.235962 0.220139 0.006104 0.016204
0 0.005493 0.477546 0.010498 0.014352
0 0.569580 0.187500 0.008789 0.012037
0 0.698730 0.023611 0.007324 0.019444
0 0.961548 0.032639 0.006592 0.016204
0 0.570312 0.114352 0.003906 0.013889
0 0.569824 0.262037 0.006836 0.012963
0 0.861938 0.037037 0.007080 0.024074