0 0.041870 0.078009 0.017334 0.045833
0 0.030884 0.216898 0.021729 0.043981
0 0.006104 0.309259 0.011719 0.033333
0 0.228394 0.013657 0.014893 0.026389
0 0.215454 0.124769 0.005127 0.024537
0 0.352661 0.101852 0.015869 0.044444
0 0.330811 0.215741 0.016602 0.037037
0 0.207764 0.239120 0.023926 0.034722
0 0.307495 0.310417 0.020264 0.048611
0 0.186035 0.357870 0.022949 0.033333
0 0.281616 0.441435 0.018799 0.041204
0 0.163330 0.467361 0.021484 0.038426
0 0.275513 0.568519 0.020752 0.038889
0 0.143433 0.620602 0.027100 0.033796
0 0.250244 0.696296 0.016602 0.026852
0 0.125854 0.744213 0.026123 0.040278
0 0.239746 0.857407 0.020020 0.040741
0 0.100586 0.847917 0.016602 0.034722
0 0.083374 0.967361 0.026611 0.037500
0 0.384521 0.937037 0.016113 0.038889
0 0.493652 0.912731 0.016113 0.028241
0 0.516602 0.800926 0.016602 0.042593
0 0.392944 0.812731 0.012939 0.033796
0 0.407471 0.677778 0.019531 0.039815
0 0.544067 0.657176 0.016846 0.031944
0 0.429810 0.567130 0.017334 0.037037
0 0.552490 0.547454 0.018066 0.035648
0 0.572998 0.429630 0.018555 0.033333
0 0.440063 0.426157 0.012939 0.037500
0 0.571167 0.293750 0.022217 0.038426
0 0.453613 0.297685 0.019531 0.036111
0 0.593506 0.167593 0.019531 0.031481
0 0.483643 0.188426 0.019531 0.041667
0 0.478882 0.083102 0.015381 0.037500
0 0.603149 0.056481 0.021729 0.045370
0 0.786621 0.013194 0.013184 0.025463
0 0.903442 0.004630 0.016357 0.008333
0 0.889404 0.109491 0.027344 0.042130
0 0.870239 0.181713 0.020264 0.041204
0 0.897461 0.257176 0.018066 0.028241
0 0.761475 0.141898 0.018066 0.037500
0 0.753418 0.225463 0.013184 0.028704
0 0.735718 0.366667 0.020264 0.037963
0 0.861450 0.351389 0.017822 0.037963
0 0.992188 0.483565 0.015625 0.039352
0 0.832642 0.452083 0.022217 0.031944
0 0.727051 0.482176 0.007324 0.028241
0 0.830322 0.577315 0.017578 0.039815
0 0.991943 0.615741 0.016113 0.035185
0 0.708008 0.596759 0.007324 0.021296
0 0.693848 0.710648 0.023438 0.037963
0 0.825317 0.718287 0.020264 0.035648
0 0.977295 0.735417 0.026367 0.041204
0 0.799805 0.828472 0.024414 0.036574
0 0.974609 0.857639 0.027832 0.034722
0 0.688843 0.878472 0.021729 0.038426
0 0.661255 0.978472 0.022705 0.041204
0 0.786987 0.962963 0.023682 0.042593