0 0.011841 0.025231 0.023193 0.036574
0 0.341553 0.040046 0.018066 0.033796
0 0.271729 0.118056 0.021973 0.036111
0 0.218140 0.182176 0.022705 0.040278
0 0.164429 0.217824 0.018311 0.027315
0 0.109863 0.275694 0.021484 0.035648
0 0.040283 0.345833 0.027832 0.038889
0 0.378174 0.254398 0.015137 0.039352
0 0.315796 0.309722 0.015381 0.027778
0 0.250122 0.401157 0.022705 0.035648
0 0.138428 0.492361 0.023438 0.042130
0 0.076538 0.558565 0.026611 0.033796
0 0.367188 0.576852 0.011719 0.036111
0 0.317139 0.646991 0.017578 0.029167
0 0.259766 0.698148 0.018555 0.029630
0 0.202148 0.775463 0.018555 0.033333
0 0.401245 0.779861 0.012451 0.031019
0 0.336182 0.858565 0.021484 0.040278
0 0.127319 0.860185 0.024170 0.040741
0 0.281860 0.919676 0.015381 0.020833
0 0.066650 0.910648 0.018555 0.030556
0 0.015503 0.965278 0.030518 0.034259
0 0.222290 0.981944 0.019775 0.036111
0 0.613525 0.916898 0.021484 0.048611
0 0.666626 0.858565 0.008545 0.010648
0 0.725342 0.803241 0.013184 0.024074
0 0.774902 0.734491 0.021973 0.039352
0 0.457153 0.733102 0.019287 0.039352
0 0.530029 0.673148 0.018066 0.029630
0 0.576416 0.607870 0.017578 0.028704
0 0.635376 0.552546 0.016846 0.031944
0 0.428711 0.500694 0.019531 0.036574
0 0.484131 0.454861 0.015625 0.035648
0 0.684082 0.457176 0.019043 0.035648
0 0.749146 0.396528 0.015869 0.026389
0 0.543457 0.371296 0.017578 0.025000
0 0.599487 0.304167 0.020752 0.039815
0 0.663940 0.264815 0.022705 0.039815
0 0.431030 0.175463 0.020752 0.036111
0 0.698608 0.186343 0.013428 0.030093
0 0.777344 0.140972 0.021973 0.033796
0 0.496582 0.117593 0.024902 0.041667
0 0.546265 0.082870 0.017334 0.030556
0 0.604614 0.030556 0.015869 0.030556
0 0.822510 0.067593 0.026367 0.046296
0 0.956421 0.192130 0.015381 0.023148
0 0.912109 0.222917 0.026367 0.031944
0 0.855347 0.282407 0.021729 0.029630
0 0.798340 0.331944 0.024902 0.034259
0 0.991089 0.482639 0.017822 0.038426
0 0.954468 0.554861 0.015869 0.019907
0 0.883057 0.613194 0.017090 0.030093
0 0.843750 0.658333 0.017578 0.027778
0 0.988159 0.764815 0.023682 0.037963
0 0.945190 0.794676 0.027100 0.036574
0 0.936768 0.884259 0.022461 0.030556
0 0.874146 0.902083 0.020264 0.028241
0 0.812744 0.932639 0.017090 0.029167