0 0.287720 0.105324 0.008545 0.020833
0 0.341187 0.226157 0.008057 0.019907
0 0.336792 0.306944 0.009521 0.022222
0 0.329224 0.442130 0.008545 0.025000
0 0.254639 0.458565 0.010254 0.018981
0 0.212158 0.421991 0.009277 0.015278
0 0.214355 0.384491 0.010254 0.016204
0 0.223145 0.286806 0.009766 0.013426
0 0.150269 0.335648 0.008545 0.019444
0 0.130737 0.443750 0.011475 0.018056
0 0.124390 0.486343 0.009521 0.016204
0 0.113770 0.528009 0.011719 0.021759
0 0.110596 0.603472 0.014648 0.017130
0 0.255249 0.559954 0.009033 0.019907
0 0.206543 0.476157 0.009766 0.022685
0 0.035156 0.310417 0.008789 0.017130
0 0.343628 0.111111 0.008545 0.015741
0 0.341919 0.137731 0.007568 0.020833
0 0.276978 0.229630 0.008057 0.018519
0 0.266235 0.346065 0.010498 0.021759
0 0.236450 0.130093 0.008545 0.018519
0 0.235352 0.165509 0.009766 0.021759
0 0.321167 0.622454 0.013428 0.023611
0 0.331665 0.515509 0.009521 0.022685
0 0.386353 0.600000 0.008545 0.024074
0 0.378662 0.539352 0.006836 0.023148
0 0.386597 0.478241 0.007568 0.017593
0 0.389526 0.254167 0.007080 0.019444
0 0.391479 0.174074 0.007080 0.013889
0 0.380615 0.663426 0.007812 0.018519
0 0.458740 0.621991 0.008789 0.018056
0 0.455078 0.565741 0.006836 0.018519
0 0.455933 0.462500 0.006592 0.020370
0 0.456299 0.412731 0.006836 0.018056
0 0.452393 0.368519 0.007324 0.016667
0 0.451538 0.322454 0.007568 0.019907
0 0.456909 0.237037 0.006592 0.016667
0 0.457275 0.197222 0.007812 0.020370
0 0.454956 0.155093 0.006104 0.017593
0 0.449219 0.117361 0.007324 0.015278
0 0.451172 0.072222 0.007324 0.020370
0 0.497925 0.134954 0.007568 0.021759
0 0.497925 0.227315 0.007568 0.015741
0 0.499878 0.295370 0.007080 0.022222
0 0.506592 0.435185 0.008789 0.021296
0 0.511230 0.599306 0.008789 0.020833
0 0.461060 0.678935 0.008545 0.018056
0 0.515625 0.712500 0.005859 0.021296
0 0.514038 0.767593 0.009521 0.019444
0 0.464478 0.808565 0.010010 0.017130
0 0.371582 0.780787 0.009766 0.016204
0 0.373413 0.897222 0.010010 0.020370
0 0.314453 0.737963 0.010742 0.021296
0 0.237427 0.784954 0.009521 0.021759
0 0.239380 0.714815 0.009521 0.017593
0 0.184692 0.697917 0.011475 0.018056
0 0.100708 0.715741 0.011475 0.019444
0 0.080811 0.777778 0.016113 0.021296
0 0.078857 0.847685 0.013184 0.019444
0 0.221924 0.854630 0.012695 0.018519
0 0.234985 0.921296 0.009033 0.019444
0 0.301880 0.951157 0.012939 0.019907
0 0.465454 0.873611 0.007568 0.021296
0 0.061401 0.987731 0.014404 0.018981
0 0.584106 0.477083 0.007568 0.018056
0 0.582520 0.532639 0.007812 0.017130
0 0.595581 0.632407 0.007568 0.020370
0 0.601440 0.755324 0.009521 0.019907
0 0.610107 0.883333 0.007324 0.017593
0 0.610840 0.959028 0.009766 0.019907
0 0.646484 0.656713 0.009766 0.018056
0 0.637085 0.449306 0.010010 0.020833
0 0.620972 0.357176 0.006592 0.017130
0 0.607422 0.254167 0.008301 0.019444
0 0.308716 0.872917 0.011963 0.018981
0 0.313354 0.805787 0.011475 0.019907
0 0.517212 0.902546 0.007568 0.017130
0 0.561035 0.135880 0.006836 0.016204
0 0.568481 0.209028 0.006104 0.021759
0 0.729126 0.694213 0.008545 0.022685
0 0.666748 0.847685 0.009277 0.017593
0 0.671753 0.912500 0.009521 0.016667
0 0.675781 0.987963 0.009766 0.019444
0 0.750854 0.888657 0.010010 0.019907
0 0.740234 0.813194 0.009277 0.021759
0 0.740112 0.753704 0.011963 0.021296
0 0.715698 0.581944 0.008545 0.020370
0 0.767090 0.552778 0.009277 0.022222
0 0.757812 0.500694 0.008301 0.018056
0 0.745972 0.409954 0.012939 0.022685
0 0.705200 0.416435 0.010010 0.023611
0 0.693970 0.390509 0.008545 0.016204
0 0.627563 0.499306 0.009033 0.020833
0 0.641113 0.554167 0.005859 0.018519
0 0.822632 0.972454 0.012939 0.019907
0 0.813965 0.906019 0.011719 0.021296
0 0.798096 0.781250 0.012695 0.019907
0 0.782471 0.706944 0.009766 0.023148
0 0.767578 0.594213 0.008301 0.017130
0 0.830688 0.486111 0.009033 0.017593
0 0.825806 0.443056 0.009521 0.015741
0 0.816772 0.386574 0.008057 0.017593
0 0.872070 0.442824 0.006836 0.023611
0 0.838867 0.537037 0.009766 0.020370
0 0.844849 0.585185 0.008545 0.020370
0 0.857300 0.648380 0.009033 0.018981
0 0.863892 0.698148 0.010010 0.021296
0 0.868164 0.772685 0.008789 0.015741
0 0.887695 0.892361 0.011230 0.018981
0 0.912354 0.962269 0.013672 0.019907
0 0.973022 0.989815 0.015869 0.020370
0 0.970093 0.924769 0.010986 0.018981
0 0.934448 0.784954 0.012451 0.022685
0 0.929199 0.725231 0.010742 0.019907
0 0.995728 0.745139 0.008545 0.018981
0 0.991211 0.680787 0.009766 0.020833
0 0.971558 0.608565 0.011963 0.019907
0 0.956055 0.514583 0.012207 0.018981
0 0.946045 0.462269 0.012695 0.018056
0 0.972900 0.382407 0.009766 0.020370
0 0.837524 0.267130 0.009033 0.021296
0 0.801758 0.295370 0.008789 0.018519
0 0.732544 0.315046 0.008545 0.018981
0 0.736450 0.364120 0.008545 0.015278
0 0.683960 0.303241 0.008545 0.020370
0 0.660767 0.070370 0.007568 0.019444
0 0.706543 0.115278 0.007324 0.023148
0 0.766235 0.035185 0.007568 0.013889
0 0.885986 0.196065 0.007812 0.017130
0 0.919312 0.357407 0.008545 0.015741
0 0.941650 0.253009 0.007812 0.019907
0 0.911377 0.097222 0.008301 0.024074
0 0.667847 0.102315 0.006592 0.020370
0 0.606812 0.154861 0.006104 0.015278
0 0.792236 0.215741 0.010254 0.020370
0 0.817505 0.156944 0.009033 0.018519
0 0.830811 0.185185 0.007324 0.020370
0 0.968994 0.340972 0.011230 0.018056
0 0.581299 0.427778 0.009277 0.021296
0 0.578247 0.377315 0.008057 0.018519
0 0.573364 0.332407 0.007080 0.018519
0 0.072876 0.110880 0.008057 0.015278
0 0.083008 0.017593 0.006836 0.013889
0 0.074707 0.457407 0.011230 0.017593
0 0.154053 0.257176 0.009277 0.018981
0 0.160645 0.204167 0.008789 0.017593
0 0.165649 0.168287 0.006104 0.016204
0 0.103394 0.655787 0.009521 0.017130
0 0.056396 0.570602 0.008301 0.015278
0 0.155518 0.956944 0.011230 0.018519
0 0.184082 0.769213 0.010254 0.015278
0 0.283936 0.141204 0.007324 0.016667
0 0.278320 0.185648 0.004883 0.015741
0 0.323120 0.569907 0.008057 0.020370
0 0.331787 0.369213 0.006348 0.017130
0 0.351318 0.026852 0.008789 0.023148
0 0.394165 0.022685 0.008057 0.020370
0 0.375000 0.834954 0.008301 0.019907
0 0.511963 0.645833 0.007324 0.016667
0 0.507935 0.537731 0.008057 0.017130
0 0.506470 0.490741 0.008057 0.018519
0 0.648804 0.713194 0.008545 0.019907
0 0.656006 0.789352 0.009766 0.020370
0 0.761719 0.958796 0.007812 0.016667
0 0.692749 0.333333 0.007080 0.018519
0 0.671265 0.181019 0.006592 0.017593
0 0.709839 0.158102 0.009521 0.017130
0 0.611938 0.225463 0.007080 0.021296
0 0.662720 0.031944 0.008057 0.019444
0 0.692139 0.045833 0.006348 0.018519
0 0.883301 0.505556 0.010254 0.017593
0 0.857666 0.363657 0.008789 0.017130
0 0.835815 0.233333 0.005615 0.019444
0 0.800049 0.049769 0.007324 0.017130
0 0.994995 0.167824 0.010010 0.018056
0 0.978882 0.086574 0.009521 0.022222
0 0.917114 0.312269 0.010010 0.013426
0 0.250732 0.606713 0.010742 0.019907
0 0.288696 0.040509 0.007568 0.017130
0 0.373901 0.707639 0.009033 0.020833
0 0.620972 0.313194 0.007080 0.018056
0 0.454102 0.018750 0.008301 0.014352
0 0.932983 0.422685 0.005615 0.014815
0 0.013794 0.403935 0.006592 0.014352
0 0.244873 0.662269 0.010254 0.018056
0 0.188843 0.636111 0.011963 0.023148
0 0.784912 0.654398 0.012207 0.018981
0 0.338257 0.403935 0.007080 0.016204
0 0.386353 0.339815 0.007568 0.018519
0 0.498657 0.072454 0.006592 0.018981
0 0.706909 0.480787 0.009521 0.021759
0 0.501465 0.396528 0.008301 0.017130
0 0.004150 0.952546 0.007812 0.020833
0 0.083374 0.363889 0.011475 0.012963
0 0.098145 0.318750 0.007812 0.015278
0 0.888672 0.168056 0.008789 0.019444
0 0.161987 0.892361 0.011963 0.018981
0 0.677734 0.254630 0.009766 0.016667
0 0.914307 0.660648 0.010742 0.020370
0 0.454956 0.745139 0.008057 0.016204
0 0.592529 0.588657 0.005371 0.018056
0 0.600952 0.082176 0.007080 0.016204
0 0.222656 0.328241 0.008301 0.016667
0 0.702881 0.075694 0.004883 0.021759
0 0.039551 0.691204 0.015137 0.021296
0 0.121826 0.105093 0.008301 0.018519
0 0.516113 0.830787 0.004883 0.017130
0 0.234741 0.205787 0.006104 0.016204
0 0.005859 0.457176 0.010742 0.014352
0 0.566650 0.173148 0.008789 0.012037
0 0.694580 0.011111 0.007324 0.019444
0 0.956177 0.018287 0.006592 0.016204
0 0.566650 0.101389 0.003906 0.013889
0 0.566162 0.247222 0.006836 0.012963