0 0.024902 0.084028 0.016113 0.045833
0 0.014526 0.222454 0.018311 0.042130
0 0.210693 0.007870 0.011230 0.014815
0 0.199829 0.115278 0.006592 0.022222
0 0.336182 0.081481 0.013672 0.039815
0 0.317505 0.200463 0.013916 0.036111
0 0.195068 0.230093 0.022949 0.037037
0 0.297241 0.295833 0.020752 0.047222
0 0.176880 0.351157 0.021240 0.033796
0 0.273315 0.430093 0.019775 0.035185
0 0.156128 0.468056 0.024170 0.042593
0 0.270752 0.557639 0.018066 0.035648
0 0.139893 0.621528 0.024414 0.035648
0 0.249634 0.687731 0.015381 0.030093
0 0.124756 0.744907 0.026855 0.038889
0 0.240845 0.849769 0.017822 0.043981
0 0.101440 0.853704 0.014893 0.029630
0 0.086914 0.973148 0.023926 0.037037
0 0.385864 0.917824 0.017822 0.039352
0 0.496704 0.882176 0.017334 0.033796
0 0.517212 0.768056 0.018311 0.039815
0 0.394165 0.793519 0.016846 0.029630
0 0.404785 0.656481 0.020020 0.040741
0 0.540405 0.623380 0.018799 0.029167
0 0.546265 0.516667 0.016357 0.036111
0 0.425537 0.540972 0.018066 0.031944
0 0.431763 0.401620 0.014404 0.039352
0 0.563477 0.395602 0.020508 0.038426
0 0.442261 0.275000 0.018311 0.040741
0 0.558838 0.258565 0.019043 0.041204
0 0.469604 0.159028 0.021729 0.046759
0 0.580933 0.131250 0.017822 0.035648
0 0.463501 0.058565 0.013428 0.033796
0 0.586426 0.020602 0.019531 0.040278
0 0.747192 0.093519 0.014404 0.036111
0 0.724121 0.316898 0.021484 0.039352
0 0.739990 0.178472 0.012695 0.031019
0 0.872070 0.049306 0.024902 0.040278
0 0.852417 0.125463 0.022217 0.044444
0 0.880859 0.198611 0.018555 0.035185
0 0.850098 0.294907 0.020020 0.038889
0 0.822266 0.398380 0.017578 0.038426
0 0.718384 0.434722 0.008545 0.025926
0 0.823730 0.519213 0.019043 0.037500
0 0.701538 0.552315 0.008545 0.017593
0 0.690918 0.666898 0.021484 0.041204
0 0.823364 0.660880 0.021729 0.038426
0 0.799194 0.774074 0.028564 0.041667
0 0.690186 0.831019 0.023438 0.039815
0 0.788330 0.905787 0.025391 0.040278
0 0.663940 0.930787 0.022217 0.038426
0 0.953247 0.946759 0.027100 0.043519
0 0.971191 0.787037 0.034180 0.040741
0 0.973755 0.665046 0.025635 0.042130
0 0.986572 0.544676 0.018555 0.032870
0 0.989624 0.413194 0.020752 0.040278
0 0.993896 0.274537 0.012207 0.043519