0 0.284668 0.094444 0.008301 0.020370
0 0.337524 0.213657 0.008057 0.019907
0 0.332397 0.292593 0.009033 0.021296
0 0.326172 0.426389 0.008301 0.028704
0 0.252197 0.441898 0.010254 0.018981
0 0.210449 0.405787 0.009277 0.015278
0 0.211426 0.367361 0.010254 0.016204
0 0.220703 0.272454 0.009766 0.013426
0 0.147583 0.322222 0.008545 0.019444
0 0.128784 0.427083 0.011475 0.018056
0 0.122437 0.467824 0.009521 0.016204
0 0.111694 0.510417 0.010498 0.020833
0 0.108398 0.585417 0.014648 0.017130
0 0.252563 0.542824 0.009033 0.019907
0 0.203369 0.459028 0.009766 0.022685
0 0.033691 0.296991 0.008789 0.017130
0 0.340210 0.100463 0.008545 0.015741
0 0.338989 0.127546 0.007568 0.020833
0 0.275513 0.218056 0.008057 0.018519
0 0.264771 0.332176 0.010498 0.021759
0 0.233032 0.117593 0.008545 0.018519
0 0.231201 0.150694 0.009766 0.021759
0 0.318481 0.604398 0.013428 0.023611
0 0.328491 0.496991 0.009521 0.022685
0 0.383179 0.581944 0.008545 0.024074
0 0.374756 0.523148 0.006836 0.023148
0 0.383179 0.463889 0.007568 0.017593
0 0.385864 0.241204 0.007080 0.019444
0 0.387085 0.162037 0.007080 0.013889
0 0.376953 0.644907 0.007812 0.018519
0 0.454590 0.602546 0.008789 0.018056
0 0.451782 0.547917 0.007568 0.020833
0 0.452026 0.444907 0.006592 0.020370
0 0.451660 0.395139 0.006836 0.018056
0 0.448242 0.354167 0.007324 0.016667
0 0.447144 0.308102 0.007568 0.019907
0 0.452515 0.225000 0.006592 0.016667
0 0.453369 0.184259 0.007812 0.020370
0 0.451050 0.143056 0.006104 0.017593
0 0.445312 0.107176 0.007324 0.015278
0 0.447021 0.061574 0.007324 0.020370
0 0.492798 0.122917 0.007568 0.021759
0 0.493774 0.213426 0.007568 0.015741
0 0.496460 0.281481 0.007080 0.022222
0 0.502441 0.420370 0.008789 0.021296
0 0.507080 0.581250 0.008789 0.020833
0 0.456421 0.659491 0.008545 0.018056
0 0.510498 0.690278 0.005859 0.021296
0 0.509155 0.746296 0.009521 0.019444
0 0.459595 0.786806 0.010010 0.017130
0 0.368164 0.759954 0.009766 0.016204
0 0.369263 0.874537 0.010010 0.020370
0 0.311035 0.716667 0.010742 0.021296
0 0.235229 0.764583 0.009521 0.021759
0 0.236450 0.693519 0.009521 0.017593
0 0.181030 0.675231 0.011475 0.018056
0 0.099243 0.696296 0.011475 0.019444
0 0.079590 0.756481 0.016113 0.021296
0 0.077393 0.825463 0.013184 0.019444
0 0.219482 0.831481 0.012695 0.018519
0 0.232666 0.897917 0.008301 0.018056
0 0.297974 0.925231 0.012939 0.019907
0 0.298950 0.992361 0.011475 0.015278
0 0.461792 0.850000 0.007568 0.021296
0 0.060913 0.961806 0.014404 0.018981
0 0.578979 0.460880 0.007568 0.018056
0 0.577637 0.515046 0.007812 0.017130
0 0.590698 0.613426 0.007568 0.020370
0 0.595581 0.733102 0.009521 0.019907
0 0.604492 0.859259 0.007324 0.017593
0 0.605469 0.933796 0.010742 0.017593
0 0.640869 0.635880 0.009766 0.018056
0 0.631226 0.431713 0.010010 0.020833
0 0.615845 0.341898 0.006592 0.017130
0 0.602783 0.242593 0.008301 0.019444
0 0.304565 0.848843 0.011963 0.018981
0 0.310425 0.785417 0.011475 0.019907
0 0.512329 0.878472 0.007568 0.017130
0 0.556641 0.123843 0.006836 0.016204
0 0.563599 0.194213 0.005127 0.016204
0 0.722778 0.673843 0.008545 0.022685
0 0.659912 0.824074 0.009277 0.017593
0 0.664673 0.888426 0.009521 0.016667
0 0.669189 0.962963 0.009766 0.019444
0 0.751587 0.993981 0.013916 0.012037
0 0.743774 0.864583 0.010010 0.019907
0 0.733643 0.788657 0.009277 0.021759
0 0.733276 0.731481 0.011963 0.021296
0 0.709839 0.562963 0.008545 0.020370
0 0.760742 0.533796 0.009277 0.022222
0 0.751221 0.480787 0.008301 0.018056
0 0.740112 0.395602 0.012939 0.022685
0 0.700317 0.402083 0.010010 0.023611
0 0.688843 0.375694 0.008545 0.016204
0 0.621948 0.482870 0.009521 0.024074
0 0.635742 0.535648 0.005859 0.018519
0 0.815063 0.946065 0.012939 0.019907
0 0.806396 0.881481 0.011719 0.021296
0 0.789795 0.759954 0.012695 0.019907
0 0.775391 0.685185 0.009766 0.023148
0 0.760254 0.572917 0.008301 0.017130
0 0.824097 0.468056 0.009033 0.017593
0 0.819214 0.424074 0.009521 0.015741
0 0.809692 0.369444 0.008057 0.017593
0 0.865723 0.425463 0.005371 0.024074
0 0.831055 0.518519 0.009766 0.020370
0 0.839233 0.566204 0.008545 0.020370
0 0.849976 0.628472 0.009033 0.018981
0 0.856812 0.678241 0.010010 0.021296
0 0.860840 0.750000 0.008789 0.015741
0 0.880615 0.868750 0.011230 0.018981
0 0.903809 0.937269 0.013672 0.019907
0 0.964233 0.965046 0.015381 0.023611
0 0.960327 0.899769 0.010986 0.018981
0 0.925659 0.763194 0.012451 0.022685
0 0.921387 0.703472 0.010742 0.019907
0 0.989990 0.724074 0.013184 0.016667
0 0.982910 0.660880 0.009766 0.020833
0 0.963257 0.589583 0.011963 0.019907
0 0.949219 0.498843 0.012207 0.018981
0 0.938721 0.446528 0.011230 0.018056
0 0.965210 0.364815 0.008057 0.019444
0 0.831421 0.255093 0.009033 0.021296
0 0.795654 0.280556 0.008789 0.018519
0 0.726685 0.299769 0.008545 0.018981
0 0.729858 0.347917 0.008545 0.015278
0 0.679321 0.289815 0.008545 0.020370
0 0.655640 0.058333 0.007568 0.019444
0 0.700928 0.103241 0.007324 0.023148
0 0.761841 0.024074 0.007568 0.013889
0 0.879395 0.183565 0.007812 0.017130
0 0.912476 0.341667 0.008545 0.015741
0 0.933350 0.235880 0.007812 0.019907
0 0.905029 0.084259 0.008301 0.024074
0 0.662964 0.089815 0.006592 0.020370
0 0.601929 0.143750 0.006104 0.015278
0 0.785889 0.200463 0.010254 0.020370
0 0.811157 0.144444 0.009033 0.018519
0 0.825195 0.171759 0.007324 0.020370
0 0.961670 0.324769 0.011230 0.018056
0 0.576050 0.411111 0.008057 0.017593
0 0.572876 0.361111 0.008057 0.018519
0 0.568726 0.317593 0.007080 0.018519
0 0.070435 0.100694 0.008057 0.015278
0 0.081299 0.008796 0.006836 0.013889
0 0.073242 0.441204 0.011230 0.017593
0 0.151611 0.243750 0.009277 0.018981
0 0.158203 0.192130 0.008789 0.017593
0 0.162720 0.154398 0.006104 0.016204
0 0.101440 0.636806 0.009521 0.017130
0 0.055420 0.553472 0.008301 0.015278
0 0.152588 0.932407 0.011230 0.018519
0 0.181396 0.747917 0.010254 0.015278
0 0.280273 0.129630 0.007324 0.016667
0 0.275635 0.173611 0.004883 0.015741
0 0.320190 0.550926 0.008057 0.020370
0 0.326904 0.353704 0.004883 0.013889
0 0.347412 0.015741 0.008789 0.023148
0 0.389771 0.012037 0.007080 0.022222
0 0.371094 0.812269 0.008301 0.019907
0 0.506836 0.627778 0.007324 0.016667
0 0.502441 0.518750 0.008301 0.019907
0 0.501831 0.474537 0.008057 0.018519
0 0.642944 0.690509 0.008545 0.019907
0 0.649902 0.765741 0.009766 0.020370
0 0.753662 0.931944 0.007812 0.016667
0 0.687622 0.315741 0.007080 0.018519
0 0.667114 0.168056 0.006592 0.017593
0 0.704956 0.145139 0.009521 0.017130
0 0.606689 0.211111 0.005859 0.017593
0 0.657837 0.020833 0.008057 0.019444
0 0.687012 0.035185 0.006348 0.018519
0 0.875244 0.489352 0.010254 0.017593
0 0.851318 0.347917 0.008789 0.017130
0 0.829468 0.218981 0.005615 0.019444
0 0.794678 0.037731 0.007324 0.017130
0 0.990845 0.153241 0.010010 0.020370
0 0.972778 0.075000 0.009521 0.022222
0 0.909302 0.296065 0.010010 0.013426
0 0.994019 0.455556 0.011963 0.016667
0 0.248779 0.588194 0.010742 0.019907
0 0.286255 0.030787 0.007568 0.017130
0 0.458130 0.973611 0.010010 0.019444
0 0.369995 0.690046 0.009033 0.020833
0 0.614990 0.296991 0.005371 0.015278
0 0.449707 0.007639 0.008301 0.014352
0 0.925659 0.407870 0.005615 0.014815
0 0.995361 0.187963 0.009277 0.019444
0 0.011841 0.387269 0.006592 0.014352
0 0.241455 0.643750 0.010254 0.018056
0 0.185669 0.614352 0.011963 0.023148
0 0.777100 0.633102 0.012207 0.018981
0 0.335083 0.388657 0.007080 0.016204
0 0.383423 0.326852 0.007568 0.018519
0 0.494263 0.062269 0.006592 0.018981
0 0.701294 0.463657 0.009521 0.021759
0 0.497803 0.380787 0.008301 0.017130
0 0.004150 0.928009 0.007812 0.020833
0 0.081665 0.350463 0.011475 0.012963
0 0.096680 0.306250 0.007812 0.015278
0 0.881592 0.155093 0.008789 0.019444
0 0.158569 0.866435 0.011963 0.018981
0 0.672363 0.242593 0.009766 0.016667
0 0.906494 0.640278 0.010742 0.020370
0 0.450562 0.722917 0.008057 0.016204
0 0.586914 0.571065 0.005371 0.018056
0 0.596313 0.069676 0.007080 0.016204
0 0.219727 0.313889 0.008301 0.016667
0 0.697754 0.060880 0.004883 0.021759
0 0.038086 0.671759 0.013184 0.021296
0 0.121826 0.099074 0.008301 0.018519
0 0.511475 0.810880 0.004883 0.017130
0 0.232788 0.191898 0.006104 0.016204