0 0.026733 0.092593 0.019287 0.037963
0 0.018311 0.233102 0.024414 0.043981
0 0.210205 0.013194 0.016113 0.025463
0 0.202026 0.126852 0.005615 0.024074
0 0.337402 0.093519 0.015137 0.037037
0 0.318848 0.210648 0.014648 0.038889
0 0.195435 0.241667 0.022705 0.034259
0 0.298584 0.303241 0.022461 0.046296
0 0.177246 0.365509 0.020996 0.035648
0 0.274292 0.439120 0.018311 0.034722
0 0.156616 0.477315 0.020264 0.035185
0 0.272095 0.566898 0.017334 0.035648
0 0.140869 0.633565 0.023438 0.035648
0 0.248169 0.698843 0.014893 0.028241
0 0.125732 0.754167 0.028320 0.040741
0 0.102905 0.863657 0.013428 0.028241
0 0.241699 0.858333 0.020508 0.038889
0 0.088745 0.982639 0.029053 0.034722
0 0.387573 0.925926 0.018311 0.033333
0 0.495972 0.891204 0.016846 0.028704
0 0.393921 0.802315 0.013916 0.029630
0 0.517822 0.779398 0.020996 0.039352
0 0.405884 0.665509 0.020752 0.038426
0 0.541260 0.633796 0.018066 0.032407
0 0.546509 0.525231 0.018799 0.037500
0 0.425537 0.550926 0.018066 0.037037
0 0.432129 0.411806 0.014160 0.031019
0 0.563965 0.404861 0.018066 0.035648
0 0.442993 0.283796 0.017334 0.037963
0 0.558838 0.269907 0.018066 0.040741
0 0.471191 0.170139 0.019531 0.043056
0 0.581299 0.143750 0.016602 0.034722
0 0.465332 0.066667 0.014648 0.037037
0 0.586304 0.028704 0.020752 0.039815
0 0.748047 0.106019 0.018066 0.034259
0 0.738403 0.185648 0.012451 0.032407
0 0.873901 0.059491 0.024170 0.045833
0 0.855103 0.133102 0.018799 0.038426
0 0.885376 0.204861 0.017822 0.028241
0 0.851196 0.304398 0.017822 0.036574
0 0.726685 0.329861 0.024170 0.041204
0 0.823608 0.406481 0.018311 0.028704
0 0.720581 0.443056 0.009521 0.026852
0 0.821045 0.528241 0.013184 0.031481
0 0.701538 0.563426 0.009033 0.017593
0 0.691406 0.676852 0.022461 0.040741
0 0.822632 0.671065 0.020264 0.038426
0 0.799683 0.783796 0.028076 0.038889
0 0.690063 0.841898 0.022705 0.039352
0 0.788330 0.916667 0.024414 0.043519
0 0.663940 0.943056 0.021240 0.044444
0 0.954224 0.949537 0.026123 0.038889
0 0.974854 0.794444 0.029785 0.039815
0 0.974976 0.673611 0.024658 0.034259
0 0.987793 0.553472 0.019043 0.027315
0 0.989258 0.425463 0.021484 0.037037
0 0.994507 0.285185 0.010986 0.036111