0 0.024414 0.075463 0.019043 0.044444
0 0.015381 0.218750 0.021484 0.043056
0 0.199219 0.106481 0.007812 0.022222
0 0.192871 0.222917 0.020996 0.035648
0 0.336914 0.072454 0.013672 0.033796
0 0.207764 0.006250 0.011719 0.011574
0 0.316772 0.192130 0.017822 0.036111
0 0.294678 0.283565 0.021484 0.047685
0 0.175659 0.346065 0.022705 0.038426
0 0.271729 0.419444 0.020996 0.040741
0 0.154297 0.457407 0.019531 0.037037
0 0.269897 0.549306 0.020264 0.035648
0 0.403442 0.644676 0.018311 0.043056
0 0.138672 0.614583 0.023438 0.037500
0 0.245605 0.677778 0.014648 0.035185
0 0.125488 0.735648 0.023438 0.039815
0 0.100464 0.843519 0.015869 0.036111
0 0.239990 0.840278 0.020508 0.042593
0 0.391724 0.784722 0.015869 0.031481
0 0.385376 0.907176 0.013916 0.034722
0 0.085815 0.966204 0.019775 0.039815
0 0.481812 0.994213 0.011963 0.011574
0 0.496582 0.875926 0.018555 0.028704
0 0.517456 0.758102 0.018311 0.044907
0 0.423828 0.531713 0.021484 0.039352
0 0.541138 0.616435 0.016357 0.029167
0 0.546509 0.503241 0.016357 0.033333
0 0.430786 0.391204 0.013428 0.037037
0 0.564331 0.383796 0.020752 0.040741
0 0.442749 0.264352 0.019775 0.037963
0 0.559448 0.247685 0.016846 0.038889
0 0.470337 0.149306 0.024170 0.045833
0 0.579102 0.123611 0.019043 0.037963
0 0.462524 0.050926 0.014893 0.035185
0 0.585083 0.016435 0.018799 0.031944
0 0.744629 0.082639 0.019043 0.036574
0 0.852051 0.111574 0.023926 0.041667
0 0.870361 0.041898 0.023926 0.043056
0 0.738159 0.168750 0.013428 0.030093
0 0.724609 0.307870 0.025879 0.046296
0 0.848511 0.282176 0.017822 0.042130
0 0.882202 0.187731 0.017822 0.034722
0 0.821777 0.387731 0.019043 0.042130
0 0.718018 0.421065 0.012207 0.033796
0 0.822632 0.509491 0.020752 0.040278
0 0.700806 0.541667 0.009521 0.017593
0 0.690552 0.655093 0.022705 0.039815
0 0.822876 0.650000 0.021240 0.042593
0 0.799072 0.762963 0.025879 0.037963
0 0.689453 0.821528 0.022461 0.042130
0 0.788330 0.895833 0.027344 0.039815
0 0.662842 0.921991 0.021484 0.043981
0 0.951172 0.929630 0.025879 0.037037
0 0.970825 0.776620 0.031982 0.037500
0 0.972778 0.653935 0.025146 0.043056
0 0.987549 0.531713 0.016602 0.037500
0 0.988770 0.404630 0.022461 0.040741
0 0.993652 0.263426 0.012695 0.044444