0 0.291016 0.152778 0.009766 0.020370
0 0.344849 0.278472 0.008057 0.019907
0 0.341187 0.362731 0.011475 0.027315
0 0.333130 0.506019 0.008545 0.025000
0 0.255737 0.517593 0.012451 0.023148
0 0.213623 0.484491 0.010254 0.018056
0 0.214722 0.441667 0.010986 0.021296
0 0.223999 0.339583 0.010986 0.019907
0 0.150269 0.393750 0.010498 0.022685
0 0.128784 0.506250 0.011475 0.018056
0 0.122681 0.547454 0.010986 0.020833
0 0.111450 0.595602 0.013428 0.025463
0 0.107544 0.674306 0.015869 0.020833
0 0.256836 0.625926 0.009277 0.020370
0 0.206665 0.539120 0.011963 0.022685
0 0.030762 0.366667 0.011719 0.018519
0 0.347534 0.158565 0.010986 0.021759
0 0.346313 0.190509 0.012451 0.023611
0 0.279419 0.281481 0.008057 0.018519
0 0.267700 0.402546 0.010498 0.021759
0 0.237427 0.172454 0.009521 0.018981
0 0.236328 0.211343 0.009766 0.021759
0 0.324585 0.695139 0.013428 0.023611
0 0.335815 0.581250 0.009521 0.022685
0 0.391968 0.669213 0.010010 0.018981
0 0.383545 0.608796 0.006836 0.023148
0 0.391479 0.543056 0.007568 0.017593
0 0.393921 0.305093 0.008057 0.021296
0 0.397461 0.223380 0.007812 0.017130
0 0.386475 0.739352 0.007812 0.018519
0 0.466064 0.692130 0.010742 0.020370
0 0.461914 0.633333 0.008301 0.019444
0 0.462769 0.524074 0.006592 0.020370
0 0.463135 0.472685 0.010254 0.019444
0 0.459106 0.425694 0.007568 0.017130
0 0.457642 0.376620 0.007568 0.019907
0 0.463135 0.290509 0.008301 0.019907
0 0.464111 0.247222 0.011230 0.021296
0 0.461182 0.202778 0.008789 0.016667
0 0.454834 0.162731 0.007324 0.015278
0 0.457275 0.116667 0.007324 0.020370
0 0.504150 0.181019 0.008789 0.021296
0 0.504517 0.276852 0.007568 0.015741
0 0.507690 0.349769 0.010010 0.018981
0 0.515015 0.496991 0.008545 0.021759
0 0.520020 0.664583 0.008789 0.020833
0 0.468628 0.752546 0.008545 0.018056
0 0.524658 0.788426 0.010254 0.019444
0 0.522827 0.846296 0.009521 0.019444
0 0.472046 0.887037 0.010498 0.020370
0 0.376587 0.862500 0.010498 0.018519
0 0.378296 0.985185 0.010010 0.020370
0 0.317383 0.816898 0.011719 0.024537
0 0.239014 0.867130 0.012207 0.023148
0 0.239990 0.789352 0.009766 0.019444
0 0.184692 0.772222 0.013916 0.021296
0 0.097290 0.786111 0.011475 0.019444
0 0.078491 0.859491 0.017822 0.033796
0 0.076416 0.931713 0.017090 0.023611
0 0.222046 0.940509 0.014893 0.028241
0 0.474121 0.956944 0.008301 0.018519
0 0.592407 0.533102 0.007568 0.018056
0 0.592529 0.594213 0.007812 0.017130
0 0.606812 0.701852 0.007568 0.020370
0 0.611816 0.832407 0.009766 0.019444
0 0.622925 0.968981 0.009521 0.018519
0 0.659180 0.728472 0.009766 0.018056
0 0.648560 0.507407 0.011475 0.023148
0 0.631714 0.414120 0.006592 0.017130
0 0.616455 0.303241 0.009277 0.022222
0 0.310059 0.957407 0.010254 0.018519
0 0.315552 0.882176 0.011475 0.019907
0 0.569580 0.181713 0.006836 0.016204
0 0.577026 0.262731 0.007568 0.022685
0 0.743164 0.769444 0.010254 0.022222
0 0.680542 0.931250 0.011475 0.021759
0 0.685669 0.991667 0.009521 0.016667
0 0.766602 0.973148 0.011719 0.023148
0 0.757812 0.894907 0.010254 0.023148
0 0.755981 0.830556 0.011963 0.021296
0 0.729126 0.647222 0.008545 0.020370
0 0.782227 0.617130 0.009277 0.022222
0 0.771973 0.561343 0.008301 0.018056
0 0.757812 0.470370 0.011719 0.022222
0 0.719360 0.476620 0.010010 0.023611
0 0.706177 0.446528 0.008545 0.016204
0 0.637329 0.560880 0.009033 0.020833
0 0.652100 0.612500 0.005859 0.018519
0 0.831787 0.988889 0.011719 0.021296
0 0.814453 0.860880 0.012695 0.019907
0 0.798340 0.778704 0.009766 0.023148
0 0.782959 0.662731 0.008301 0.017130
0 0.847046 0.550463 0.009033 0.017593
0 0.841431 0.501620 0.010498 0.017130
0 0.832153 0.444444 0.008057 0.017593
0 0.889893 0.505324 0.006836 0.023611
0 0.856201 0.602315 0.011230 0.023148
0 0.863647 0.653935 0.010986 0.020833
0 0.874390 0.719676 0.009033 0.018981
0 0.882446 0.773148 0.011963 0.022222
0 0.886841 0.850926 0.010986 0.021296
0 0.908813 0.975694 0.012451 0.023611
0 0.956299 0.863657 0.018066 0.027315
0 0.949707 0.798843 0.013672 0.023611
0 0.991333 0.679398 0.011963 0.019907
0 0.975830 0.577546 0.014160 0.018981
0 0.964355 0.522454 0.012695 0.018056
0 0.991577 0.441435 0.011963 0.022685
0 0.852905 0.319907 0.009033 0.021296
0 0.815430 0.350000 0.008789 0.018519
0 0.745239 0.367824 0.008545 0.018981
0 0.749878 0.419676 0.008545 0.015278
0 0.695679 0.353704 0.008545 0.020370
0 0.670776 0.113889 0.007568 0.019444
0 0.718506 0.159259 0.007324 0.023148
0 0.777710 0.076620 0.007568 0.014352
0 0.901855 0.244444 0.007812 0.017593
0 0.936157 0.412963 0.008545 0.015741
0 0.958496 0.298843 0.007812 0.019907
0 0.927002 0.142593 0.008301 0.024074
0 0.679321 0.143981 0.006592 0.020370
0 0.615601 0.200231 0.007080 0.017130
0 0.806396 0.264815 0.010254 0.020370
0 0.831665 0.201389 0.009033 0.018519
0 0.844971 0.232639 0.008301 0.018981
0 0.990234 0.395139 0.011230 0.018056
0 0.590454 0.479861 0.011475 0.021759
0 0.586548 0.430093 0.008057 0.018519
0 0.583618 0.385185 0.008545 0.023148
0 0.070190 0.159954 0.009521 0.016204
0 0.082397 0.061343 0.008057 0.015278
0 0.072754 0.519444 0.011230 0.021296
0 0.152832 0.307176 0.010254 0.020833
0 0.159302 0.255787 0.010986 0.018981
0 0.102417 0.732176 0.009521 0.017130
0 0.053955 0.639352 0.010742 0.019444
0 0.183960 0.851157 0.011963 0.022685
0 0.285645 0.189815 0.007324 0.016667
0 0.280762 0.234259 0.004883 0.015741
0 0.327271 0.636574 0.008057 0.020370
0 0.335693 0.424074 0.011230 0.021296
0 0.355713 0.068981 0.008789 0.023148
0 0.398193 0.065741 0.008789 0.027778
0 0.520020 0.721759 0.007324 0.016667
0 0.517090 0.604861 0.006836 0.019907
0 0.514038 0.552778 0.008057 0.018519
0 0.660767 0.787269 0.008545 0.019907
0 0.669189 0.872222 0.009766 0.020370
0 0.703735 0.385417 0.010498 0.019907
0 0.682739 0.225926 0.006592 0.017593
0 0.720825 0.205324 0.009521 0.017130
0 0.622192 0.268287 0.010498 0.019907
0 0.672852 0.072454 0.008789 0.024537
0 0.702148 0.086111 0.006348 0.018519
0 0.900757 0.570370 0.012939 0.018519
0 0.873169 0.416898 0.010010 0.017130
0 0.853271 0.275694 0.006836 0.021759
0 0.814697 0.089120 0.007324 0.017130
0 0.995239 0.131944 0.009521 0.022222
0 0.933716 0.367361 0.010010 0.013426
0 0.253540 0.672454 0.010010 0.018981
0 0.290894 0.080787 0.007568 0.017130
0 0.380493 0.789120 0.009033 0.020833
0 0.631226 0.362500 0.008057 0.021296
0 0.459717 0.062269 0.008301 0.014352
0 0.951782 0.480787 0.009033 0.017130
0 0.009888 0.465972 0.006592 0.014352
0 0.246704 0.736806 0.009521 0.016204
0 0.189209 0.706713 0.011230 0.019907
0 0.801270 0.726157 0.012207 0.018981
0 0.343994 0.466898 0.008789 0.018056
0 0.391602 0.400694 0.008789 0.024537
0 0.504028 0.117361 0.006592 0.018981
0 0.720581 0.542824 0.009521 0.021759
0 0.509766 0.452546 0.008301 0.017130
0 0.080444 0.421991 0.010010 0.018981
0 0.094727 0.377083 0.007812 0.015278
0 0.906494 0.212037 0.008789 0.019444
0 0.159546 0.983565 0.016846 0.019907
0 0.686523 0.301389 0.009766 0.016667
0 0.934082 0.734259 0.010742 0.020370
0 0.461548 0.821991 0.008057 0.016204
0 0.602173 0.654861 0.007568 0.019907
0 0.609985 0.122454 0.007080 0.016204
0 0.034668 0.771296 0.012207 0.023148
0 0.122559 0.156944 0.010742 0.019444
0 0.525391 0.911574 0.006348 0.021296
0 0.236694 0.254861 0.008057 0.015278
0 0.004639 0.521528 0.008789 0.014352
0 0.706055 0.053241 0.007324 0.019444
0 0.972046 0.060185 0.008057 0.020370
0 0.576782 0.146528 0.007568 0.018056
0 0.573486 0.291204 0.006836 0.012963
0 0.871216 0.057870 0.007568 0.020370
0 0.563599 0.069676 0.009521 0.018056
0 0.876709 0.097222 0.007812 0.016667
0 0.886719 0.167824 0.008301 0.014352
0 0.222046 0.289583 0.008545 0.016204
0 0.276733 0.318750 0.008057 0.015278
0 0.018799 0.890972 0.015137 0.016204
0 0.620117 0.155324 0.005859 0.012500
0 0.912842 0.626620 0.011230 0.023611
0 0.526978 0.987269 0.011475 0.021759
0 0.607178 0.081481 0.008301 0.015741
0 0.059448 0.200926 0.011475 0.017593
0 0.032715 0.320370 0.007324 0.013889
0 0.110718 0.274537 0.012939 0.023148
0 0.343994 0.233565 0.009277 0.018981
0 0.907227 0.043519 0.007324 0.013889
0 0.089844 0.018519 0.010742 0.020370
0 0.320557 0.762037 0.009277 0.017593
0 0.163940 0.214120 0.008057 0.015278
0 0.499878 0.018287 0.008545 0.016204
0 0.764038 0.015509 0.010010 0.018981
0 0.714722 0.115972 0.010010 0.018981