0 0.332520 0.422917 0.013672 0.029167
0 0.325928 0.515046 0.015625 0.034722
0 0.316772 0.676620 0.014404 0.035648
0 0.191772 0.652778 0.021729 0.028704
0 0.195557 0.605787 0.023438 0.029167
0 0.205566 0.488889 0.017578 0.031481
0 0.123169 0.550231 0.017334 0.031019
0 0.099487 0.678935 0.017822 0.024537
0 0.092651 0.730093 0.019287 0.028704
0 0.080566 0.784954 0.016602 0.030093
0 0.075317 0.873843 0.020752 0.028241
0 0.236572 0.818981 0.015625 0.025000
0 0.180176 0.715278 0.019043 0.032407
0 0.005127 0.518750 0.009766 0.026389
0 0.336060 0.287037 0.014404 0.025926
0 0.264648 0.424306 0.016602 0.028241
0 0.250000 0.568287 0.017578 0.031944
0 0.216919 0.343981 0.018311 0.026852
0 0.306641 0.901389 0.016113 0.033333
0 0.319702 0.768750 0.015381 0.029167
0 0.378052 0.868981 0.014404 0.033333
0 0.371582 0.801157 0.013184 0.036574
0 0.378296 0.724769 0.016357 0.028241
0 0.383789 0.452083 0.013184 0.027315
0 0.386841 0.359491 0.012939 0.024537
0 0.373169 0.948843 0.013916 0.031019
0 0.459229 0.894444 0.014160 0.027778
0 0.453857 0.826389 0.014160 0.029630
0 0.456787 0.704398 0.014160 0.036574
0 0.455566 0.639120 0.011719 0.035648
0 0.452148 0.587963 0.014160 0.028704
0 0.451660 0.530556 0.013184 0.034259
0 0.457642 0.435648 0.013916 0.032407
0 0.456909 0.390509 0.013916 0.028241
0 0.455444 0.331713 0.011963 0.026389
0 0.450562 0.290509 0.013428 0.031019
0 0.451782 0.241435 0.013428 0.033796
0 0.500610 0.309954 0.012939 0.038426
0 0.502075 0.414815 0.013428 0.028704
0 0.503784 0.502315 0.011475 0.034259
0 0.511475 0.668981 0.015137 0.035185
0 0.517212 0.862963 0.016357 0.026852
0 0.461304 0.965741 0.013916 0.029630
0 0.162598 0.913426 0.020020 0.027778
0 0.596436 0.716667 0.013672 0.031481
0 0.594238 0.785880 0.013184 0.025463
0 0.609619 0.905093 0.014160 0.030556
0 0.665161 0.934259 0.015381 0.032407
0 0.654785 0.678935 0.013672 0.030093
0 0.636230 0.569907 0.013184 0.029630
0 0.619507 0.454398 0.012939 0.031019
0 0.570801 0.308102 0.011230 0.024537
0 0.578491 0.395370 0.012451 0.028704
0 0.756714 0.981944 0.015381 0.029630
0 0.740112 0.843519 0.015869 0.027778
0 0.795410 0.808102 0.015625 0.030093
0 0.786377 0.738194 0.014160 0.028241
0 0.770142 0.636806 0.015381 0.035648
0 0.732788 0.643287 0.016357 0.031944
0 0.715698 0.610880 0.011475 0.023611
0 0.643311 0.745602 0.012695 0.027315
0 0.657471 0.805324 0.012695 0.028241
0 0.815186 0.981019 0.016602 0.037963
0 0.865845 0.730787 0.020264 0.037500
0 0.860474 0.668519 0.021240 0.036111
0 0.847534 0.599306 0.018799 0.032870
0 0.912598 0.672917 0.020508 0.031944
0 0.875122 0.786806 0.017334 0.031944
0 0.884033 0.842824 0.018555 0.033796
0 0.895996 0.912731 0.016602 0.031944
0 0.991089 0.693519 0.017822 0.028704
0 0.869873 0.460417 0.021484 0.037500
0 0.832764 0.494213 0.019531 0.032870
0 0.758789 0.523843 0.014648 0.029167
0 0.761108 0.579167 0.014404 0.028704
0 0.677002 0.231250 0.011230 0.027315
0 0.726562 0.283565 0.013184 0.030093
0 0.790771 0.187963 0.013184 0.027778
0 0.959961 0.576620 0.016602 0.024537
0 0.684937 0.269213 0.011963 0.030093
0 0.620605 0.328935 0.011230 0.026389
0 0.818726 0.404861 0.016846 0.039352
0 0.593262 0.654167 0.012207 0.025926
0 0.588501 0.593519 0.012451 0.029630
0 0.584106 0.538194 0.013428 0.031944
0 0.044067 0.287037 0.014404 0.025926
0 0.056152 0.180556 0.011719 0.019444
0 0.128174 0.453704 0.016113 0.025926
0 0.135742 0.394907 0.017090 0.033333
0 0.066895 0.940509 0.019531 0.027315
0 0.268921 0.322685 0.016846 0.033333
0 0.265869 0.372685 0.015137 0.029630
0 0.311157 0.825231 0.015869 0.029167
0 0.321655 0.595139 0.014893 0.027315
0 0.390259 0.185185 0.013916 0.028704
0 0.517090 0.926620 0.014648 0.034722
0 0.689575 0.358333 0.011475 0.021296
0 0.731079 0.340972 0.012939 0.028241
0 0.624878 0.416435 0.009033 0.026389
0 0.678711 0.189120 0.012695 0.027315
0 0.710571 0.202778 0.010986 0.026852
0 0.921875 0.750463 0.017090 0.030556
0 0.891602 0.577083 0.020020 0.033796
0 0.869751 0.422454 0.017334 0.029167
0 0.827637 0.206019 0.014648 0.027778
0 0.454834 0.177083 0.012695 0.026389
0 0.978149 0.648380 0.017334 0.025463
0 0.222168 0.941667 0.016113 0.027778
0 0.329102 0.631944 0.013184 0.029630
0 0.379761 0.561343 0.013916 0.028241
0 0.501831 0.234954 0.012939 0.031019
0 0.506714 0.614583 0.012451 0.030093
0 0.049194 0.583333 0.016357 0.031481
0 0.066284 0.534028 0.015381 0.020833
0 0.605469 0.853935 0.013672 0.027315
0 0.613525 0.238657 0.011719 0.030093
0 0.714233 0.163657 0.010498 0.029167
0 0.564331 0.189583 0.011475 0.029167
0 0.623535 0.281481 0.011719 0.025000
0 0.774292 0.115972 0.015381 0.031944
0 0.174927 0.111111 0.014893 0.029630
0 0.805054 0.097454 0.018311 0.038426
0 0.096680 0.285417 0.013672 0.021759
0 0.595093 0.088657 0.011963 0.027315
0 0.704956 0.510417 0.013916 0.027315
0 0.567871 0.077778 0.011230 0.027778
0 0.287476 0.073148 0.018311 0.028704
0 0.349976 0.088426 0.015869 0.031481
0 0.497803 0.126852 0.013672 0.036111
0 0.063721 0.127546 0.012207 0.034722
0 0.392090 0.072222 0.012207 0.029630
0 0.845215 0.330093 0.018066 0.035185
0 0.601807 0.052315 0.010742 0.024074
0 0.017822 0.833565 0.014648 0.026389
0 0.274048 0.281481 0.013916 0.028704
0 0.334351 0.375926 0.013916 0.031481
0 0.028687 0.336806 0.013916 0.028241
0 0.217773 0.401389 0.017090 0.027778
0 0.219238 0.306944 0.015625 0.025926
0 0.236694 0.694907 0.017822 0.028704
0 0.278198 0.202778 0.014893 0.027778
0 0.343872 0.190741 0.012939 0.031481
0 0.907104 0.984491 0.015869 0.028241
0 0.921021 0.381019 0.012939 0.033333
0 0.796997 0.862500 0.016846 0.028704
0 0.236572 0.084491 0.018555 0.043981
0 0.456421 0.036111 0.012939 0.025000
0 0.861084 0.368750 0.013672 0.026389
0 0.981201 0.437731 0.015137 0.030093
0 0.510620 0.794676 0.013916 0.031019
0 0.510376 0.728241 0.014404 0.033333
0 0.037231 0.699537 0.016357 0.025926
0 0.899414 0.079861 0.012207 0.026389
0 0.946777 0.260417 0.017578 0.026389
0 0.291260 0.023148 0.015625 0.025926
0 0.610718 0.200231 0.011963 0.030093
0 0.247192 0.026620 0.012939 0.023611
0 0.203247 0.544444 0.018311 0.027778
0 0.259644 0.466667 0.019287 0.025926
0 0.574219 0.352315 0.012695 0.023148
0 0.700684 0.065278 0.014648 0.025926
0 0.764160 0.048380 0.011719 0.028241
0 0.831909 0.246991 0.013916 0.024537
0 0.009644 0.427083 0.015381 0.024537
0 0.148560 0.025463 0.015869 0.020370
0 0.169067 0.189583 0.011475 0.022685
0 0.624634 0.384491 0.017822 0.027315
0 0.573853 0.445139 0.014404 0.022685