0 0.070679 0.050926 0.023682 0.034259
0 0.012451 0.115278 0.020996 0.036111
0 0.344971 0.040509 0.018066 0.041204
0 0.499878 0.084259 0.014404 0.028704
0 0.291626 0.100000 0.018799 0.046296
0 0.451782 0.130093 0.021729 0.046296
0 0.392578 0.207176 0.019531 0.039352
0 0.229980 0.199537 0.021484 0.037963
0 0.181763 0.277083 0.024170 0.038426
0 0.348389 0.302546 0.020020 0.042130
0 0.289307 0.372454 0.016113 0.027315
0 0.130005 0.328009 0.016846 0.030093
0 0.082275 0.400000 0.023438 0.037963
0 0.233032 0.484028 0.019775 0.030093
0 0.521729 0.369213 0.013672 0.031944
0 0.468262 0.467361 0.018555 0.036574
0 0.416504 0.532407 0.019043 0.042593
0 0.127686 0.609259 0.024414 0.040741
0 0.016602 0.494444 0.031738 0.036111
0 0.070435 0.693750 0.027100 0.035648
0 0.364380 0.626852 0.009521 0.034259
0 0.465576 0.755324 0.022461 0.046759
0 0.317993 0.706944 0.017334 0.030556
0 0.266479 0.777083 0.018799 0.035648
0 0.412842 0.816204 0.015625 0.031481
0 0.215454 0.868287 0.021240 0.043981
0 0.355103 0.911111 0.023682 0.044444
0 0.530273 0.671528 0.018066 0.028241
0 0.634766 0.887731 0.020508 0.042130
0 0.680664 0.812500 0.009766 0.015741
0 0.737671 0.743287 0.012939 0.027315
0 0.779785 0.659954 0.025879 0.040278
0 0.831055 0.845139 0.019531 0.034722
0 0.792358 0.930093 0.022217 0.025926
0 0.888672 0.796296 0.018066 0.035185
0 0.571533 0.593981 0.018555 0.031481
0 0.627563 0.523843 0.020264 0.034722
0 0.667236 0.412500 0.020020 0.034259
0 0.838989 0.564583 0.013916 0.029167
0 0.873535 0.508796 0.016602 0.035185
0 0.726807 0.340278 0.020020 0.035185
0 0.570923 0.285880 0.022705 0.039352
0 0.631226 0.231944 0.024170 0.046296
0 0.769043 0.255556 0.024414 0.037963
0 0.819458 0.190046 0.018799 0.032870
0 0.658447 0.141435 0.017090 0.032870
0 0.552856 0.015509 0.018311 0.027315
0 0.730591 0.073148 0.019287 0.037963
0 0.770142 0.006944 0.019775 0.012963
0 0.869141 0.114815 0.029297 0.039815
0 0.909790 0.073843 0.015869 0.031019
0 0.972656 0.347222 0.025391 0.045370
0 0.939819 0.430093 0.012939 0.023148
0 0.989380 0.628704 0.021240 0.044444
0 0.950806 0.668750 0.025635 0.039352
0 0.949707 0.759259 0.016602 0.032407
0 0.146729 0.977315 0.025879 0.043519