0 0.286133 0.206944 0.011230 0.025926
0 0.342285 0.338194 0.012207 0.026389
0 0.337158 0.428241 0.008789 0.023148
0 0.329102 0.575926 0.011230 0.028704
0 0.250854 0.592361 0.011475 0.022685
0 0.207031 0.556481 0.013672 0.022222
0 0.208984 0.512269 0.015137 0.027315
0 0.218018 0.405093 0.013672 0.022222
0 0.141479 0.462269 0.012451 0.025463
0 0.120483 0.581250 0.016846 0.026389
0 0.112549 0.626852 0.014160 0.024074
0 0.101929 0.674306 0.016846 0.032870
0 0.096069 0.756250 0.017822 0.025463
0 0.250854 0.708102 0.010498 0.020833
0 0.199341 0.610417 0.014404 0.030093
0 0.019409 0.431944 0.012451 0.022222
0 0.346680 0.215046 0.012207 0.024537
0 0.343628 0.246759 0.011963 0.023148
0 0.276245 0.342361 0.010010 0.022685
0 0.263550 0.471065 0.011475 0.028241
0 0.233032 0.231944 0.013916 0.021296
0 0.230957 0.270833 0.013184 0.024074
0 0.320557 0.778009 0.013184 0.027315
0 0.333374 0.658796 0.014404 0.025926
0 0.390503 0.754398 0.014404 0.027315
0 0.381714 0.686806 0.010498 0.027315
0 0.389648 0.616898 0.011230 0.025463
0 0.392334 0.368056 0.011230 0.024074
0 0.395020 0.282870 0.009766 0.021296
0 0.384155 0.825231 0.011475 0.028241
0 0.466675 0.777083 0.014893 0.027315
0 0.461792 0.714815 0.012939 0.027778
0 0.463745 0.597685 0.014404 0.028704
0 0.462524 0.543287 0.010498 0.026389
0 0.458740 0.493981 0.012695 0.028704
0 0.458130 0.440046 0.010498 0.027315
0 0.463257 0.352546 0.010986 0.030093
0 0.462646 0.308102 0.012207 0.030093
0 0.461304 0.256944 0.010498 0.025000
0 0.455811 0.218981 0.010742 0.025926
0 0.457397 0.171065 0.010498 0.031944
0 0.505127 0.234954 0.013184 0.031019
0 0.505493 0.334954 0.011475 0.026389
0 0.509155 0.411343 0.012451 0.029167
0 0.516235 0.568519 0.012451 0.027778
0 0.521240 0.744907 0.014160 0.028704
0 0.469482 0.842824 0.013184 0.026389
0 0.525513 0.876157 0.013428 0.025463
0 0.524414 0.939583 0.013672 0.027315
0 0.472656 0.983102 0.014160 0.031019
0 0.373901 0.953704 0.012939 0.029630
0 0.313232 0.910648 0.015137 0.029630
0 0.232910 0.964352 0.016113 0.029630
0 0.234497 0.884259 0.013916 0.022222
0 0.175781 0.863426 0.018555 0.025926
0 0.086060 0.883102 0.016357 0.023611
0 0.064697 0.954398 0.017090 0.029167
0 0.596802 0.612037 0.011475 0.026852
0 0.597290 0.674074 0.011963 0.022222
0 0.610107 0.785417 0.011230 0.031019
0 0.616455 0.925000 0.015137 0.026852
0 0.664917 0.817593 0.011475 0.029630
0 0.653320 0.580556 0.013184 0.025926
0 0.636108 0.482870 0.011475 0.028704
0 0.621094 0.370833 0.011230 0.033333
0 0.311768 0.982870 0.016113 0.029630
0 0.571777 0.235185 0.009766 0.024074
0 0.579712 0.316204 0.011963 0.027778
0 0.751709 0.858333 0.013672 0.026852
0 0.765259 0.985185 0.015381 0.029630
0 0.763062 0.925926 0.017822 0.030556
0 0.736694 0.729398 0.014893 0.029167
0 0.791504 0.695139 0.015625 0.031019
0 0.779663 0.634491 0.013916 0.029167
0 0.767578 0.537037 0.019043 0.035185
0 0.726807 0.551620 0.017090 0.032870
0 0.712891 0.515278 0.015137 0.025926
0 0.642700 0.636806 0.010986 0.021759
0 0.658203 0.694213 0.010254 0.028241
0 0.824829 0.953241 0.017334 0.028704
0 0.808472 0.871296 0.015869 0.036111
0 0.791138 0.743519 0.013916 0.028704
0 0.857056 0.626389 0.016846 0.029630
0 0.851318 0.573843 0.017090 0.027315
0 0.841309 0.512731 0.016602 0.027315
0 0.901611 0.576157 0.012207 0.030093
0 0.865723 0.676157 0.016113 0.031019
0 0.875488 0.734028 0.019043 0.029167
0 0.885864 0.800463 0.014404 0.026852
0 0.894409 0.860417 0.016357 0.030093
0 0.897461 0.937731 0.022461 0.040278
0 0.969238 0.954398 0.019043 0.031019
0 0.962891 0.888889 0.017090 0.031481
0 0.989380 0.652315 0.018799 0.028704
0 0.977783 0.594213 0.018555 0.030093
0 0.862671 0.381481 0.011963 0.030556
0 0.824829 0.409954 0.012451 0.030093
0 0.752441 0.428472 0.013184 0.031944
0 0.757935 0.485417 0.011963 0.027315
0 0.675415 0.163194 0.011963 0.031019
0 0.724121 0.213426 0.011230 0.032407
0 0.785400 0.125231 0.009766 0.024537
0 0.911621 0.302083 0.015137 0.030093
0 0.948486 0.478241 0.018555 0.024074
0 0.970947 0.360185 0.014648 0.027778
0 0.683472 0.197917 0.011963 0.030093
0 0.619385 0.258333 0.010254 0.024074
0 0.814087 0.320602 0.012451 0.027315
0 0.838867 0.257176 0.012695 0.029167
0 0.852539 0.287500 0.013184 0.029630
0 0.994995 0.463657 0.010010 0.019907
0 0.594604 0.556713 0.011963 0.023611
0 0.591309 0.500231 0.012207 0.027315
0 0.586304 0.451389 0.011963 0.027778
0 0.061523 0.215046 0.009766 0.016204
0 0.072144 0.111343 0.009521 0.018981
0 0.061401 0.595833 0.015381 0.023148
0 0.144531 0.371528 0.013184 0.019907
0 0.152832 0.312963 0.014160 0.024074
0 0.089600 0.819444 0.013672 0.024074
0 0.175171 0.946296 0.015381 0.023148
0 0.281372 0.240509 0.009521 0.028241
0 0.276367 0.297222 0.006836 0.021296
0 0.323364 0.716898 0.011475 0.023611
0 0.331421 0.494676 0.009521 0.019907
0 0.352417 0.117593 0.010498 0.027778
0 0.396362 0.114120 0.010010 0.026389
0 0.520752 0.807407 0.013184 0.026852
0 0.515259 0.627546 0.015381 0.032870
0 0.667480 0.876852 0.009766 0.024074
0 0.674438 0.962269 0.013916 0.031019
0 0.687866 0.283333 0.011475 0.021296
0 0.727173 0.259954 0.012939 0.021759
0 0.626343 0.332639 0.010986 0.023611
0 0.677124 0.119213 0.013428 0.025463
0 0.707642 0.134259 0.008057 0.025926
0 0.911865 0.644676 0.016602 0.030093
0 0.884033 0.485880 0.013672 0.024537
0 0.859497 0.339120 0.011963 0.030093
0 0.820435 0.137269 0.012939 0.029167
0 0.945068 0.431250 0.013672 0.021759
0 0.288330 0.134259 0.008301 0.024074
0 0.373657 0.878704 0.012451 0.025926
0 0.460083 0.109491 0.011475 0.028241
0 0.966919 0.547685 0.020752 0.020370
0 0.238647 0.820139 0.012451 0.023611
0 0.179321 0.792593 0.015869 0.025000
0 0.338745 0.537269 0.010986 0.021759
0 0.389648 0.467130 0.012695 0.025926
0 0.505981 0.167130 0.011475 0.027778
0 0.510254 0.522917 0.012207 0.024537
0 0.070923 0.489120 0.014893 0.025463
0 0.087158 0.441898 0.011230 0.019907
0 0.463135 0.909491 0.011230 0.025463
0 0.607300 0.738889 0.009521 0.026852
0 0.613647 0.175694 0.009521 0.023611
0 0.712036 0.099074 0.009521 0.033333
0 0.566406 0.120139 0.011230 0.020833
0 0.622803 0.213657 0.010254 0.026389
0 0.770020 0.056944 0.015625 0.025926
0 0.041504 0.719444 0.015625 0.026852
0 0.188477 0.051852 0.010742 0.021296
0 0.800903 0.041898 0.014404 0.026389
0 0.112305 0.212037 0.008789 0.017593
0 0.341919 0.291435 0.009521 0.020833
0 0.576172 0.277778 0.010254 0.024074
0 0.046509 0.259722 0.010986 0.017593
0 0.597656 0.026389 0.011719 0.018519
0 0.637085 0.430093 0.009521 0.025000
0 0.938599 0.188889 0.011963 0.037963
0 0.701538 0.419444 0.012939 0.027778
0 0.244629 0.030324 0.009277 0.017130
0 0.399658 0.016435 0.009766 0.021759
0 0.570923 0.017824 0.011963 0.023611
0 0.923096 0.706481 0.014160 0.028704
0 0.295166 0.011574 0.012207 0.017593
0 0.356567 0.025926 0.009521 0.017593
0 0.499878 0.067361 0.010010 0.020833
0 0.299316 0.060648 0.010742 0.027778
0 0.517700 0.682870 0.011475 0.025926
0 0.970947 0.050926 0.010742 0.025000