0 0.329102 0.445602 0.013672 0.029167
0 0.322754 0.543519 0.013184 0.028704
0 0.312378 0.707176 0.014404 0.035648
0 0.182861 0.682870 0.012695 0.024074
0 0.189575 0.634722 0.015869 0.026852
0 0.199219 0.514815 0.014648 0.025926
0 0.117310 0.580324 0.017334 0.031019
0 0.092651 0.714583 0.017822 0.024537
0 0.085815 0.759722 0.019287 0.028704
0 0.074829 0.815741 0.019775 0.034259
0 0.067749 0.912269 0.020752 0.028241
0 0.231201 0.849537 0.015625 0.025000
0 0.177124 0.742361 0.017334 0.029167
0 0.333618 0.309722 0.014404 0.025926
0 0.259399 0.445139 0.013916 0.025463
0 0.244995 0.592824 0.014404 0.027315
0 0.211914 0.369676 0.012207 0.021759
0 0.302979 0.928472 0.016602 0.027315
0 0.315552 0.791898 0.015381 0.029167
0 0.376343 0.903241 0.011475 0.032407
0 0.368530 0.832870 0.011475 0.026852
0 0.376465 0.755324 0.013672 0.023611
0 0.380615 0.477546 0.013184 0.027315
0 0.384888 0.384028 0.012939 0.024537
0 0.369751 0.979398 0.012451 0.020833
0 0.456177 0.927315 0.011963 0.021296
0 0.452026 0.855556 0.011963 0.021296
0 0.454468 0.726620 0.013916 0.031019
0 0.453491 0.668287 0.013428 0.033796
0 0.449097 0.609722 0.013428 0.027778
0 0.449097 0.556250 0.011963 0.032870
0 0.454712 0.453472 0.011963 0.028241
0 0.455566 0.403704 0.012207 0.025000
0 0.452393 0.355093 0.010742 0.027778
0 0.448364 0.309722 0.010498 0.025926
0 0.450195 0.257407 0.012695 0.027778
0 0.499390 0.332407 0.011963 0.026852
0 0.500244 0.435880 0.011719 0.024537
0 0.503174 0.523380 0.010742 0.028241
0 0.509644 0.693519 0.013916 0.031481
0 0.515991 0.895370 0.016357 0.026852
0 0.155273 0.944676 0.016602 0.028241
0 0.595703 0.743056 0.013672 0.031481
0 0.593262 0.809491 0.013184 0.025463
0 0.609863 0.937037 0.014160 0.030556
0 0.665894 0.966204 0.015381 0.032407
0 0.652832 0.707639 0.013672 0.030093
0 0.636353 0.594676 0.013428 0.025463
0 0.619141 0.475463 0.012207 0.025000
0 0.568359 0.331250 0.011230 0.024537
0 0.577759 0.415972 0.011963 0.021759
0 0.739624 0.873148 0.015869 0.027778
0 0.797363 0.842824 0.015625 0.030093
0 0.786621 0.769676 0.014160 0.028241
0 0.773560 0.664120 0.015381 0.035648
0 0.730835 0.675231 0.016357 0.031944
0 0.716187 0.635417 0.011475 0.023611
0 0.641846 0.774306 0.012695 0.027315
0 0.658203 0.839120 0.012695 0.028241
0 0.865601 0.751852 0.016846 0.025926
0 0.860718 0.699537 0.020264 0.026852
0 0.849609 0.629398 0.015137 0.027315
0 0.876221 0.814815 0.016113 0.024074
0 0.885742 0.875926 0.015137 0.025926
0 0.897827 0.952083 0.015381 0.026389
0 0.992676 0.725231 0.014648 0.023611
0 0.872437 0.494907 0.013428 0.028704
0 0.831909 0.522222 0.015381 0.025000
0 0.757202 0.542824 0.014404 0.025463
0 0.676880 0.249769 0.012451 0.023611
0 0.725098 0.303472 0.013184 0.026389
0 0.791016 0.209259 0.013184 0.027778
0 0.685547 0.289352 0.012695 0.030556
0 0.619629 0.352083 0.011230 0.026389
0 0.820923 0.421065 0.016846 0.032870
0 0.591553 0.685185 0.012207 0.025926
0 0.587646 0.619213 0.011230 0.027315
0 0.582397 0.566435 0.010986 0.022685
0 0.036255 0.311111 0.014404 0.025926
0 0.051025 0.197685 0.011719 0.019444
0 0.123535 0.478704 0.016113 0.025926
0 0.130859 0.416204 0.017090 0.033333
0 0.059448 0.974537 0.019775 0.027778
0 0.266235 0.337037 0.011963 0.024074
0 0.261597 0.395139 0.011475 0.026389
0 0.306519 0.859491 0.015869 0.029167
0 0.319214 0.613657 0.014893 0.027315
0 0.386597 0.197222 0.013916 0.028704
0 0.515991 0.958102 0.013428 0.026389
0 0.689819 0.379167 0.011475 0.021296
0 0.731323 0.358102 0.012939 0.028241
0 0.622925 0.436111 0.012939 0.028704
0 0.678589 0.205093 0.013428 0.031481
0 0.711426 0.222685 0.011719 0.025926
0 0.869263 0.450694 0.017334 0.029167
0 0.827026 0.224537 0.013428 0.024074
0 0.451660 0.193981 0.010742 0.025000
0 0.985962 0.672917 0.017334 0.025463
0 0.325195 0.663426 0.013184 0.029630
0 0.377808 0.583565 0.013916 0.028241
0 0.500244 0.256713 0.011719 0.023611
0 0.505005 0.639583 0.012451 0.030093
0 0.042847 0.610185 0.016357 0.031481
0 0.058716 0.560880 0.015381 0.020833
0 0.605225 0.879398 0.013184 0.024537
0 0.611084 0.263194 0.012207 0.025463
0 0.712891 0.181019 0.009766 0.025000
0 0.563110 0.204630 0.011963 0.025000
0 0.623535 0.305093 0.011719 0.025000
0 0.775879 0.134028 0.011719 0.028241
0 0.170776 0.131944 0.014893 0.029630
0 0.805420 0.116667 0.015625 0.029630
0 0.092651 0.305093 0.013916 0.022222
0 0.594360 0.099769 0.010498 0.024537
0 0.703491 0.526157 0.013916 0.027315
0 0.567627 0.093519 0.011719 0.022222
0 0.292847 0.009491 0.013428 0.018056
0 0.345947 0.107407 0.011230 0.023148
0 0.495361 0.150000 0.009766 0.025926
0 0.058105 0.145370 0.013184 0.030556
0 0.389771 0.089815 0.011475 0.027778
0 0.846680 0.355093 0.015625 0.029630
0 0.599976 0.065509 0.011963 0.023611
0 0.010254 0.868287 0.014648 0.026389
0 0.271240 0.295833 0.011719 0.025000
0 0.331543 0.341667 0.014648 0.025000
0 0.023071 0.358565 0.013916 0.028241
0 0.212036 0.416667 0.013428 0.021296
0 0.213501 0.329630 0.012451 0.020370
0 0.230591 0.727546 0.015381 0.026389
0 0.273926 0.221065 0.011230 0.020833
0 0.341187 0.206944 0.012939 0.031481
0 0.924805 0.407176 0.012695 0.027315
0 0.797729 0.885185 0.016846 0.028704
0 0.230591 0.110417 0.013916 0.023611
0 0.453979 0.053472 0.012451 0.026389
0 0.861816 0.386343 0.013672 0.026389
0 0.983765 0.466667 0.014893 0.032407
0 0.509644 0.817824 0.013916 0.031019
0 0.508911 0.761806 0.014893 0.030093
0 0.034546 0.720833 0.016357 0.025926
0 0.949951 0.279167 0.016602 0.028704
0 0.289185 0.041435 0.011963 0.022685
0 0.610718 0.218981 0.011963 0.025926
0 0.244751 0.048148 0.010498 0.016667
0 0.198120 0.565972 0.015381 0.022685
0 0.254639 0.489815 0.010742 0.025926
0 0.575195 0.375463 0.012695 0.023148
0 0.700684 0.070370 0.014648 0.025926
0 0.764282 0.065509 0.011475 0.030093
0 0.830688 0.261343 0.013916 0.024537
0 0.145874 0.044907 0.015869 0.020370
0 0.164429 0.205787 0.011475 0.022685
0 0.620239 0.403009 0.013916 0.027315
0 0.573730 0.465278 0.013184 0.019444
0 0.197021 0.459954 0.012207 0.020833
0 0.575806 0.289815 0.015381 0.025000
0 0.382080 0.323843 0.012207 0.024537
0 0.394165 0.012037 0.016357 0.021296
0 0.455322 0.015509 0.012695 0.021759
0 0.227539 0.233102 0.010254 0.020833
0 0.281250 0.091667 0.010742 0.023148
0 0.562744 0.048611 0.011719 0.020370
0 0.564941 0.019213 0.010742 0.021759
0 0.761597 0.605093 0.014893 0.027778
0 0.711426 0.566667 0.014160 0.027778
0 0.961792 0.593056 0.012939 0.025000
0 0.852539 0.019907 0.015137 0.025926
0 0.216431 0.978935 0.012939 0.030093
0 0.227051 0.905324 0.013184 0.021759
0 0.075439 0.083102 0.010254 0.018056
0 0.197754 0.053935 0.008789 0.018056
0 0.284912 0.143519 0.011230 0.022222
0 0.279907 0.181713 0.010498 0.022685
0 0.661499 0.905787 0.012451 0.025463
0 0.690918 0.015278 0.012207 0.028704
0 0.895386 0.604861 0.020264 0.027315
0 0.912476 0.704398 0.019775 0.031944
0 0.926758 0.779167 0.024414 0.029630
0 0.940796 0.844444 0.015381 0.023148
0 0.905640 0.310417 0.013428 0.027315
0 0.970947 0.053704 0.017578 0.032407
0 0.077637 0.441667 0.016602 0.028704