0 0.019165 0.069444 0.020264 0.046296
0 0.012451 0.209954 0.024414 0.038426
0 0.196411 0.102083 0.007568 0.028241
0 0.333008 0.068750 0.014160 0.038426
0 0.313477 0.184491 0.014648 0.038426
0 0.187622 0.216435 0.024658 0.034722
0 0.292114 0.278704 0.022705 0.050000
0 0.172241 0.340278 0.020264 0.033333
0 0.268677 0.415509 0.018799 0.039352
0 0.151855 0.453935 0.020508 0.038426
0 0.267212 0.543056 0.018799 0.037963
0 0.135620 0.609722 0.027100 0.038889
0 0.243652 0.673843 0.015625 0.034722
0 0.123535 0.729861 0.024902 0.036574
0 0.097412 0.837037 0.013672 0.030556
0 0.238403 0.834722 0.021729 0.041667
0 0.083252 0.957870 0.027344 0.034259
0 0.459961 0.039352 0.014648 0.031481
0 0.582764 0.010185 0.019531 0.019444
0 0.466309 0.142593 0.020508 0.050000
0 0.576050 0.113889 0.018799 0.035185
0 0.438477 0.257639 0.019531 0.043981
0 0.554810 0.242130 0.021240 0.039815
0 0.427734 0.383333 0.015137 0.040741
0 0.560913 0.377083 0.017334 0.039352
0 0.542603 0.498380 0.015869 0.039352
0 0.421509 0.523611 0.017334 0.036111
0 0.400513 0.637269 0.020264 0.039352
0 0.537354 0.608565 0.019531 0.033796
0 0.514038 0.750231 0.020264 0.042130
0 0.390259 0.774306 0.014404 0.030093
0 0.383545 0.900694 0.018066 0.035648
0 0.492798 0.866898 0.019775 0.031019
0 0.661377 0.913889 0.019531 0.042593
0 0.687622 0.812037 0.019775 0.038889
0 0.786743 0.884028 0.023193 0.042130
0 0.797485 0.753241 0.023193 0.039815
0 0.820435 0.640278 0.020264 0.043519
0 0.686523 0.646296 0.022461 0.042593
0 0.819336 0.497222 0.016113 0.037963
0 0.716187 0.412500 0.010986 0.033333
0 0.819824 0.375231 0.017578 0.043981
0 0.720947 0.300694 0.021973 0.044907
0 0.845337 0.271528 0.020264 0.040278
0 0.849731 0.100926 0.022705 0.041667
0 0.742554 0.074306 0.016357 0.034722
0 0.866577 0.031481 0.028564 0.046296
0 0.735474 0.159028 0.011963 0.031944
0 0.880493 0.176620 0.017334 0.034722
0 0.991699 0.252546 0.016602 0.051389
0 0.986816 0.393519 0.026367 0.045370
0 0.983765 0.522685 0.018799 0.038889
0 0.969971 0.642824 0.024902 0.039352
0 0.967407 0.764583 0.029541 0.039352
0 0.953003 0.921991 0.031494 0.043981
0 0.697021 0.530324 0.004395 0.007870