0 0.033813 0.088194 0.018799 0.042130
0 0.024048 0.228472 0.022217 0.040278
0 0.218628 0.014815 0.015869 0.028704
0 0.207886 0.127083 0.007080 0.019907
0 0.346313 0.100694 0.013428 0.039352
0 0.323975 0.219213 0.017578 0.039352
0 0.448975 0.294676 0.019043 0.037500
0 0.199707 0.245139 0.021973 0.038426
0 0.303345 0.308796 0.018799 0.046296
0 0.182861 0.366204 0.020996 0.035185
0 0.438477 0.423148 0.014160 0.037037
0 0.278442 0.443056 0.018799 0.037963
0 0.161865 0.478935 0.023438 0.043056
0 0.273926 0.574306 0.020996 0.035648
0 0.428223 0.563426 0.018555 0.033333
0 0.143188 0.632870 0.026123 0.036111
0 0.250977 0.702546 0.012207 0.032870
0 0.406738 0.675000 0.018066 0.038889
0 0.127563 0.753241 0.025635 0.037037
0 0.241943 0.862037 0.022461 0.038889
0 0.394043 0.813194 0.013184 0.032870
0 0.102539 0.856713 0.016602 0.034722
0 0.088257 0.981713 0.028076 0.036574
0 0.385620 0.935185 0.017334 0.035185
0 0.429932 0.857176 0.000488 0.001389
0 0.495728 0.908102 0.017822 0.022685
0 0.518677 0.794213 0.020264 0.042130
0 0.691528 0.865046 0.020752 0.036574
0 0.663330 0.964815 0.025391 0.043519
0 0.788086 0.941435 0.025879 0.044907
0 0.800171 0.807870 0.022217 0.034259
0 0.825562 0.696759 0.020264 0.036111
0 0.693359 0.698380 0.022461 0.040278
0 0.543213 0.649074 0.018555 0.028704
0 0.549072 0.537731 0.018555 0.031944
0 0.705078 0.582176 0.008789 0.016204
0 0.827881 0.554398 0.016602 0.036574
0 0.724365 0.466204 0.010254 0.030556
0 0.829712 0.430556 0.015869 0.028704
0 0.570068 0.419213 0.019531 0.036574
0 0.731689 0.351389 0.021973 0.044444
0 0.566284 0.283102 0.018799 0.034722
0 0.588013 0.160417 0.016357 0.037500
0 0.746216 0.209259 0.012451 0.028704
0 0.754395 0.123843 0.014160 0.030093
0 0.596313 0.043981 0.020752 0.046296
0 0.880859 0.086111 0.028320 0.045370
0 0.863892 0.157407 0.021729 0.038889
0 0.893066 0.231481 0.018066 0.023148
0 0.996704 0.322222 0.006592 0.048148
0 0.857300 0.328009 0.016846 0.036574
0 0.991333 0.459722 0.017334 0.040741
0 0.991333 0.586574 0.017334 0.032407
0 0.977051 0.707176 0.025391 0.039352
0 0.973511 0.828009 0.029541 0.037500
0 0.945557 0.981713 0.018555 0.036574