0 0.341553 0.082407 0.009766 0.020370
0 0.416870 0.071296 0.006592 0.013889
0 0.397583 0.085417 0.007568 0.018056
0 0.379517 0.122454 0.007080 0.017130
0 0.403320 0.140972 0.007324 0.018056
0 0.433716 0.138889 0.006592 0.017593
0 0.456299 0.128472 0.006836 0.017130
0 0.488281 0.129167 0.008301 0.021296
0 0.473633 0.071296 0.008789 0.020370
0 0.449097 0.080093 0.008057 0.020370
0 0.530029 0.084491 0.009277 0.019907
0 0.539185 0.146296 0.007080 0.019444
0 0.560425 0.142824 0.008057 0.018981
0 0.591919 0.156250 0.008057 0.018056
0 0.614990 0.152778 0.007324 0.016667
0 0.676392 0.146759 0.008545 0.021296
0 0.608276 0.077083 0.009033 0.019907
0 0.580322 0.088194 0.009277 0.019907
0 0.634766 0.068981 0.007324 0.009259
0 0.289062 0.141667 0.009277 0.015741
0 0.245605 0.133565 0.007812 0.017130
0 0.348267 0.148843 0.006592 0.009722
0 0.194824 0.320370 0.009277 0.015741
0 0.228760 0.312731 0.009277 0.017130
0 0.256714 0.322917 0.009521 0.016204
0 0.280518 0.318056 0.008789 0.020370
0 0.278931 0.241435 0.009033 0.015278
0 0.314941 0.324306 0.008301 0.018056
0 0.340210 0.312731 0.008545 0.015278
0 0.375000 0.327083 0.008301 0.015278
0 0.403076 0.328009 0.007324 0.017130
0 0.391724 0.247222 0.008545 0.018519
0 0.447632 0.249074 0.009521 0.019444
0 0.431152 0.324769 0.007812 0.018056
0 0.461182 0.331250 0.007812 0.016204
0 0.486084 0.327778 0.007812 0.016667
0 0.503662 0.253704 0.008789 0.019444
0 0.516235 0.322917 0.007568 0.021759
0 0.529419 0.260648 0.007568 0.015741
0 0.546143 0.334259 0.008301 0.020370
0 0.560669 0.259491 0.007568 0.017130
0 0.583862 0.258796 0.009521 0.020370
0 0.578979 0.322685 0.008057 0.019444
0 0.605469 0.338657 0.008301 0.017130
0 0.636841 0.346296 0.009033 0.019444
0 0.669678 0.267130 0.008301 0.018519
0 0.668457 0.339352 0.009277 0.018519
0 0.643921 0.265509 0.008057 0.018981
0 0.615845 0.248843 0.007568 0.015278
0 0.701538 0.143750 0.007080 0.018981
0 0.733276 0.144213 0.008057 0.018056
0 0.785767 0.150694 0.008545 0.018981
0 0.811157 0.153009 0.008057 0.018056
0 0.820801 0.096528 0.007812 0.016204
0 0.845215 0.148148 0.010742 0.020370
0 0.867554 0.151852 0.009521 0.017593
0 0.856812 0.011574 0.009521 0.018519
0 0.950928 0.155556 0.010742 0.023148
0 0.937012 0.017593 0.011230 0.015741
0 0.783325 0.016898 0.007568 0.014352
0 0.704834 0.009954 0.007324 0.013426
0 0.583984 0.008565 0.007812 0.015278
0 0.196289 0.422917 0.010742 0.020833
0 0.226807 0.436574 0.008301 0.013889
0 0.255249 0.434259 0.009033 0.017593
0 0.284546 0.429398 0.008545 0.014352
0 0.321045 0.422685 0.006836 0.020370
0 0.354614 0.432639 0.007568 0.016204
0 0.409424 0.438194 0.009277 0.020833
0 0.440308 0.433333 0.008545 0.019444
0 0.534302 0.439583 0.007080 0.019907
0 0.505249 0.426620 0.007080 0.020833
0 0.696533 0.334722 0.010254 0.021296
0 0.719849 0.334028 0.008545 0.018981
0 0.750977 0.340972 0.011230 0.021759
0 0.730225 0.253241 0.011230 0.023148
0 0.783081 0.343750 0.011475 0.018981
0 0.789673 0.262269 0.010986 0.020833
0 0.822388 0.267593 0.010010 0.015741
0 0.851074 0.259722 0.011719 0.021296
0 0.822754 0.351157 0.012207 0.015278
0 0.845337 0.333565 0.010010 0.017130
0 0.903809 0.337037 0.010742 0.019444
0 0.933350 0.340046 0.011719 0.019907
0 0.961548 0.330787 0.012939 0.018981
0 0.953003 0.268981 0.010986 0.021296
0 0.991821 0.344907 0.011475 0.016667
0 0.562134 0.434722 0.008545 0.020370
0 0.601685 0.438657 0.008545 0.019907
0 0.661255 0.436806 0.010498 0.022685
0 0.687866 0.445833 0.009033 0.014815
0 0.722412 0.444907 0.010742 0.018519
0 0.752075 0.452083 0.010010 0.025463
0 0.778442 0.465278 0.007568 0.011111
0 0.813599 0.457176 0.011475 0.018981
0 0.843872 0.449537 0.009521 0.020370
0 0.874512 0.453704 0.008301 0.015741
0 0.911621 0.451389 0.013184 0.021296
0 0.944702 0.453241 0.011475 0.012963
0 0.991577 0.465741 0.013428 0.019444
0 0.973877 0.523611 0.015625 0.022222
0 0.936890 0.541898 0.013428 0.018981
0 0.905762 0.537037 0.012695 0.017593
0 0.873535 0.528472 0.014160 0.018056
0 0.969238 0.684491 0.014648 0.018056
0 0.944336 0.683796 0.015625 0.017593
0 0.903442 0.684259 0.012451 0.012963
0 0.866943 0.693981 0.012695 0.016667
0 0.837280 0.687269 0.011963 0.015278
0 0.807251 0.542130 0.011475 0.019444
0 0.780396 0.547454 0.007568 0.012500
0 0.743896 0.534722 0.010254 0.018519
0 0.766235 0.699074 0.008545 0.012963
0 0.734497 0.684259 0.011475 0.019444
0 0.714966 0.543519 0.008057 0.013889
0 0.672852 0.685417 0.012207 0.020833
0 0.675537 0.525926 0.009277 0.017593
0 0.648438 0.525231 0.008789 0.016204
0 0.635620 0.686574 0.008545 0.016667
0 0.611084 0.505324 0.007812 0.017130
0 0.586914 0.514815 0.008789 0.021296
0 0.600220 0.693056 0.009033 0.017593
0 0.563110 0.684491 0.009033 0.010648
0 0.532715 0.683333 0.009766 0.017593
0 0.491333 0.510648 0.008057 0.014815
0 0.501343 0.680556 0.008545 0.014815
0 0.458008 0.509722 0.008301 0.018519
0 0.462891 0.663426 0.009277 0.015741
0 0.427002 0.512037 0.007812 0.013889
0 0.430542 0.675463 0.009033 0.017593
0 0.390869 0.506019 0.008301 0.018519
0 0.393311 0.673148 0.007812 0.012963
0 0.363403 0.514815 0.009521 0.017593
0 0.359497 0.669676 0.009521 0.016204
0 0.330933 0.668981 0.009521 0.018519
0 0.331543 0.516898 0.009277 0.018981
0 0.293335 0.673148 0.009521 0.016667
0 0.266968 0.515046 0.008057 0.015278
0 0.302490 0.531481 0.007812 0.013889
0 0.262085 0.667361 0.008057 0.009722
0 0.226318 0.664815 0.008301 0.009259
0 0.144531 0.526620 0.008789 0.014352
0 0.162109 0.665972 0.011719 0.018056
0 0.131348 0.678472 0.008301 0.012500
0 0.098877 0.661343 0.010254 0.015278
0 0.112793 0.541667 0.011719 0.011111
0 0.129395 0.765509 0.012207 0.018056
0 0.044434 0.925694 0.012695 0.014352
0 0.076904 0.929861 0.012207 0.014352
0 0.112427 0.925000 0.014404 0.012963
0 0.145874 0.923843 0.014893 0.018056
0 0.060181 0.754630 0.015381 0.015741
0 0.184937 0.926620 0.013916 0.016204
0 0.212891 0.939120 0.012695 0.018056
0 0.207886 0.773843 0.010986 0.015278
0 0.232422 0.776389 0.009277 0.014815
0 0.273071 0.772454 0.010498 0.014352
0 0.261108 0.922685 0.010010 0.017593
0 0.289917 0.934722 0.010010 0.017593
0 0.329712 0.938194 0.009521 0.018056
0 0.299927 0.757176 0.010010 0.018981
0 0.342896 0.753935 0.008545 0.017130
0 0.373047 0.765278 0.009766 0.019444
0 0.409302 0.785880 0.009033 0.012500
0 0.404419 0.953472 0.010010 0.016204
0 0.369019 0.918056 0.009033 0.013889
0 0.441772 0.939815 0.009521 0.014815
0 0.439209 0.765741 0.009766 0.018519
0 0.482300 0.772685 0.008545 0.015741
0 0.513062 0.778935 0.008545 0.016204
0 0.475342 0.935185 0.009766 0.018519
0 0.520752 0.950926 0.009277 0.018519
0 0.553223 0.766435 0.009766 0.020833
0 0.587158 0.781713 0.010742 0.018056
0 0.624023 0.770602 0.010742 0.019907
0 0.689331 0.779398 0.010986 0.020833
0 0.731079 0.785417 0.011963 0.016204
0 0.760864 0.777546 0.012939 0.021759
0 0.833496 0.783796 0.011230 0.020370
0 0.876587 0.787037 0.015381 0.021296
0 0.947021 0.783796 0.016113 0.015741
0 0.932617 0.969213 0.014160 0.018056
0 0.855469 0.967593 0.011719 0.016667
0 0.779785 0.954167 0.013672 0.020370
0 0.749390 0.970833 0.012451 0.020370
0 0.706421 0.956713 0.010498 0.016204
0 0.629150 0.946528 0.011230 0.022685
0 0.669556 0.957407 0.009521 0.018519
0 0.598511 0.942361 0.011475 0.022685
0 0.555298 0.945139 0.010498 0.019907