0 0.013428 0.211574 0.024902 0.037963
0 0.018799 0.068056 0.026367 0.043519
0 0.189087 0.218056 0.024170 0.036111
0 0.172241 0.340741 0.022217 0.032407
0 0.151733 0.453935 0.026611 0.040278
0 0.135132 0.608796 0.025635 0.033333
0 0.121582 0.730787 0.025391 0.036574
0 0.097900 0.838657 0.015625 0.029167
0 0.083618 0.959028 0.026123 0.032870
0 0.238281 0.833333 0.021973 0.042593
0 0.242676 0.671065 0.020508 0.029167
0 0.267456 0.541435 0.019775 0.034722
0 0.268921 0.412963 0.018799 0.036111
0 0.291382 0.277778 0.019775 0.042593
0 0.314331 0.183565 0.016846 0.032870
0 0.334106 0.065972 0.017334 0.037500
0 0.459351 0.037963 0.013916 0.032407
0 0.464355 0.139120 0.020508 0.045833
0 0.437866 0.254398 0.018799 0.034722
0 0.428589 0.382176 0.014893 0.034722
0 0.420166 0.523380 0.018066 0.031019
0 0.400879 0.637731 0.020020 0.040278
0 0.384766 0.897685 0.014160 0.033333
0 0.514282 0.748380 0.019775 0.037500
0 0.492920 0.864352 0.016113 0.030556
0 0.537109 0.606944 0.017578 0.032407
0 0.543823 0.492824 0.018311 0.032870
0 0.560303 0.374769 0.017578 0.035648
0 0.554932 0.238426 0.018066 0.037963
0 0.575562 0.112037 0.016846 0.032407
0 0.582520 0.009722 0.016113 0.017593
0 0.483276 0.992824 0.012939 0.010648
0 0.660156 0.909259 0.020020 0.041667
0 0.687622 0.808102 0.020264 0.036574
0 0.687012 0.646296 0.020996 0.036111
0 0.720703 0.296759 0.021484 0.036111
0 0.742920 0.073380 0.012695 0.030093
0 0.867920 0.026620 0.025879 0.041204
0 0.848389 0.101620 0.019043 0.031944
0 0.878296 0.176620 0.015869 0.024537
0 0.844971 0.270833 0.018066 0.033333
0 0.819458 0.376620 0.015381 0.025463
0 0.990967 0.252546 0.016113 0.042130
0 0.987061 0.390741 0.023926 0.033333
0 0.983765 0.518981 0.016357 0.027778
0 0.820068 0.494907 0.018066 0.030556
0 0.971069 0.640741 0.027100 0.035185
0 0.821289 0.640046 0.020020 0.034722
0 0.797607 0.751620 0.023926 0.034722
0 0.969482 0.764352 0.027344 0.033333
0 0.949219 0.915046 0.023926 0.028241
0 0.786621 0.882870 0.027344 0.037037