0 0.017212 0.218981 0.023682 0.038889
0 0.028076 0.079167 0.027832 0.047222
0 0.193115 0.228472 0.020996 0.032870
0 0.176758 0.351157 0.019531 0.031944
0 0.156616 0.463194 0.023682 0.036574
0 0.138428 0.616204 0.023926 0.030556
0 0.124390 0.741667 0.025635 0.036111
0 0.086914 0.968519 0.026855 0.036111
0 0.100464 0.847222 0.013916 0.025926
0 0.241211 0.845602 0.018555 0.039352
0 0.245850 0.682639 0.017578 0.031019
0 0.270508 0.553472 0.019043 0.035648
0 0.272827 0.424537 0.017334 0.037037
0 0.296631 0.288426 0.018555 0.045370
0 0.318237 0.196528 0.013428 0.032870
0 0.337891 0.081250 0.015137 0.038426
0 0.463257 0.053241 0.013916 0.034259
0 0.469116 0.153009 0.018799 0.043056
0 0.442871 0.268750 0.017090 0.037500
0 0.431274 0.396528 0.012939 0.034722
0 0.425293 0.537500 0.018066 0.032407
0 0.404297 0.649769 0.018066 0.040278
0 0.392334 0.789815 0.014648 0.036111
0 0.386353 0.910185 0.015381 0.036111
0 0.517090 0.764120 0.020020 0.037500
0 0.540039 0.619907 0.018066 0.028704
0 0.545898 0.508102 0.017578 0.032870
0 0.563965 0.389352 0.018066 0.033333
0 0.558838 0.255093 0.017090 0.034259
0 0.584839 0.017361 0.018311 0.030093
0 0.581177 0.130324 0.019287 0.037500
0 0.747192 0.088194 0.014404 0.032870
0 0.724976 0.313657 0.020752 0.035648
0 0.690918 0.661111 0.020508 0.033333
0 0.689819 0.824769 0.023682 0.039352
0 0.662842 0.925231 0.018555 0.040278
0 0.500366 0.879167 0.005127 0.025000
0 0.789062 0.899537 0.025879 0.040741
0 0.799927 0.766898 0.025635 0.031944
0 0.824463 0.657176 0.016113 0.033796
0 0.823242 0.514352 0.015137 0.032407
0 0.822632 0.392361 0.015381 0.029167
0 0.849121 0.289120 0.017578 0.031944
0 0.884277 0.193981 0.016113 0.026852
0 0.854492 0.120139 0.020996 0.035648
0 0.872803 0.045370 0.025391 0.039815
0 0.993530 0.273148 0.012451 0.043519
0 0.989258 0.409722 0.020020 0.034259
0 0.987427 0.537963 0.015381 0.028704
0 0.973999 0.658333 0.026123 0.035185
0 0.971680 0.780093 0.027344 0.029630
0 0.946655 0.933565 0.014404 0.027315