0 0.068970 0.019676 0.014893 0.034722
0 0.050903 0.151157 0.019287 0.033796
0 0.013428 0.236111 0.025391 0.044444
0 0.223022 0.199306 0.021240 0.034722
0 0.199707 0.316204 0.021973 0.037037
0 0.172729 0.424537 0.020752 0.041667
0 0.146240 0.571991 0.021484 0.031019
0 0.123535 0.689352 0.024902 0.037963
0 0.093384 0.790046 0.012451 0.027315
0 0.071777 0.906944 0.025879 0.037963
0 0.370361 0.919444 0.014160 0.037037
0 0.231812 0.820833 0.020264 0.038889
0 0.405518 0.665046 0.019043 0.040278
0 0.246948 0.659259 0.016846 0.028704
0 0.279663 0.537500 0.017822 0.036111
0 0.290039 0.411574 0.018066 0.034259
0 0.322632 0.283796 0.017334 0.038889
0 0.349243 0.196759 0.015381 0.033333
0 0.467285 0.297454 0.017578 0.037500
0 0.501221 0.190046 0.019531 0.038426
0 0.375854 0.085417 0.015869 0.038426
0 0.501953 0.084722 0.012207 0.030556
0 0.448486 0.421296 0.013672 0.035185
0 0.431763 0.558796 0.018799 0.035185
0 0.485596 0.913889 0.007324 0.025926
0 0.509888 0.805324 0.019775 0.040278
0 0.542358 0.667130 0.018799 0.028704
0 0.554321 0.556250 0.017822 0.031944
0 0.580688 0.441667 0.017822 0.031481
0 0.584717 0.307639 0.018066 0.035648
0 0.613281 0.187731 0.017578 0.031944
0 0.625000 0.075926 0.017578 0.039815
0 0.781372 0.185648 0.013428 0.034259
0 0.746460 0.404630 0.019775 0.037037
0 0.839111 0.507176 0.018066 0.031019
0 0.830444 0.619213 0.011963 0.017130
0 0.829102 0.635648 0.012207 0.021296
0 0.689453 0.746991 0.019043 0.035648
0 0.822021 0.769676 0.020996 0.040278
0 0.677246 0.906481 0.020996 0.045370
0 0.791504 0.876852 0.022949 0.039815
0 0.961792 0.931944 0.031982 0.039815
0 0.973511 0.809259 0.028076 0.037963
0 0.992188 0.690972 0.013184 0.030093
0 0.995728 0.564583 0.006592 0.026389
0 0.873047 0.408102 0.019531 0.031944
0 0.913330 0.320139 0.016602 0.027315
0 0.887451 0.241898 0.022461 0.033796
0 0.910034 0.168519 0.026611 0.036111
0 0.935913 0.049537 0.026611 0.038889