0 0.036621 0.145370 0.022461 0.032407
0 0.261597 0.151157 0.018799 0.041204
0 0.205200 0.259259 0.022705 0.033333
0 0.159546 0.348380 0.025635 0.036574
0 0.068970 0.498148 0.026123 0.037037
0 0.011475 0.598148 0.022461 0.037963
0 0.224121 0.547917 0.020996 0.032870
0 0.126099 0.688657 0.027100 0.031944
0 0.072876 0.785648 0.026123 0.032407
0 0.229126 0.933796 0.018799 0.040741
0 0.275757 0.829167 0.018311 0.031481
0 0.324219 0.751852 0.017578 0.033333
0 0.373169 0.946528 0.017334 0.042130
0 0.421875 0.836574 0.015625 0.027778
0 0.472656 0.764120 0.018066 0.039352
0 0.411621 0.553241 0.020996 0.037963
0 0.273926 0.423611 0.014160 0.023148
0 0.329346 0.338657 0.019043 0.031944
0 0.367432 0.235417 0.020020 0.037500
0 0.423706 0.146991 0.021729 0.044907
0 0.308960 0.077546 0.018799 0.037500
0 0.355957 0.010880 0.018555 0.019907
0 0.468262 0.091667 0.016602 0.032407
0 0.516968 0.013889 0.015381 0.025000
0 0.550171 0.274074 0.016846 0.035185
0 0.607178 0.205556 0.020996 0.037963
0 0.505737 0.372222 0.016357 0.027778
0 0.459229 0.480093 0.017090 0.034259
0 0.533325 0.668981 0.017334 0.029630
0 0.569336 0.581481 0.020020 0.030556
0 0.647217 0.861343 0.020020 0.038426
0 0.600830 0.985880 0.020508 0.024537
0 0.619629 0.500694 0.020996 0.036574
0 0.653687 0.382176 0.020752 0.037500
0 0.630127 0.114120 0.015625 0.030093
0 0.697021 0.029167 0.017090 0.035185
0 0.743896 0.205324 0.020996 0.035648
0 0.790649 0.131481 0.018311 0.030556
0 0.706909 0.296991 0.018799 0.035648
0 0.950439 0.251620 0.024414 0.038426
0 0.922363 0.342361 0.017578 0.020833
0 0.862793 0.434954 0.014648 0.026389
0 0.778687 0.603935 0.022217 0.033796
0 0.761230 0.989583 0.021484 0.019907
0 0.804810 0.878009 0.019287 0.035648
0 0.840088 0.771065 0.018555 0.030093
0 0.895386 0.711806 0.023193 0.023611
0 0.954346 0.666898 0.018555 0.030093
0 0.983032 0.971759 0.025146 0.038889
0 0.944824 0.577546 0.021484 0.031019
0 0.982788 0.527315 0.026123 0.035185
0 0.836182 0.044676 0.024902 0.028241