0 0.027588 0.061806 0.027832 0.033796
0 0.091797 0.012500 0.021973 0.021296
0 0.244141 0.167361 0.022461 0.036574
0 0.192749 0.241667 0.024170 0.038889
0 0.089844 0.353935 0.022949 0.032870
0 0.023560 0.438426 0.029053 0.033333
0 0.237793 0.455787 0.021484 0.031944
0 0.129028 0.563657 0.025635 0.031944
0 0.070923 0.641898 0.024658 0.030093
0 0.211182 0.835880 0.019531 0.035648
0 0.263184 0.747222 0.016602 0.028704
0 0.137817 0.934954 0.027588 0.043056
0 0.348145 0.893056 0.018555 0.037963
0 0.406494 0.802315 0.016113 0.029630
0 0.461914 0.745602 0.016602 0.041204
0 0.317871 0.686343 0.016602 0.029167
0 0.419800 0.519676 0.019287 0.036574
0 0.530396 0.671759 0.017334 0.029630
0 0.475464 0.463194 0.019287 0.035648
0 0.528687 0.374306 0.017334 0.032870
0 0.297119 0.345602 0.016602 0.029167
0 0.358521 0.283565 0.018799 0.031944
0 0.405396 0.193750 0.019287 0.036574
0 0.467407 0.125231 0.020752 0.041204
0 0.307983 0.080093 0.017334 0.038889
0 0.516113 0.084491 0.015625 0.030093
0 0.361450 0.023380 0.016846 0.035648
0 0.571411 0.021759 0.019287 0.029630
0 0.581177 0.287731 0.015381 0.034722
0 0.673706 0.157407 0.013428 0.033333
0 0.643433 0.240509 0.022705 0.037500
0 0.674683 0.428935 0.020264 0.038426
0 0.629761 0.532870 0.022217 0.032407
0 0.574829 0.598611 0.019775 0.031481
0 0.627319 0.897917 0.018311 0.039352
0 0.779907 0.964352 0.022217 0.037963
0 0.824829 0.874074 0.018799 0.030556
0 0.885010 0.834722 0.022949 0.028704
0 0.779419 0.686343 0.023682 0.035648
0 0.878540 0.546296 0.017822 0.029630
0 0.736084 0.361806 0.020996 0.031019
0 0.781128 0.285417 0.025635 0.034722
0 0.832031 0.226157 0.023438 0.034722
0 0.885864 0.155556 0.025635 0.030556
0 0.749268 0.096065 0.020996 0.033796
0 0.790771 0.020833 0.022949 0.038889
0 0.949585 0.713426 0.025146 0.028704
0 0.988037 0.677546 0.022461 0.031944
0 0.981567 0.394676 0.025146 0.033796
0 0.929810 0.113657 0.018799 0.024537