0 0.073486 0.015278 0.015625 0.029630
0 0.051514 0.141898 0.021973 0.038426
0 0.013794 0.229167 0.026611 0.050000
0 0.242310 0.081019 0.007080 0.019444
0 0.377075 0.080787 0.015869 0.035648
0 0.351074 0.194213 0.017090 0.037500
0 0.226074 0.196759 0.022949 0.040741
0 0.324097 0.281944 0.020752 0.044444
0 0.199219 0.310417 0.022461 0.038426
0 0.290527 0.408565 0.018555 0.038426
0 0.172241 0.417593 0.021729 0.040741
0 0.279785 0.534722 0.021484 0.032407
0 0.449341 0.421991 0.015869 0.038426
0 0.432739 0.555093 0.017334 0.033333
0 0.144531 0.565509 0.026367 0.033796
0 0.245972 0.657407 0.016846 0.034259
0 0.403687 0.663657 0.022217 0.043981
0 0.124390 0.682176 0.027100 0.043056
0 0.231079 0.813889 0.023682 0.038889
0 0.384766 0.796296 0.014648 0.038889
0 0.367188 0.919676 0.016602 0.038426
0 0.092407 0.782639 0.016846 0.037500
0 0.069702 0.903241 0.024658 0.040741
0 0.479370 0.915278 0.018799 0.028704
0 0.638916 0.991898 0.019531 0.016204
0 0.674438 0.912500 0.020264 0.042593
0 0.790771 0.884722 0.027344 0.041667
0 0.508789 0.805787 0.023926 0.042130
0 0.541748 0.666204 0.016602 0.032407
0 0.687256 0.748843 0.021973 0.041204
0 0.820679 0.776389 0.023682 0.040741
0 0.708008 0.636343 0.007324 0.010648
0 0.831421 0.633333 0.019287 0.033333
0 0.839722 0.512269 0.019287 0.034722
0 0.733765 0.520833 0.011475 0.028704
0 0.555054 0.557870 0.022217 0.036111
0 0.746094 0.409722 0.022461 0.043519
0 0.580688 0.446065 0.020752 0.041204
0 0.467407 0.294213 0.016357 0.036574
0 0.585205 0.309028 0.019531 0.040278
0 0.769409 0.272222 0.015381 0.029630
0 0.783081 0.187731 0.013916 0.037500
0 0.815918 0.057639 0.013184 0.033796
0 0.628052 0.075231 0.019775 0.046759
0 0.613647 0.185648 0.014893 0.031481
0 0.503784 0.189352 0.023682 0.044444
0 0.503418 0.085648 0.014160 0.033333
0 0.937866 0.056481 0.026611 0.044444
0 0.912720 0.176389 0.025146 0.039815
0 0.888428 0.248380 0.023926 0.042130
0 0.914062 0.329398 0.018555 0.031944
0 0.873657 0.414352 0.016846 0.034259
0 0.996826 0.573611 0.006348 0.026852
0 0.992065 0.703704 0.015381 0.041667
0 0.971558 0.815972 0.027100 0.042130
0 0.960327 0.939815 0.030518 0.043519
0 0.768677 0.994444 0.009521 0.011111