0 0.055054 0.044907 0.018311 0.041667
0 0.042358 0.181944 0.022217 0.040741
0 0.010010 0.269676 0.019531 0.035648
0 0.243774 0.006481 0.009033 0.012037
0 0.229492 0.104630 0.006348 0.018519
0 0.365356 0.092130 0.017334 0.037963
0 0.341675 0.206019 0.013916 0.035185
0 0.216797 0.217130 0.023438 0.035185
0 0.316528 0.296759 0.018799 0.047222
0 0.193970 0.336343 0.020752 0.036574
0 0.168091 0.443519 0.022705 0.038889
0 0.286133 0.426620 0.019043 0.041204
0 0.146240 0.593519 0.025879 0.031481
0 0.277222 0.555093 0.022217 0.038889
0 0.124512 0.717593 0.025391 0.042593
0 0.248047 0.679167 0.018555 0.029630
0 0.236694 0.839352 0.022217 0.037037
0 0.096924 0.815509 0.017578 0.026389
0 0.077148 0.936574 0.026367 0.037037
0 0.375488 0.932407 0.015625 0.040741
0 0.486450 0.915046 0.016846 0.028241
0 0.514038 0.804861 0.021240 0.040278
0 0.544922 0.665278 0.018555 0.031481
0 0.406616 0.671528 0.020752 0.037500
0 0.651489 0.986111 0.020264 0.027778
0 0.683350 0.895602 0.020996 0.036574
0 0.690918 0.732176 0.020996 0.040278
0 0.432007 0.563889 0.020264 0.039815
0 0.708252 0.617130 0.008789 0.014815
0 0.552734 0.554398 0.017090 0.034722
0 0.445435 0.426620 0.013916 0.033796
0 0.577026 0.440741 0.018799 0.040741
0 0.463501 0.299537 0.022705 0.039815
0 0.578491 0.303241 0.018799 0.037037
0 0.493652 0.190046 0.021973 0.043981
0 0.604858 0.178009 0.017334 0.031944
0 0.491577 0.085648 0.014893 0.032407
0 0.614746 0.067361 0.019043 0.046759
0 0.803589 0.033796 0.010498 0.035185
0 0.925415 0.021991 0.032471 0.041204
0 0.902222 0.144676 0.026611 0.046759
0 0.773560 0.165509 0.016357 0.030093
0 0.878784 0.215509 0.024170 0.042130
0 0.763672 0.248380 0.015625 0.031019
0 0.742554 0.390046 0.022217 0.040278
0 0.868774 0.383796 0.019287 0.034259
0 0.907104 0.295833 0.015869 0.032407
0 0.995850 0.529861 0.008301 0.034722
0 0.838013 0.484491 0.020264 0.032870
0 0.732788 0.499769 0.007080 0.031019
0 0.830444 0.604398 0.017334 0.041204
0 0.992432 0.659954 0.014160 0.037500
0 0.823120 0.749074 0.027100 0.047222
0 0.976440 0.778009 0.028564 0.040278
0 0.794800 0.859028 0.029053 0.039352
0 0.967163 0.898843 0.031982 0.042130
0 0.776733 0.984028 0.023682 0.031944