0 0.217163 0.271296 0.009521 0.017593
0 0.208618 0.366435 0.009521 0.018056
0 0.206665 0.406250 0.008545 0.021759
0 0.200439 0.458333 0.010254 0.019444
0 0.124878 0.426157 0.012939 0.018056
0 0.118774 0.467361 0.009521 0.018056
0 0.107544 0.508102 0.011475 0.020833
0 0.103882 0.582176 0.013428 0.016204
0 0.030518 0.294907 0.010742 0.018519
0 0.230835 0.115972 0.007568 0.017130
0 0.228516 0.150000 0.009277 0.021296
0 0.281738 0.091667 0.009277 0.020370
0 0.277466 0.129167 0.008057 0.016667
0 0.271851 0.215972 0.006592 0.018981
0 0.272461 0.173843 0.006836 0.016204
0 0.260498 0.332870 0.010742 0.023148
0 0.247803 0.438194 0.009766 0.024537
0 0.248779 0.542361 0.008301 0.018056
0 0.337769 0.097685 0.008057 0.015741
0 0.337524 0.128704 0.007568 0.019444
0 0.333862 0.213426 0.007080 0.021296
0 0.323120 0.425463 0.010498 0.029630
0 0.325195 0.496065 0.009766 0.018056
0 0.312744 0.603241 0.010742 0.023148
0 0.377563 0.579861 0.007080 0.021759
0 0.372681 0.642824 0.008545 0.018056
0 0.370117 0.520833 0.006836 0.024074
0 0.378662 0.461111 0.009277 0.019444
0 0.381836 0.240741 0.009277 0.022222
0 0.330078 0.294213 0.009277 0.020833
0 0.443237 0.306713 0.006592 0.018056
0 0.444214 0.352546 0.006592 0.016204
0 0.449097 0.393750 0.006104 0.015278
0 0.447510 0.443981 0.005859 0.020370
0 0.497559 0.419676 0.007324 0.018056
0 0.447266 0.546065 0.007324 0.020833
0 0.449829 0.601389 0.009033 0.021296
0 0.501953 0.576852 0.006836 0.015741
0 0.492554 0.280093 0.007080 0.022222
0 0.489624 0.211806 0.005615 0.013426
0 0.489380 0.122685 0.008057 0.023148
0 0.448730 0.225463 0.007324 0.018519
0 0.449951 0.184491 0.007812 0.018981
0 0.447754 0.143981 0.005371 0.013889
0 0.442017 0.106481 0.007568 0.015741
0 0.444580 0.061574 0.007324 0.017593
0 0.384399 0.162731 0.006592 0.016204
0 0.145020 0.319907 0.009766 0.023148
0 0.147827 0.243287 0.008545 0.016204
0 0.155396 0.192361 0.007568 0.017130
0 0.497803 0.474074 0.006348 0.018519
0 0.505493 0.688426 0.007080 0.019444
0 0.503052 0.740278 0.009521 0.015741
0 0.506836 0.875000 0.007324 0.013889
0 0.456543 0.845370 0.008789 0.016667
0 0.454834 0.782870 0.009277 0.017593
0 0.451782 0.657870 0.007080 0.020370
0 0.363037 0.756713 0.009277 0.016204
0 0.364868 0.870602 0.010010 0.018981
0 0.293579 0.922685 0.012939 0.019444
0 0.298462 0.846528 0.008057 0.021759
0 0.305908 0.714583 0.011230 0.021759
0 0.231934 0.690741 0.009766 0.020370
0 0.229492 0.760648 0.009277 0.019444
0 0.214600 0.829167 0.011230 0.020370
0 0.227295 0.894213 0.007812 0.018981
0 0.293091 0.988657 0.011475 0.019907
0 0.177002 0.674537 0.011230 0.017593
0 0.177368 0.745139 0.010498 0.019907
0 0.073853 0.752778 0.015869 0.019444
0 0.095093 0.694444 0.010986 0.017593
0 0.052246 0.550926 0.009277 0.013889
0 0.069458 0.438657 0.008545 0.011574
0 0.072144 0.822685 0.013428 0.017593
0 0.053833 0.959028 0.015869 0.018056
0 0.148560 0.930324 0.011475 0.015278
0 0.598999 0.856481 0.008545 0.017593
0 0.598999 0.928241 0.008545 0.019444
0 0.663208 0.958796 0.010498 0.020370
0 0.655029 0.820602 0.009277 0.019907
0 0.659912 0.883102 0.005859 0.016204
0 0.737671 0.860417 0.009521 0.021759
0 0.727417 0.786806 0.010010 0.024537
0 0.716553 0.670370 0.008789 0.020370
0 0.635498 0.634954 0.008789 0.018056
0 0.590332 0.729861 0.008789 0.020833
0 0.585083 0.610185 0.008545 0.017593
0 0.572998 0.510880 0.008789 0.017130
0 0.616333 0.480787 0.008057 0.019907
0 0.626587 0.430093 0.009521 0.020370
0 0.574097 0.457176 0.007568 0.016204
0 0.572266 0.409722 0.008301 0.017593
0 0.727661 0.729630 0.012451 0.016667
0 0.703735 0.559259 0.007080 0.021296
0 0.694336 0.399074 0.006836 0.025926
0 0.684570 0.373380 0.006348 0.017130
0 0.734619 0.391667 0.011719 0.024074
0 0.745972 0.480324 0.007080 0.018981
0 0.756226 0.530324 0.007080 0.021759
0 0.756470 0.574074 0.007568 0.024074
0 0.770874 0.683565 0.009521 0.020833
0 0.784180 0.758102 0.012695 0.018981
0 0.800537 0.879167 0.010254 0.019444
0 0.808350 0.942361 0.012207 0.020833
0 0.874512 0.865046 0.011230 0.019907
0 0.897217 0.931713 0.014648 0.023611
0 0.958008 0.961343 0.015625 0.020833
0 0.954224 0.895370 0.010010 0.015741
0 0.920654 0.759259 0.011719 0.022222
0 0.914795 0.700463 0.011719 0.020370
0 0.851440 0.675231 0.010010 0.021759
0 0.854858 0.747917 0.008057 0.017130
0 0.843994 0.625000 0.010742 0.017593
0 0.832764 0.563426 0.007812 0.024074
0 0.827515 0.516204 0.007568 0.020370
0 0.818970 0.466898 0.009033 0.018981
0 0.814941 0.423148 0.009766 0.016667
0 0.931396 0.441667 0.011230 0.014815
0 0.984009 0.719676 0.013916 0.018981
0 0.977295 0.658102 0.008789 0.022685
0 0.943604 0.495833 0.011230 0.018519
0 0.907593 0.340741 0.007080 0.017593
0 0.960327 0.364815 0.008057 0.023148
0 0.956909 0.322917 0.011963 0.017130
0 0.827148 0.253241 0.008789 0.020370
0 0.722412 0.297685 0.010254 0.018519
0 0.674072 0.288426 0.009277 0.024074
0 0.725342 0.346528 0.007324 0.016204
0 0.791138 0.278009 0.008545 0.017130
0 0.781982 0.201157 0.010254 0.018981
0 0.807251 0.141667 0.007080 0.020370
0 0.875977 0.182407 0.007324 0.014815
0 0.598633 0.239352 0.007812 0.022222
0 0.612183 0.341435 0.007568 0.018981
0 0.569092 0.359722 0.008301 0.015741
0 0.564453 0.317593 0.008301 0.020370
0 0.560425 0.195370 0.006104 0.013889
0 0.553345 0.122222 0.006592 0.015741
0 0.598389 0.142130 0.006348 0.020370
0 0.660156 0.090509 0.009277 0.021759
0 0.652588 0.058333 0.005859 0.019444
0 0.653809 0.021065 0.008301 0.016204
0 0.697266 0.101157 0.008789 0.019907
0 0.663208 0.167824 0.005127 0.015278
0 0.806274 0.370139 0.008545 0.021759
0 0.820068 0.173148 0.008789 0.021296
0 0.067749 0.101852 0.007080 0.014815
0 0.078003 0.349769 0.013916 0.018056
0 0.117310 0.095139 0.009521 0.018056
0 0.034302 0.669444 0.015869 0.021296
0 0.152588 0.865741 0.013184 0.020370
0 0.183594 0.614583 0.010254 0.023611
0 0.215942 0.313657 0.009033 0.015278
0 0.215088 0.224769 0.005371 0.017130
0 0.243408 0.585648 0.008789 0.015741
0 0.238159 0.642130 0.007080 0.017593
0 0.302979 0.780093 0.006348 0.018519
0 0.316284 0.547222 0.008057 0.016667
0 0.323608 0.352778 0.005615 0.016667
0 0.345093 0.014815 0.007080 0.021296
0 0.387329 0.010417 0.007080 0.018981
0 0.379028 0.327083 0.007568 0.018056
0 0.452148 0.970833 0.009277 0.015741
0 0.498901 0.519907 0.005615 0.015741
0 0.492676 0.378241 0.006836 0.016667
0 0.491333 0.062500 0.006592 0.018519
0 0.447266 0.009491 0.005859 0.014352
0 0.548828 0.018519 0.005371 0.015741
0 0.557129 0.231250 0.007812 0.014352
0 0.582153 0.568287 0.004150 0.017130
0 0.644409 0.763889 0.009033 0.016667
0 0.637085 0.690278 0.009033 0.019444
0 0.631104 0.533102 0.006836 0.016204
0 0.611572 0.296528 0.005371 0.014352
0 0.603760 0.209259 0.004395 0.012037
0 0.602661 0.102546 0.005127 0.018981
0 0.592529 0.070139 0.007324 0.017130
0 0.682129 0.316898 0.006836 0.020833
0 0.695679 0.463194 0.008057 0.020833
0 0.747803 0.928935 0.007324 0.018056
0 0.745483 0.993056 0.012451 0.013889
0 0.756714 0.024306 0.007568 0.016204
0 0.801147 0.329630 0.005615 0.013889
0 0.900513 0.639583 0.011475 0.016204
0 0.869873 0.487963 0.010742 0.019444
0 0.860352 0.423611 0.005371 0.020370
0 0.845581 0.345602 0.009521 0.015278
0 0.825073 0.218750 0.004639 0.017130
0 0.790405 0.039352 0.007080 0.018519
0 0.900635 0.085880 0.004883 0.019907
0 0.895264 0.056481 0.005371 0.017593
0 0.930664 0.234954 0.007324 0.016204
0 0.905518 0.295602 0.008789 0.012500
0 0.991821 0.184722 0.010010 0.019444
0 0.966919 0.072917 0.009033 0.020833
0 0.984375 0.151389 0.008789 0.019444
0 0.988770 0.456481 0.009766 0.022222
0 0.957031 0.586343 0.010254 0.020833
0 0.920776 0.405324 0.006104 0.018056
0 0.882446 0.540741 0.008545 0.018519