0 0.286499 0.100694 0.008545 0.020833
0 0.339966 0.220602 0.008057 0.019907
0 0.334595 0.300000 0.009521 0.022222
0 0.327271 0.433796 0.008545 0.025000
0 0.253418 0.448843 0.010254 0.018981
0 0.210938 0.411806 0.009277 0.015278
0 0.212646 0.370602 0.010254 0.016204
0 0.221924 0.276620 0.009766 0.013426
0 0.149048 0.326389 0.008545 0.019444
0 0.129761 0.434028 0.011475 0.018056
0 0.123901 0.476620 0.009521 0.016204
0 0.113037 0.518287 0.011719 0.021759
0 0.109131 0.593750 0.014648 0.017130
0 0.254517 0.551157 0.009033 0.019907
0 0.204834 0.464583 0.009766 0.022685
0 0.034180 0.301157 0.008789 0.017130
0 0.342163 0.106944 0.008545 0.015741
0 0.341187 0.135417 0.007568 0.020833
0 0.276001 0.222685 0.008057 0.018519
0 0.265259 0.337731 0.010498 0.021759
0 0.235474 0.124074 0.008545 0.018519
0 0.233643 0.155787 0.009766 0.021759
0 0.319946 0.612269 0.013428 0.023611
0 0.329956 0.505787 0.009521 0.022685
0 0.385132 0.590741 0.008545 0.024074
0 0.377197 0.530556 0.006836 0.023148
0 0.385132 0.469907 0.007568 0.017593
0 0.387329 0.247222 0.007080 0.019444
0 0.389771 0.167130 0.007080 0.013889
0 0.379150 0.654630 0.007812 0.018519
0 0.456299 0.610417 0.008789 0.018056
0 0.452393 0.555093 0.006836 0.018519
0 0.454712 0.452315 0.006592 0.020370
0 0.454102 0.402083 0.006836 0.018056
0 0.450684 0.361574 0.007324 0.016667
0 0.449585 0.315046 0.007568 0.019907
0 0.454224 0.230093 0.006592 0.016667
0 0.455078 0.191204 0.007812 0.020370
0 0.453003 0.148148 0.006104 0.017593
0 0.447021 0.111343 0.007324 0.015278
0 0.449219 0.067593 0.007324 0.020370
0 0.494995 0.128009 0.007568 0.021759
0 0.495972 0.220833 0.007568 0.015741
0 0.498169 0.288426 0.007080 0.022222
0 0.504395 0.427778 0.008789 0.021296
0 0.509033 0.588657 0.008789 0.020833
0 0.459351 0.670602 0.008545 0.018056
0 0.513428 0.700463 0.005859 0.021296
0 0.511597 0.756019 0.009521 0.019444
0 0.462280 0.796991 0.010010 0.017130
0 0.369873 0.769213 0.009766 0.016204
0 0.371216 0.883333 0.010010 0.020370
0 0.312744 0.726389 0.010742 0.021296
0 0.236206 0.770602 0.009521 0.021759
0 0.238159 0.703704 0.009521 0.017593
0 0.183960 0.687269 0.011475 0.018056
0 0.099243 0.705556 0.011475 0.019444
0 0.080322 0.767130 0.016113 0.021296
0 0.077637 0.834259 0.013184 0.019444
0 0.220947 0.842593 0.012695 0.018519
0 0.233276 0.908333 0.009033 0.019444
0 0.299683 0.935880 0.012939 0.019907
0 0.463989 0.859722 0.007568 0.021296
0 0.061157 0.973843 0.014404 0.018981
0 0.581421 0.467361 0.007568 0.018056
0 0.580078 0.522917 0.007812 0.017130
0 0.593140 0.621759 0.007568 0.020370
0 0.598755 0.742824 0.009521 0.019907
0 0.607422 0.871296 0.007324 0.017593
0 0.608398 0.945139 0.009766 0.019907
0 0.643311 0.645602 0.009766 0.018056
0 0.634399 0.439583 0.010010 0.020833
0 0.618530 0.350231 0.006592 0.017130
0 0.604736 0.247685 0.008301 0.019444
0 0.306274 0.859954 0.011963 0.018981
0 0.311890 0.794213 0.011475 0.019907
0 0.514282 0.890046 0.007568 0.017130
0 0.558838 0.128009 0.006836 0.016204
0 0.566528 0.201620 0.006104 0.021759
0 0.725952 0.683102 0.008545 0.022685
0 0.663330 0.835185 0.009277 0.017593
0 0.668091 0.896296 0.009521 0.016667
0 0.672607 0.974074 0.009766 0.019444
0 0.747192 0.875231 0.010010 0.019907
0 0.737305 0.799306 0.009277 0.021759
0 0.736694 0.741667 0.011963 0.021296
0 0.713013 0.571296 0.008545 0.020370
0 0.763916 0.543056 0.009277 0.022222
0 0.754639 0.490046 0.008301 0.018056
0 0.742798 0.402546 0.012939 0.022685
0 0.703003 0.408565 0.010010 0.023611
0 0.691772 0.382176 0.008545 0.016204
0 0.625122 0.490046 0.009033 0.020833
0 0.638428 0.544907 0.005859 0.018519
0 0.818970 0.958565 0.012939 0.019907
0 0.810303 0.891667 0.011719 0.021296
0 0.793945 0.770602 0.012695 0.019907
0 0.778564 0.693519 0.009766 0.023148
0 0.763916 0.583102 0.008301 0.017130
0 0.827026 0.476852 0.009033 0.017593
0 0.822876 0.432870 0.009521 0.015741
0 0.813843 0.377315 0.008057 0.017593
0 0.868652 0.435185 0.005371 0.024074
0 0.835205 0.526389 0.009766 0.020370
0 0.841431 0.574537 0.008545 0.020370
0 0.852905 0.636343 0.009033 0.018981
0 0.859985 0.686574 0.010010 0.021296
0 0.864502 0.760648 0.008789 0.015741
0 0.884521 0.878472 0.011230 0.018981
0 0.908691 0.949306 0.013672 0.019907
0 0.968628 0.977083 0.015381 0.023611
0 0.964478 0.911343 0.010986 0.018981
0 0.930298 0.771991 0.012451 0.022685
0 0.925537 0.713194 0.010742 0.019907
0 0.993408 0.732870 0.013184 0.016667
0 0.987549 0.669676 0.009766 0.020833
0 0.966919 0.598380 0.011963 0.019907
0 0.952881 0.506250 0.012207 0.018981
0 0.941406 0.453935 0.012695 0.018056
0 0.968750 0.373148 0.009766 0.020370
0 0.835571 0.261574 0.009033 0.021296
0 0.798584 0.287500 0.008789 0.018519
0 0.730591 0.306250 0.008545 0.018981
0 0.733765 0.355324 0.008545 0.015278
0 0.682007 0.295833 0.008545 0.020370
0 0.659546 0.064815 0.007568 0.019444
0 0.704102 0.108333 0.007324 0.023148
0 0.763306 0.030093 0.007568 0.013889
0 0.883057 0.190509 0.007812 0.017130
0 0.915894 0.348148 0.008545 0.015741
0 0.937744 0.244676 0.007812 0.019907
0 0.908203 0.091204 0.008301 0.024074
0 0.666138 0.096296 0.006592 0.020370
0 0.604858 0.148380 0.006104 0.015278
0 0.789307 0.208333 0.010254 0.020370
0 0.814575 0.146759 0.009033 0.018519
0 0.827637 0.176852 0.007324 0.020370
0 0.966064 0.332639 0.011230 0.018056
0 0.578613 0.418519 0.009277 0.021296
0 0.576050 0.369444 0.008057 0.018519
0 0.571167 0.325000 0.007080 0.018519
0 0.071655 0.104861 0.008057 0.015278
0 0.081787 0.011111 0.006836 0.013889
0 0.073975 0.448611 0.011230 0.017593
0 0.151855 0.247917 0.009277 0.018981
0 0.158936 0.196759 0.008789 0.017593
0 0.164429 0.159954 0.006104 0.016204
0 0.102417 0.645602 0.009521 0.017130
0 0.056396 0.560417 0.008301 0.015278
0 0.154541 0.941667 0.011230 0.018519
0 0.182861 0.755787 0.010254 0.015278
0 0.281982 0.134259 0.007324 0.016667
0 0.277100 0.178704 0.004883 0.015741
0 0.321167 0.558796 0.008057 0.020370
0 0.328857 0.358333 0.004883 0.013889
0 0.350098 0.021296 0.008789 0.023148
0 0.391724 0.014815 0.008057 0.020370
0 0.372314 0.819676 0.008301 0.019907
0 0.509033 0.637500 0.007324 0.016667
0 0.503906 0.528472 0.008301 0.019907
0 0.503784 0.481019 0.008057 0.018519
0 0.645142 0.697454 0.008545 0.019907
0 0.652832 0.777315 0.009766 0.020370
0 0.757568 0.944907 0.007812 0.016667
0 0.689575 0.324537 0.007080 0.018519
0 0.668823 0.174074 0.006592 0.017593
0 0.707642 0.151157 0.009521 0.017130
0 0.609741 0.219907 0.007080 0.021296
0 0.660278 0.027315 0.008057 0.019444
0 0.689941 0.041667 0.006348 0.018519
0 0.878418 0.496759 0.010254 0.017593
0 0.854248 0.354861 0.008789 0.017130
0 0.832642 0.225463 0.005615 0.019444
0 0.797119 0.041898 0.007324 0.017130
0 0.992920 0.159259 0.011719 0.021296
0 0.975708 0.080556 0.009521 0.022222
0 0.913696 0.303472 0.010010 0.013426
0 0.995361 0.462500 0.008301 0.017593
0 0.250000 0.596528 0.010742 0.019907
0 0.287720 0.034954 0.007568 0.017130
0 0.459839 0.986574 0.010010 0.019444
0 0.371704 0.694213 0.009033 0.020833
0 0.618774 0.305324 0.007080 0.018056
0 0.451904 0.012269 0.008301 0.014352
0 0.929321 0.412963 0.005615 0.014815
0 0.014282 0.395602 0.006592 0.014352
0 0.242920 0.652083 0.010254 0.018056
0 0.187622 0.625926 0.011963 0.023148
0 0.781250 0.643287 0.012207 0.018981
0 0.336060 0.390509 0.007080 0.016204
0 0.384644 0.332870 0.007568 0.018519
0 0.496460 0.067824 0.006592 0.018981
0 0.703003 0.471065 0.009521 0.021759
0 0.499756 0.387269 0.008301 0.017130
0 0.004150 0.939583 0.007812 0.020833
0 0.082397 0.354167 0.011475 0.012963
0 0.097168 0.308565 0.007812 0.015278
0 0.885986 0.160185 0.008789 0.019444
0 0.160522 0.877546 0.011963 0.018981
0 0.674072 0.246759 0.009766 0.016667
0 0.910156 0.649074 0.010742 0.020370
0 0.452515 0.733565 0.008057 0.016204
0 0.589600 0.578472 0.005371 0.018056
0 0.598755 0.075694 0.007080 0.016204
0 0.221436 0.318519 0.008301 0.016667
0 0.700928 0.068287 0.004883 0.021759
0 0.038086 0.680093 0.013184 0.021296
0 0.121826 0.102315 0.008301 0.018519
0 0.513916 0.817824 0.004883 0.017130
0 0.233765 0.196528 0.006104 0.016204
0 0.006348 0.447917 0.010742 0.014352
0 0.562622 0.164120 0.006104 0.008796