0 0.288696 0.116435 0.008545 0.020833
0 0.342651 0.241435 0.008057 0.019907
0 0.338501 0.322685 0.009521 0.022222
0 0.331421 0.458333 0.008545 0.025000
0 0.255371 0.471065 0.010254 0.018981
0 0.213135 0.434491 0.009277 0.015278
0 0.215332 0.395139 0.010254 0.016204
0 0.223877 0.298380 0.009766 0.013426
0 0.150269 0.348148 0.008545 0.019444
0 0.131470 0.457176 0.011475 0.018056
0 0.124634 0.498380 0.009521 0.016204
0 0.114746 0.544213 0.011719 0.021759
0 0.110840 0.621065 0.014648 0.017130
0 0.256226 0.575694 0.009033 0.019907
0 0.207031 0.488657 0.009766 0.022685
0 0.035156 0.321528 0.008789 0.017130
0 0.345337 0.123611 0.008545 0.015741
0 0.344360 0.152546 0.007568 0.020833
0 0.278198 0.241667 0.008057 0.018519
0 0.267212 0.358102 0.010498 0.021759
0 0.236694 0.140278 0.008545 0.018519
0 0.235352 0.172454 0.009766 0.021759
0 0.322388 0.639120 0.013428 0.023611
0 0.332642 0.530324 0.009521 0.022685
0 0.388550 0.618056 0.008545 0.024074
0 0.380371 0.556481 0.006836 0.023148
0 0.388550 0.492593 0.007568 0.017593
0 0.391235 0.266204 0.007080 0.019444
0 0.392944 0.186111 0.007080 0.013889
0 0.383057 0.683333 0.007812 0.018519
0 0.461182 0.634954 0.008789 0.018056
0 0.458252 0.583796 0.006836 0.018519
0 0.457886 0.475463 0.006592 0.020370
0 0.458984 0.425694 0.006836 0.018056
0 0.454590 0.383333 0.007324 0.016667
0 0.453735 0.335417 0.007568 0.019907
0 0.458984 0.251157 0.008301 0.019907
0 0.458984 0.208333 0.007812 0.020370
0 0.457153 0.165741 0.006104 0.017593
0 0.451660 0.128935 0.007324 0.015278
0 0.452881 0.083333 0.007324 0.020370
0 0.499390 0.146528 0.007568 0.021759
0 0.499878 0.238426 0.007568 0.015741
0 0.502319 0.307870 0.007080 0.022222
0 0.509033 0.450000 0.008789 0.021296
0 0.514404 0.616898 0.008789 0.020833
0 0.463501 0.696991 0.008545 0.018056
0 0.519043 0.731481 0.005859 0.021296
0 0.516724 0.787037 0.009521 0.019444
0 0.466675 0.825694 0.010010 0.017130
0 0.373535 0.801620 0.009766 0.016204
0 0.375610 0.920370 0.010010 0.020370
0 0.315918 0.758796 0.010742 0.021296
0 0.238403 0.806250 0.009521 0.021759
0 0.239868 0.734722 0.009521 0.017593
0 0.184937 0.712731 0.011475 0.018056
0 0.100708 0.735648 0.011475 0.019444
0 0.080566 0.794444 0.016113 0.021296
0 0.079102 0.870370 0.013184 0.019444
0 0.222412 0.877778 0.012695 0.018519
0 0.235474 0.944444 0.009033 0.019444
0 0.303589 0.974769 0.012939 0.019907
0 0.468506 0.893981 0.008301 0.018519
0 0.586792 0.491435 0.007568 0.018056
0 0.585938 0.546991 0.007812 0.017130
0 0.599487 0.648148 0.007568 0.020370
0 0.605103 0.774306 0.009521 0.019907
0 0.614014 0.905556 0.007324 0.017593
0 0.614746 0.981250 0.009766 0.019907
0 0.650635 0.675231 0.009766 0.018056
0 0.640259 0.463657 0.010010 0.020833
0 0.623901 0.371528 0.006592 0.017130
0 0.610596 0.266667 0.008301 0.019444
0 0.309204 0.894213 0.011963 0.018981
0 0.314575 0.827083 0.011475 0.019907
0 0.520386 0.925231 0.007568 0.017130
0 0.563477 0.146991 0.006836 0.016204
0 0.571167 0.217361 0.006104 0.021759
0 0.733887 0.714352 0.010254 0.022222
0 0.670410 0.868981 0.009277 0.017593
0 0.675903 0.934259 0.009521 0.016667
0 0.755737 0.910880 0.010010 0.019907
0 0.745361 0.833333 0.010254 0.023148
0 0.744019 0.769444 0.011963 0.021296
0 0.719360 0.596296 0.008545 0.020370
0 0.771240 0.569444 0.009277 0.022222
0 0.761230 0.513657 0.008301 0.018056
0 0.750122 0.425694 0.012939 0.022685
0 0.710083 0.432176 0.010010 0.023611
0 0.697876 0.405787 0.008545 0.016204
0 0.630005 0.512731 0.009033 0.020833
0 0.645264 0.570833 0.005859 0.018519
0 0.827759 0.991204 0.011963 0.017593
0 0.819824 0.928704 0.011719 0.021296
0 0.802490 0.803472 0.012695 0.019907
0 0.787598 0.725000 0.009766 0.023148
0 0.771240 0.611806 0.008301 0.017130
0 0.834839 0.500000 0.009033 0.017593
0 0.829956 0.456019 0.009521 0.015741
0 0.821411 0.400926 0.008057 0.017593
0 0.876953 0.459028 0.006836 0.023611
0 0.843506 0.552778 0.009766 0.020370
0 0.850464 0.602778 0.008545 0.020370
0 0.862183 0.665509 0.009033 0.018981
0 0.869507 0.719444 0.010010 0.021296
0 0.874023 0.792593 0.008789 0.015741
0 0.894287 0.915509 0.011230 0.018981
0 0.919189 0.985417 0.013672 0.019907
0 0.976685 0.946065 0.010986 0.018981
0 0.939331 0.804398 0.012451 0.022685
0 0.934814 0.743750 0.010742 0.019907
0 0.995117 0.700231 0.009766 0.020833
0 0.976685 0.623843 0.011963 0.019907
0 0.961914 0.532639 0.012207 0.018981
0 0.950928 0.478935 0.012695 0.018056
0 0.978760 0.398611 0.009766 0.020370
0 0.841675 0.282407 0.009033 0.021296
0 0.805176 0.306944 0.008789 0.018519
0 0.736206 0.327083 0.008545 0.018981
0 0.740112 0.378935 0.008545 0.015278
0 0.687378 0.316667 0.008545 0.020370
0 0.663696 0.080556 0.007568 0.019444
0 0.709229 0.127315 0.007324 0.023148
0 0.768188 0.046296 0.007568 0.013889
0 0.890625 0.210880 0.007812 0.017130
0 0.924194 0.372685 0.008545 0.015741
0 0.946045 0.264120 0.007812 0.019907
0 0.916016 0.107870 0.008301 0.024074
0 0.670532 0.111574 0.006592 0.020370
0 0.609253 0.165972 0.006104 0.015278
0 0.795898 0.225926 0.010254 0.020370
0 0.820923 0.168056 0.009033 0.018519
0 0.834961 0.195833 0.007324 0.020370
0 0.974121 0.353935 0.011230 0.018056
0 0.584717 0.442130 0.009277 0.021296
0 0.580444 0.390741 0.008057 0.018519
0 0.576294 0.345370 0.007080 0.018519
0 0.072876 0.120602 0.008057 0.015278
0 0.083008 0.027778 0.006836 0.013889
0 0.074707 0.471296 0.011230 0.017593
0 0.154053 0.268287 0.009277 0.018981
0 0.160645 0.214815 0.008789 0.017593
0 0.165649 0.178009 0.006104 0.016204
0 0.103394 0.673380 0.009521 0.017130
0 0.056396 0.588194 0.008301 0.015278
0 0.156250 0.980556 0.011230 0.018519
0 0.184570 0.790509 0.010254 0.015278
0 0.284912 0.152315 0.007324 0.016667
0 0.279541 0.198148 0.004883 0.015741
0 0.325073 0.585185 0.008057 0.020370
0 0.333252 0.384491 0.006348 0.017130
0 0.353271 0.038426 0.008789 0.023148
0 0.395142 0.031019 0.008057 0.020370
0 0.377197 0.853472 0.008301 0.019907
0 0.512939 0.660185 0.007324 0.016667
0 0.509399 0.555787 0.008057 0.017130
0 0.508911 0.504630 0.008057 0.018519
0 0.651489 0.729398 0.008545 0.019907
0 0.659424 0.806481 0.009766 0.020370
0 0.766846 0.981019 0.007812 0.016667
0 0.694702 0.343519 0.007080 0.018519
0 0.674927 0.189815 0.006592 0.017593
0 0.713013 0.168750 0.009521 0.017130
0 0.615112 0.237500 0.007080 0.021296
0 0.665161 0.040278 0.008057 0.019444
0 0.694336 0.054167 0.006348 0.018519
0 0.887451 0.523148 0.010254 0.017593
0 0.862061 0.376157 0.008789 0.017130
0 0.840210 0.243056 0.005615 0.019444
0 0.802246 0.054398 0.007324 0.017130
0 0.983765 0.098611 0.009521 0.022222
0 0.922485 0.325231 0.010010 0.013426
0 0.251709 0.624306 0.010742 0.019907
0 0.289673 0.050231 0.007568 0.017130
0 0.376099 0.725694 0.009033 0.020833
0 0.624390 0.326157 0.007080 0.018056
0 0.456055 0.027546 0.008301 0.014352
0 0.938354 0.437963 0.005615 0.014815
0 0.015015 0.419676 0.006592 0.014352
0 0.244873 0.678472 0.010254 0.018056
0 0.189819 0.653704 0.011963 0.023148
0 0.789062 0.672454 0.012207 0.018981
0 0.340210 0.420139 0.007080 0.016204
0 0.388794 0.355556 0.007568 0.018519
0 0.500610 0.084954 0.006592 0.018981
0 0.710083 0.494213 0.009521 0.021759
0 0.504150 0.408102 0.008301 0.017130
0 0.004395 0.974537 0.008301 0.023148
0 0.083374 0.377315 0.011475 0.012963
0 0.098145 0.328009 0.007812 0.015278
0 0.893066 0.179167 0.008789 0.019444
0 0.162964 0.915509 0.011963 0.018981
0 0.680420 0.266204 0.009766 0.016667
0 0.919434 0.675000 0.010742 0.020370
0 0.457642 0.764120 0.008057 0.016204
0 0.594727 0.602083 0.005371 0.018056
0 0.602905 0.091898 0.007080 0.016204
0 0.223389 0.340741 0.008301 0.016667
0 0.706299 0.084491 0.004883 0.021759
0 0.039551 0.709722 0.015137 0.021296
0 0.122559 0.112963 0.008301 0.018519
0 0.519287 0.852083 0.004883 0.017130
0 0.235229 0.215972 0.006104 0.016204
0 0.006348 0.471991 0.010742 0.014352
0 0.568848 0.183796 0.008789 0.012037
0 0.698730 0.021759 0.007324 0.019444
0 0.961304 0.030324 0.006592 0.016204
0 0.569092 0.113426 0.003906 0.013889
0 0.568604 0.257870 0.006836 0.012963