0 0.041260 0.235648 0.009766 0.013889
0 0.050049 0.181250 0.009766 0.018056
0 0.162354 0.169444 0.011230 0.018519
0 0.137817 0.074074 0.008545 0.018519
0 0.026367 0.349769 0.009766 0.017130
0 0.137695 0.049769 0.009277 0.018981
0 0.082275 0.348380 0.012695 0.017130
0 0.185791 0.009722 0.008789 0.018519
0 0.190430 0.084722 0.006348 0.013889
0 0.155884 0.245602 0.007568 0.019907
0 0.143799 0.284028 0.006836 0.019907
0 0.125366 0.420139 0.008057 0.016204
0 0.244873 0.008333 0.008301 0.015741
0 0.238281 0.078704 0.008301 0.013889
0 0.223145 0.149074 0.008789 0.014815
0 0.218140 0.267361 0.008545 0.024537
0 0.206665 0.373148 0.008545 0.016667
0 0.203491 0.411111 0.010498 0.018519
0 0.254883 0.443981 0.009766 0.017593
0 0.259155 0.384491 0.009033 0.018056
0 0.263794 0.343519 0.008545 0.020370
0 0.266602 0.259259 0.008301 0.019444
0 0.278076 0.177315 0.008301 0.016667
0 0.274292 0.128241 0.009521 0.020370
0 0.282104 0.071296 0.009521 0.016667
0 0.288086 0.040741 0.008301 0.018519
0 0.340454 0.142361 0.008057 0.014352
0 0.334229 0.247222 0.007812 0.020370
0 0.327026 0.351852 0.009033 0.016667
0 0.325195 0.387037 0.009277 0.020370
0 0.379028 0.427083 0.007080 0.016204
0 0.382202 0.240509 0.008545 0.020833
0 0.380981 0.194444 0.004639 0.017593
0 0.384766 0.128241 0.006836 0.017593
0 0.388916 0.045833 0.008301 0.022222
0 0.453247 0.047454 0.007080 0.022685
0 0.450562 0.084954 0.007080 0.018056
0 0.448730 0.232870 0.007324 0.015741
0 0.445190 0.302546 0.006592 0.022685
0 0.443726 0.357639 0.008545 0.016204
0 0.449097 0.402083 0.006104 0.020833
0 0.451904 0.455324 0.007324 0.019907
0 0.047363 0.612500 0.011719 0.014815
0 0.066040 0.488889 0.011475 0.016667
0 0.105591 0.633333 0.011475 0.019444
0 0.110840 0.531250 0.010254 0.018056
0 0.120972 0.468519 0.011475 0.018519
0 0.030396 0.668981 0.014893 0.015741
0 0.081177 0.767361 0.012939 0.018056
0 0.072632 0.821759 0.012451 0.016667
0 0.166992 0.804861 0.013184 0.017130
0 0.177979 0.689352 0.011719 0.017593
0 0.174316 0.740278 0.011719 0.014815
0 0.188843 0.568981 0.011475 0.015741
0 0.187012 0.620833 0.007812 0.016667
0 0.189575 0.507176 0.011475 0.013426
0 0.203613 0.466435 0.009277 0.017130
0 0.251221 0.493287 0.010254 0.017130
0 0.246826 0.539583 0.005859 0.017130
0 0.236206 0.648148 0.013428 0.018519
0 0.221069 0.783796 0.013428 0.019444
0 0.307983 0.858102 0.009033 0.021759
0 0.306274 0.768519 0.010498 0.024074
0 0.316528 0.719676 0.008545 0.018981
0 0.309692 0.669907 0.008057 0.017593
0 0.314941 0.599306 0.010254 0.020833
0 0.322144 0.495370 0.009033 0.017593
0 0.375732 0.527546 0.008789 0.019907
0 0.370972 0.640046 0.010010 0.019907
0 0.370361 0.813194 0.010254 0.018056
0 0.449341 0.787963 0.008545 0.019444
0 0.450073 0.721759 0.006592 0.016667
0 0.446167 0.667593 0.008545 0.019444
0 0.444702 0.609954 0.007568 0.019907
0 0.451050 0.504398 0.007080 0.018981
0 0.505493 0.754861 0.010010 0.019907
0 0.505127 0.821065 0.008789 0.018056
0 0.500000 0.575463 0.008301 0.018519
0 0.500854 0.701620 0.009521 0.018056
0 0.496826 0.486343 0.008301 0.014352
0 0.496460 0.376852 0.007568 0.021296
0 0.592529 0.871296 0.008789 0.017593
0 0.593384 0.802546 0.009033 0.020833
0 0.590210 0.741435 0.009033 0.018981
0 0.586426 0.676157 0.007812 0.018056
0 0.582031 0.620370 0.008789 0.018519
0 0.573364 0.516435 0.009521 0.019907
0 0.575073 0.464815 0.006592 0.016667
0 0.571899 0.422685 0.006592 0.017593
0 0.567383 0.375000 0.006836 0.016667
0 0.618164 0.398611 0.006836 0.017593
0 0.620483 0.449074 0.006592 0.016667
0 0.624146 0.482870 0.005615 0.014815
0 0.619019 0.525926 0.008057 0.018519
0 0.634521 0.651157 0.008301 0.018056
0 0.653320 0.766667 0.011719 0.022222
0 0.642334 0.833333 0.009277 0.017593
0 0.731567 0.808102 0.010010 0.019907
0 0.731323 0.731481 0.010986 0.022222
0 0.717285 0.693056 0.008789 0.015741
0 0.714478 0.621528 0.008545 0.019907
0 0.704956 0.582407 0.010498 0.019444
0 0.697632 0.521296 0.009033 0.015741
0 0.690430 0.428241 0.006348 0.016667
0 0.732788 0.400694 0.009521 0.018056
0 0.759644 0.597917 0.009521 0.018056
0 0.764038 0.659028 0.010498 0.018056
0 0.775269 0.717361 0.012451 0.028241
0 0.780396 0.764120 0.006592 0.015278
0 0.791260 0.829861 0.007812 0.017130
0 0.824951 0.469907 0.011719 0.019444
0 0.872070 0.813889 0.010742 0.016667
0 0.931641 0.844907 0.014648 0.018519
0 0.865967 0.757176 0.013184 0.018056
0 0.854370 0.686806 0.011475 0.018056
0 0.836182 0.572685 0.010254 0.018519
0 0.851562 0.397454 0.008301 0.018056
0 0.866821 0.434954 0.008545 0.018981
0 0.876587 0.537037 0.011963 0.022222
0 0.899902 0.656713 0.012695 0.018056
0 0.917725 0.761343 0.009766 0.018981
0 0.874023 0.494676 0.007812 0.017130
0 0.928345 0.448843 0.009521 0.017130
0 0.952637 0.546065 0.007812 0.013426
0 0.963745 0.597454 0.009033 0.020833
0 0.969604 0.648843 0.010010 0.018056
0 0.905029 0.135648 0.008301 0.017593
0 0.843750 0.021528 0.006348 0.019907
0 0.855591 0.055556 0.007568 0.019444
0 0.859741 0.081019 0.006104 0.011111
0 0.876831 0.157407 0.006104 0.013889
0 0.808472 0.153472 0.007568 0.018056
0 0.899658 0.272917 0.010254 0.015278
0 0.953125 0.324769 0.011230 0.019907
0 0.930420 0.213194 0.007812 0.015278
0 0.910767 0.352778 0.007080 0.013889
0 0.830811 0.267130 0.008301 0.018519
0 0.836060 0.304398 0.008057 0.019907
0 0.804810 0.332639 0.009033 0.015278
0 0.728271 0.348380 0.008789 0.017130
0 0.724731 0.294444 0.007568 0.020370
0 0.711914 0.261111 0.007324 0.016667
0 0.714111 0.220370 0.006836 0.018519
0 0.701050 0.112500 0.005615 0.019444
0 0.691406 0.044907 0.006348 0.018519
0 0.659180 0.108102 0.006836 0.013426
0 0.678345 0.246759 0.007080 0.019444
0 0.676514 0.293981 0.005859 0.018519
0 0.685181 0.330787 0.007568 0.019907
0 0.622559 0.346759 0.005371 0.014815
0 0.611816 0.306713 0.005371 0.016204
0 0.607910 0.256250 0.004395 0.015278
0 0.561890 0.243750 0.007080 0.015278
0 0.560425 0.199769 0.004150 0.015278
0 0.566162 0.132176 0.005859 0.018981
0 0.593872 0.139583 0.007568 0.015278
0 0.598511 0.101620 0.007568 0.017130
0 0.770874 0.138194 0.007568 0.018056
0 0.776978 0.171991 0.007080 0.018056
0 0.792603 0.249537 0.008545 0.015741
0 0.759399 0.020139 0.007080 0.019907
0 0.662354 0.057639 0.007812 0.019907
0 0.664673 0.139352 0.006104 0.018519
0 0.601562 0.213194 0.006348 0.019907
0 0.597412 0.066435 0.006836 0.017130
0 0.560181 0.085185 0.006592 0.015741
0 0.561279 0.053241 0.005859 0.016667
0 0.558594 0.021296 0.005371 0.020370
0 0.564941 0.167361 0.007324 0.017130
0 0.766602 0.100463 0.006348 0.016667
0 0.796631 0.087037 0.006348 0.015741
0 0.975708 0.084491 0.010010 0.018056
0 0.492310 0.183565 0.006592 0.013426
0 0.491089 0.031019 0.006104 0.018519
0 0.497803 0.296528 0.006348 0.015278
0 0.573486 0.330324 0.006836 0.012500
0 0.375977 0.373148 0.009277 0.016667
0 0.491821 0.129861 0.005615 0.020833
0 0.714966 0.183565 0.006592 0.018981
0 0.690063 0.015509 0.003662 0.019907
0 0.844849 0.341204 0.008545 0.018519
0 0.848267 0.636111 0.008057 0.015741
0 0.744385 0.496065 0.007324 0.016204
0 0.323364 0.440509 0.009033 0.018056
0 0.053589 0.554861 0.008057 0.020833
0 0.338379 0.176852 0.006836 0.016667
0 0.442627 0.269676 0.006836 0.017130
0 0.449585 0.011111 0.007568 0.019444
0 0.388672 0.168981 0.005371 0.016667
0 0.451416 0.125463 0.005371 0.014815
0 0.593750 0.183565 0.007324 0.015278
0 0.883545 0.196528 0.007812 0.014352
0 0.158447 0.875231 0.010254 0.014352
0 0.883057 0.877315 0.009277 0.020370
0 0.058594 0.880093 0.015137 0.020370
0 0.800293 0.899074 0.012207 0.020370
0 0.359375 0.898380 0.007324 0.021759
0 0.220947 0.914352 0.010742 0.020370
0 0.658447 0.900231 0.008789 0.018056
0 0.507690 0.885417 0.006592 0.023611
0 0.446777 0.921065 0.009766 0.018056
0 0.946289 0.911806 0.014160 0.018981
0 0.987793 0.728241 0.009766 0.015741
0 0.297241 0.927315 0.010986 0.020370
0 0.891968 0.941898 0.012451 0.021759
0 0.743774 0.937269 0.010010 0.019907
0 0.017090 0.787269 0.010254 0.017130
0 0.603638 0.944444 0.008057 0.017593
0 0.802734 0.954861 0.012695 0.021759
0 0.991455 0.515046 0.010742 0.018056
0 0.510742 0.960648 0.010254 0.019444
0 0.369507 0.969444 0.010986 0.023148
0 0.662476 0.968056 0.008057 0.017593
0 0.052368 0.976620 0.018799 0.019907
0 0.215820 0.972917 0.008301 0.018056
0 0.663940 0.168519 0.005615 0.015741
0 0.011597 0.400463 0.012451 0.012963
0 0.293945 0.994676 0.013184 0.010648
0 0.450806 0.992593 0.010498 0.014815
0 0.996948 0.782176 0.006104 0.018056