0 0.068726 0.103472 0.008545 0.021759
0 0.021729 0.196759 0.026855 0.035185
0 0.336792 0.018750 0.019775 0.036574
0 0.291992 0.100231 0.020020 0.042130
0 0.248169 0.179861 0.021729 0.047685
0 0.354858 0.250463 0.019287 0.037963
0 0.193604 0.295602 0.024414 0.031944
0 0.320312 0.357870 0.019531 0.033333
0 0.151367 0.387269 0.026855 0.037500
0 0.452148 0.096991 0.015137 0.030093
0 0.409912 0.160417 0.022461 0.055093
0 0.104980 0.454167 0.023438 0.033333
0 0.266479 0.449769 0.018311 0.031944
0 0.409180 0.566204 0.020996 0.038889
0 0.454468 0.485185 0.019775 0.038889
0 0.220215 0.579861 0.019531 0.036574
0 0.062500 0.544907 0.024414 0.038889
0 0.009766 0.652083 0.019043 0.038426
0 0.363037 0.673611 0.018555 0.032407
0 0.325439 0.775000 0.018555 0.042593
0 0.126221 0.732639 0.025391 0.033796
0 0.077515 0.834259 0.025635 0.038889
0 0.282471 0.854398 0.016602 0.039352
0 0.383301 0.959259 0.020996 0.041667
0 0.427490 0.847222 0.013672 0.029630
0 0.237549 0.967130 0.018066 0.040741
0 0.608887 0.984259 0.021973 0.031481
0 0.771118 0.971296 0.019287 0.044444
0 0.810425 0.843750 0.016357 0.032870
0 0.652588 0.846759 0.025391 0.042593
0 0.475952 0.767593 0.018799 0.035185
0 0.534058 0.669676 0.017334 0.035648
0 0.695068 0.761806 0.009766 0.019907
0 0.743408 0.671296 0.010254 0.023148
0 0.776855 0.575694 0.022461 0.040278
0 0.568115 0.577778 0.017578 0.032407
0 0.613403 0.490509 0.017334 0.033796
0 0.646484 0.366667 0.020508 0.036111
0 0.497192 0.374074 0.015869 0.031481
0 0.695923 0.278472 0.019287 0.036574
0 0.538696 0.272222 0.021240 0.037037
0 0.593384 0.201157 0.021240 0.047685
0 0.730957 0.184491 0.018555 0.038426
0 0.613525 0.103241 0.019043 0.037037
0 0.499634 0.018519 0.022217 0.036111
0 0.678833 0.016204 0.016846 0.031481
0 0.773682 0.106019 0.020508 0.037963
0 0.818481 0.014815 0.024658 0.028704
0 0.990601 0.100463 0.018799 0.044444
0 0.936279 0.205324 0.025879 0.034722
0 0.912964 0.300463 0.010986 0.024074
0 0.855103 0.395370 0.017334 0.035185
0 0.980957 0.478009 0.026855 0.035648
0 0.945312 0.528935 0.028809 0.035648
0 0.950195 0.617593 0.020996 0.028704
0 0.896851 0.673611 0.024170 0.029630
0 0.843750 0.737963 0.019531 0.034259
0 0.988159 0.924306 0.023682 0.047685