0 0.029175 0.096065 0.020264 0.048611
0 0.026245 0.237963 0.011475 0.034259
0 0.211182 0.015046 0.018066 0.029167
0 0.204102 0.124769 0.004883 0.018981
0 0.197144 0.241898 0.024170 0.038426
0 0.340576 0.096528 0.013672 0.037500
0 0.320190 0.214120 0.014893 0.033796
0 0.299561 0.303935 0.020508 0.045833
0 0.178467 0.363426 0.020508 0.032407
0 0.274292 0.440972 0.020264 0.032870
0 0.157959 0.478472 0.020020 0.036574
0 0.271973 0.572685 0.019531 0.037963
0 0.140137 0.635185 0.028320 0.028704
0 0.248169 0.700463 0.017822 0.031481
0 0.126953 0.754167 0.026367 0.036111
0 0.241211 0.860417 0.023438 0.044907
0 0.102661 0.862269 0.015869 0.030093
0 0.086914 0.984722 0.029297 0.030556
0 0.386597 0.930093 0.015381 0.034259
0 0.393921 0.805556 0.014404 0.025000
0 0.496582 0.898843 0.014648 0.032870
0 0.517212 0.784722 0.019775 0.038889
0 0.406006 0.669213 0.021484 0.042130
0 0.542114 0.641204 0.018311 0.030556
0 0.427124 0.555556 0.017822 0.037037
0 0.547241 0.529167 0.017822 0.035185
0 0.434326 0.415509 0.012695 0.034722
0 0.566162 0.410880 0.017578 0.035648
0 0.445923 0.287731 0.018311 0.038426
0 0.561646 0.275926 0.020264 0.040741
0 0.473145 0.174306 0.021973 0.044907
0 0.582031 0.150231 0.018555 0.038426
0 0.467773 0.071528 0.016113 0.031944
0 0.587646 0.033565 0.018066 0.047685
0 0.748901 0.110417 0.015381 0.035648
0 0.875244 0.068287 0.027344 0.045833
0 0.855957 0.141204 0.019043 0.041667
0 0.886597 0.213657 0.016846 0.027315
0 0.852661 0.309722 0.018311 0.035185
0 0.742676 0.193981 0.013184 0.029630
0 0.727661 0.334491 0.021729 0.040278
0 0.824097 0.416204 0.019775 0.033333
0 0.721313 0.452083 0.010498 0.029167
0 0.823608 0.536343 0.015381 0.035648
0 0.701538 0.565278 0.009521 0.016667
0 0.692017 0.682639 0.022705 0.038426
0 0.824707 0.677546 0.022461 0.039352
0 0.801147 0.791204 0.028076 0.037037
0 0.690430 0.845602 0.021973 0.043981
0 0.789429 0.925000 0.025635 0.041667
0 0.664795 0.946991 0.022461 0.043056
0 0.954590 0.963194 0.030762 0.043056
0 0.973389 0.807176 0.029785 0.034722
0 0.975098 0.684491 0.026367 0.037500
0 0.989868 0.565278 0.016846 0.033333
0 0.990601 0.437731 0.018799 0.044907
0 0.995483 0.297685 0.009033 0.031481