0 0.010254 0.210648 0.020020 0.046296
0 0.018066 0.066435 0.021484 0.046759
0 0.195435 0.101389 0.009033 0.025000
0 0.187744 0.215509 0.023926 0.035648
0 0.173218 0.337963 0.021729 0.033333
0 0.331421 0.065972 0.015381 0.036574
0 0.312378 0.184491 0.014893 0.032870
0 0.291016 0.275694 0.019043 0.053241
0 0.268188 0.412500 0.020752 0.038889
0 0.152466 0.452083 0.020264 0.036574
0 0.266357 0.541898 0.018066 0.042130
0 0.133911 0.605093 0.025146 0.036111
0 0.242676 0.672917 0.016602 0.033796
0 0.122070 0.727546 0.025391 0.039352
0 0.237793 0.832176 0.019043 0.041204
0 0.084961 0.958102 0.021973 0.034722
0 0.095947 0.837269 0.018555 0.035648
0 0.456909 0.038889 0.019287 0.032407
0 0.582520 0.012269 0.020020 0.023611
0 0.574097 0.112037 0.019775 0.031481
0 0.464722 0.141898 0.020264 0.042130
0 0.436646 0.255556 0.020264 0.040741
0 0.554321 0.238426 0.016846 0.042593
0 0.559814 0.373380 0.016602 0.039352
0 0.426758 0.383565 0.017578 0.033796
0 0.420288 0.521296 0.019287 0.029630
0 0.541382 0.493287 0.020264 0.030093
0 0.536133 0.608102 0.021484 0.027315
0 0.400635 0.635648 0.021973 0.037963
0 0.511841 0.748843 0.021729 0.037500
0 0.389771 0.776389 0.015869 0.033333
0 0.492920 0.865278 0.019531 0.037037
0 0.383057 0.897685 0.016113 0.037963
0 0.483154 0.990972 0.019043 0.018056
0 0.659302 0.909954 0.022705 0.039352
0 0.685913 0.808102 0.020752 0.043056
0 0.687256 0.643519 0.020996 0.042593
0 0.719971 0.296528 0.021973 0.047685
0 0.715820 0.414120 0.012207 0.039352
0 0.741211 0.073148 0.016602 0.039815
0 0.734497 0.155324 0.014404 0.036574
0 0.784424 0.883796 0.024414 0.041667
0 0.952148 0.917361 0.034180 0.036574
0 0.795166 0.750000 0.028809 0.038889
0 0.967163 0.763657 0.028564 0.036574
0 0.968750 0.640046 0.027832 0.034722
0 0.818237 0.638426 0.025635 0.039815
0 0.819336 0.497222 0.017090 0.035185
0 0.982666 0.520370 0.016602 0.034259
0 0.818359 0.375231 0.019043 0.033796
0 0.986572 0.391435 0.026855 0.041204
0 0.845337 0.270833 0.018799 0.037037
0 0.991943 0.249537 0.016113 0.045370
0 0.879517 0.174074 0.016846 0.030556
0 0.849854 0.100694 0.026367 0.044907
0 0.865967 0.025694 0.026367 0.042130
0 0.998291 0.052546 0.003418 0.022685
0 0.698242 0.526852 0.004883 0.008333