0 0.041504 0.225463 0.009766 0.013889
0 0.051025 0.171528 0.009766 0.018056
0 0.165283 0.159722 0.011230 0.018519
0 0.140015 0.065741 0.008545 0.018519
0 0.029541 0.340972 0.009766 0.017130
0 0.140137 0.041435 0.009277 0.018981
0 0.083984 0.338426 0.008301 0.015741
0 0.192871 0.076389 0.006348 0.013889
0 0.159302 0.238194 0.007568 0.019907
0 0.145508 0.274306 0.006836 0.019907
0 0.127319 0.408565 0.008057 0.016204
0 0.240723 0.070370 0.008301 0.013889
0 0.225830 0.140741 0.008789 0.014815
0 0.220581 0.261111 0.007080 0.018519
0 0.207642 0.362037 0.008545 0.016667
0 0.205811 0.402315 0.009766 0.018519
0 0.257080 0.432870 0.009766 0.017593
0 0.261108 0.372454 0.009033 0.018056
0 0.265869 0.332407 0.007812 0.019444
0 0.269287 0.252315 0.008301 0.019444
0 0.281250 0.169907 0.008301 0.016667
0 0.275757 0.118056 0.009521 0.020370
0 0.283813 0.061574 0.009521 0.016667
0 0.291016 0.031944 0.008301 0.018519
0 0.341675 0.131713 0.008057 0.014352
0 0.335449 0.237500 0.007324 0.020370
0 0.327759 0.339815 0.009033 0.016667
0 0.326172 0.375463 0.009277 0.020370
0 0.380493 0.415278 0.007080 0.017593
0 0.384644 0.230787 0.008545 0.020833
0 0.382202 0.187037 0.004639 0.017593
0 0.385986 0.121296 0.006836 0.017593
0 0.390137 0.036574 0.008301 0.022222
0 0.453491 0.044676 0.007080 0.022685
0 0.451782 0.077546 0.007080 0.018056
0 0.449463 0.223148 0.007324 0.015741
0 0.446899 0.292361 0.006592 0.019907
0 0.444702 0.345139 0.008545 0.016204
0 0.450317 0.389120 0.006104 0.020833
0 0.452393 0.442824 0.007324 0.019907
0 0.051147 0.599306 0.010010 0.014352
0 0.069214 0.476389 0.011475 0.016667
0 0.108765 0.619444 0.011475 0.019444
0 0.113770 0.517824 0.010254 0.018056
0 0.122925 0.455093 0.011475 0.018519
0 0.034790 0.655556 0.014893 0.015741
0 0.084595 0.753472 0.012939 0.018056
0 0.076538 0.808333 0.012451 0.016667
0 0.169434 0.790509 0.013184 0.017130
0 0.180420 0.674537 0.011719 0.017593
0 0.177734 0.725000 0.011719 0.014815
0 0.191772 0.554630 0.011475 0.015741
0 0.188477 0.613889 0.007812 0.016667
0 0.192749 0.496065 0.011475 0.013426
0 0.206055 0.453935 0.009277 0.017130
0 0.253418 0.482176 0.010254 0.017130
0 0.248291 0.527083 0.005859 0.017130
0 0.238892 0.635185 0.013428 0.018519
0 0.223999 0.767130 0.012939 0.015741
0 0.309937 0.842361 0.009033 0.021759
0 0.307739 0.753704 0.010498 0.024074
0 0.319458 0.704398 0.008545 0.018981
0 0.309204 0.655556 0.008057 0.017593
0 0.317871 0.585417 0.010254 0.020833
0 0.323608 0.481944 0.009033 0.017593
0 0.376709 0.515509 0.008789 0.019907
0 0.372925 0.625694 0.010010 0.019907
0 0.372314 0.797917 0.010254 0.018056
0 0.450073 0.771759 0.008545 0.019444
0 0.451050 0.706944 0.006592 0.016667
0 0.446777 0.652546 0.008301 0.018056
0 0.444946 0.596528 0.007568 0.019907
0 0.450806 0.493287 0.007080 0.018981
0 0.507202 0.742361 0.009033 0.017130
0 0.505615 0.808102 0.008789 0.018056
0 0.500977 0.563426 0.008301 0.018519
0 0.501343 0.686806 0.009521 0.018056
0 0.497559 0.474769 0.008301 0.014352
0 0.496948 0.364815 0.007568 0.021296
0 0.592773 0.856944 0.008789 0.017593
0 0.594849 0.786343 0.009033 0.020833
0 0.590698 0.727083 0.009033 0.018981
0 0.585938 0.662269 0.007812 0.018056
0 0.582764 0.607870 0.007812 0.018519
0 0.573608 0.504861 0.009521 0.019907
0 0.575806 0.453241 0.006592 0.016667
0 0.572876 0.408333 0.006592 0.017593
0 0.567871 0.363889 0.006836 0.016667
0 0.618408 0.386574 0.006836 0.017593
0 0.620239 0.435185 0.006592 0.016667
0 0.624146 0.473611 0.005615 0.014815
0 0.619995 0.512963 0.008057 0.018519
0 0.635498 0.638657 0.008301 0.018056
0 0.652588 0.751852 0.011719 0.022222
0 0.642822 0.817593 0.009277 0.017593
0 0.731567 0.794676 0.010010 0.019907
0 0.730347 0.716667 0.010986 0.022222
0 0.716553 0.678704 0.008789 0.015741
0 0.713745 0.607639 0.008545 0.019907
0 0.704712 0.568519 0.010498 0.019444
0 0.697632 0.509722 0.009033 0.015741
0 0.689941 0.417130 0.006348 0.016667
0 0.732056 0.390509 0.009521 0.018056
0 0.758423 0.584954 0.009521 0.018056
0 0.763550 0.645139 0.010498 0.018056
0 0.775757 0.703935 0.012451 0.028241
0 0.779663 0.749769 0.006592 0.015278
0 0.789551 0.813194 0.007812 0.017130
0 0.823242 0.456944 0.011719 0.019444
0 0.870850 0.799074 0.010742 0.016667
0 0.930176 0.828241 0.014648 0.018519
0 0.864258 0.742824 0.013184 0.018056
0 0.852905 0.675694 0.011475 0.018056
0 0.834961 0.560648 0.010254 0.018519
0 0.850586 0.385880 0.008301 0.018056
0 0.865356 0.422917 0.008545 0.018981
0 0.875122 0.525926 0.011963 0.022222
0 0.899170 0.642361 0.012695 0.018056
0 0.916748 0.746991 0.009766 0.018981
0 0.872559 0.481713 0.007812 0.017130
0 0.927368 0.438657 0.009521 0.017130
0 0.950684 0.532639 0.007812 0.013426
0 0.963013 0.582176 0.009033 0.020833
0 0.968140 0.635880 0.010010 0.018056
0 0.904297 0.125000 0.008301 0.017593
0 0.842529 0.015509 0.006348 0.019907
0 0.854858 0.046759 0.007568 0.019444
0 0.857788 0.074074 0.006104 0.011111
0 0.874634 0.149306 0.006104 0.015278
0 0.808960 0.143287 0.007568 0.018056
0 0.898438 0.263194 0.010254 0.015278
0 0.952637 0.314583 0.011230 0.019907
0 0.930908 0.208565 0.007812 0.015278
0 0.909302 0.341667 0.007080 0.013889
0 0.830078 0.256481 0.008301 0.018519
0 0.835327 0.294676 0.008057 0.019907
0 0.804077 0.323380 0.009033 0.015278
0 0.728271 0.337269 0.008789 0.017130
0 0.723389 0.283333 0.006348 0.019444
0 0.710693 0.252315 0.007324 0.016667
0 0.714111 0.212037 0.006836 0.018519
0 0.701538 0.104630 0.005615 0.019444
0 0.691650 0.042130 0.006348 0.018519
0 0.659668 0.096528 0.006836 0.013426
0 0.678589 0.236574 0.007080 0.019444
0 0.676025 0.283796 0.005859 0.018519
0 0.685425 0.318750 0.007568 0.019907
0 0.621826 0.335648 0.005371 0.014815
0 0.611084 0.297454 0.005371 0.016204
0 0.608398 0.248380 0.004395 0.015278
0 0.562134 0.232639 0.007080 0.015278
0 0.561401 0.191435 0.004150 0.015278
0 0.566406 0.123611 0.005859 0.015741
0 0.593628 0.132176 0.007568 0.015278
0 0.599243 0.093287 0.007568 0.017130
0 0.770142 0.129398 0.007568 0.018056
0 0.776733 0.164120 0.007080 0.018056
0 0.792358 0.238426 0.008545 0.015741
0 0.759644 0.011574 0.007080 0.020370
0 0.663330 0.049769 0.007812 0.019907
0 0.663696 0.133333 0.006104 0.018519
0 0.601807 0.203472 0.006348 0.019907
0 0.597656 0.060880 0.006836 0.017130
0 0.560669 0.076389 0.006592 0.015741
0 0.562012 0.051852 0.005859 0.016667
0 0.558594 0.021296 0.005371 0.020370
0 0.565186 0.159491 0.007324 0.017130
0 0.766602 0.092130 0.006348 0.016667
0 0.796631 0.078704 0.006348 0.015741
0 0.974243 0.077546 0.010010 0.018056
0 0.492676 0.174769 0.007812 0.018981
0 0.491333 0.027778 0.006104 0.018519
0 0.498291 0.285880 0.006348 0.015278
0 0.573120 0.320833 0.006104 0.016667
0 0.378174 0.362963 0.009277 0.016667
0 0.492065 0.122917 0.005615 0.020833
0 0.715698 0.171991 0.006592 0.018981
0 0.690063 0.011343 0.003662 0.019907
0 0.842651 0.330556 0.008545 0.018519
0 0.847290 0.621759 0.008057 0.015741
0 0.743896 0.481713 0.007324 0.016204
0 0.324585 0.428935 0.009033 0.018056
0 0.445801 0.263194 0.006836 0.017130
0 0.449829 0.009259 0.007568 0.017593
0 0.388916 0.166204 0.005371 0.016667
0 0.452148 0.117130 0.005371 0.014815
0 0.594238 0.169676 0.007324 0.015278
0 0.882568 0.184954 0.007812 0.014352
0 0.160645 0.858565 0.010254 0.014352
0 0.882080 0.861574 0.009277 0.020370
0 0.062378 0.863657 0.013916 0.019907
0 0.800049 0.883333 0.012207 0.020370
0 0.361084 0.881250 0.007324 0.021759
0 0.222168 0.897222 0.010742 0.020370
0 0.659424 0.886343 0.008789 0.018056
0 0.508423 0.870139 0.006592 0.023611
0 0.448242 0.906250 0.009766 0.018056
0 0.944336 0.893750 0.014160 0.018981
0 0.984863 0.715278 0.009766 0.015741
0 0.299438 0.911111 0.010986 0.020370
0 0.890259 0.924306 0.012451 0.021759
0 0.743042 0.921065 0.010010 0.019907
0 0.020508 0.774306 0.010254 0.017130
0 0.603882 0.929630 0.008057 0.017593
0 0.799561 0.936574 0.012695 0.022222
0 0.989502 0.502083 0.010742 0.018056
0 0.513184 0.946065 0.010254 0.019907
0 0.371094 0.951389 0.010254 0.019444
0 0.662231 0.950000 0.008057 0.017593
0 0.056763 0.959491 0.018799 0.019907
0 0.218506 0.954398 0.008301 0.018056
0 0.664917 0.157870 0.005615 0.015741
0 0.015503 0.388889 0.012451 0.012963
0 0.296753 0.981250 0.012451 0.017130
0 0.451660 0.978704 0.010254 0.021296
0 0.995850 0.768056 0.008301 0.018519
0 0.608032 0.987963 0.009033 0.017593
0 0.903564 0.694676 0.013184 0.020833
0 0.147217 0.994676 0.011230 0.010648