0 0.283691 0.092593 0.008301 0.020370
0 0.337524 0.213657 0.008057 0.019907
0 0.332397 0.292593 0.009033 0.021296
0 0.325439 0.426389 0.008301 0.028704
0 0.250488 0.438657 0.010254 0.018981
0 0.208984 0.403935 0.009277 0.015278
0 0.211182 0.366435 0.010254 0.016204
0 0.219971 0.271991 0.009766 0.013426
0 0.147827 0.320602 0.009033 0.022685
0 0.128784 0.427083 0.011475 0.018056
0 0.121948 0.466898 0.009521 0.016204
0 0.110962 0.508565 0.010498 0.020833
0 0.106934 0.583102 0.014648 0.017130
0 0.251343 0.540972 0.009033 0.019907
0 0.203369 0.459028 0.009766 0.022685
0 0.032715 0.294213 0.008789 0.017130
0 0.340210 0.100463 0.008545 0.015741
0 0.338989 0.127546 0.007568 0.020833
0 0.274536 0.216667 0.008057 0.018519
0 0.263062 0.330324 0.010498 0.021759
0 0.232056 0.116204 0.008545 0.018519
0 0.231201 0.150694 0.009766 0.021759
0 0.316895 0.601389 0.011230 0.018519
0 0.327637 0.496296 0.008301 0.022222
0 0.381958 0.579630 0.008545 0.024074
0 0.374023 0.520370 0.006836 0.023148
0 0.381958 0.460648 0.007568 0.017593
0 0.385132 0.240741 0.007080 0.019444
0 0.387085 0.162037 0.007080 0.013889
0 0.375488 0.642593 0.007812 0.018519
0 0.453613 0.601157 0.008789 0.018056
0 0.450317 0.546065 0.007568 0.020833
0 0.451050 0.443519 0.006592 0.020370
0 0.451660 0.395139 0.006836 0.018056
0 0.448242 0.354167 0.007324 0.016667
0 0.447144 0.308102 0.007568 0.019907
0 0.452515 0.225000 0.006592 0.016667
0 0.453369 0.184259 0.007812 0.020370
0 0.451050 0.143056 0.006104 0.017593
0 0.445312 0.107176 0.007324 0.015278
0 0.447021 0.061574 0.007324 0.020370
0 0.492554 0.122917 0.007568 0.021759
0 0.493042 0.213426 0.007568 0.015741
0 0.495728 0.281019 0.007080 0.022222
0 0.501709 0.419444 0.008789 0.021296
0 0.506104 0.579398 0.008789 0.020833
0 0.456421 0.659491 0.008545 0.018056
0 0.509766 0.690278 0.005859 0.021296
0 0.507568 0.743056 0.009277 0.020370
0 0.458862 0.784491 0.010010 0.017130
0 0.366943 0.758102 0.009766 0.016204
0 0.368530 0.871759 0.010010 0.020370
0 0.310059 0.715278 0.010742 0.021296
0 0.233765 0.760880 0.009521 0.021759
0 0.235229 0.691667 0.009521 0.017593
0 0.181030 0.675231 0.011475 0.018056
0 0.098022 0.693981 0.011475 0.019444
0 0.078125 0.754630 0.016113 0.021296
0 0.075928 0.823148 0.013184 0.019444
0 0.218018 0.829630 0.012695 0.018519
0 0.230713 0.893750 0.008301 0.018056
0 0.297485 0.924769 0.012939 0.019907
0 0.298584 0.990972 0.010742 0.018056
0 0.461060 0.848611 0.007568 0.021296
0 0.058716 0.959028 0.014404 0.018981
0 0.578003 0.459491 0.007568 0.018056
0 0.576660 0.513194 0.008301 0.018981
0 0.588989 0.611111 0.007568 0.020370
0 0.594360 0.731250 0.009521 0.019907
0 0.603271 0.857407 0.007324 0.017593
0 0.604004 0.930556 0.010742 0.017593
0 0.639648 0.634491 0.009766 0.018056
0 0.630493 0.430324 0.010010 0.020833
0 0.614868 0.341435 0.006592 0.017130
0 0.601807 0.240278 0.008301 0.019444
0 0.304565 0.846528 0.011963 0.018981
0 0.308716 0.781713 0.011475 0.019907
0 0.510864 0.875231 0.007568 0.017130
0 0.556152 0.123843 0.006836 0.016204
0 0.563110 0.194213 0.005127 0.016204
0 0.721558 0.671991 0.008545 0.022685
0 0.659180 0.822685 0.009277 0.017593
0 0.664185 0.884722 0.007568 0.016667
0 0.667969 0.960185 0.009766 0.019444
0 0.749878 0.993981 0.011963 0.012037
0 0.742798 0.862731 0.010010 0.019907
0 0.732666 0.786806 0.009277 0.021759
0 0.732300 0.730093 0.011963 0.021296
0 0.708374 0.561111 0.008545 0.020370
0 0.759277 0.532870 0.009277 0.022222
0 0.750488 0.480787 0.008301 0.018056
0 0.739380 0.392824 0.012939 0.022685
0 0.699097 0.400694 0.010010 0.023611
0 0.688110 0.374769 0.008545 0.016204
0 0.620483 0.480324 0.006592 0.019907
0 0.635010 0.534259 0.005859 0.018519
0 0.813843 0.944213 0.012939 0.019907
0 0.805908 0.879630 0.011719 0.021296
0 0.789062 0.758565 0.012695 0.019907
0 0.774414 0.684259 0.009766 0.023148
0 0.759277 0.571991 0.008301 0.017130
0 0.822876 0.468056 0.009033 0.017593
0 0.818726 0.424074 0.009521 0.015741
0 0.809692 0.369444 0.008057 0.017593
0 0.863770 0.425463 0.005371 0.024074
0 0.831299 0.516898 0.007324 0.017130
0 0.837036 0.562731 0.007080 0.020833
0 0.848267 0.627083 0.009033 0.018981
0 0.855347 0.676852 0.010010 0.021296
0 0.859375 0.749074 0.008789 0.015741
0 0.878906 0.866898 0.011230 0.018981
0 0.902588 0.934491 0.013672 0.019907
0 0.963013 0.962731 0.015381 0.023611
0 0.958374 0.896528 0.010986 0.018981
0 0.923706 0.758796 0.013916 0.021296
0 0.918701 0.700231 0.010742 0.019907
0 0.987793 0.720370 0.013184 0.016667
0 0.980469 0.655787 0.009766 0.020833
0 0.960327 0.586806 0.011963 0.019907
0 0.947266 0.496528 0.012207 0.018981
0 0.937500 0.444213 0.011230 0.018056
0 0.964722 0.363426 0.008057 0.019444
0 0.830688 0.253704 0.009033 0.021296
0 0.794189 0.279167 0.008789 0.018519
0 0.726196 0.299306 0.008545 0.018981
0 0.729858 0.347917 0.008545 0.015278
0 0.678101 0.287963 0.008545 0.020370
0 0.655151 0.058333 0.007568 0.019444
0 0.700439 0.102315 0.007324 0.023148
0 0.760376 0.023611 0.007568 0.013889
0 0.878906 0.183565 0.007812 0.017130
0 0.911255 0.340741 0.008545 0.015741
0 0.933350 0.235880 0.007812 0.019907
0 0.904785 0.084259 0.008301 0.024074
0 0.662476 0.089815 0.006592 0.020370
0 0.601196 0.142824 0.006104 0.015278
0 0.785645 0.200463 0.010254 0.020370
0 0.810669 0.144444 0.009033 0.018519
0 0.823975 0.171759 0.007324 0.020370
0 0.960693 0.324769 0.011230 0.018056
0 0.575562 0.409722 0.008057 0.017593
0 0.571899 0.360880 0.009033 0.018056
0 0.568481 0.317593 0.007080 0.018519
0 0.070435 0.100694 0.008057 0.015278
0 0.081299 0.008796 0.006836 0.013889
0 0.072998 0.440741 0.011230 0.017593
0 0.150391 0.243519 0.010254 0.019444
0 0.157227 0.191204 0.008789 0.017593
0 0.162720 0.154398 0.006104 0.016204
0 0.099976 0.634028 0.009521 0.017130
0 0.054932 0.551157 0.008301 0.015278
0 0.152100 0.929167 0.011230 0.018519
0 0.180908 0.746065 0.010254 0.015278
0 0.279785 0.128241 0.007324 0.016667
0 0.275635 0.173611 0.004883 0.015741
0 0.319214 0.548611 0.008057 0.020370
0 0.326904 0.353704 0.004883 0.013889
0 0.347412 0.015741 0.008789 0.023148
0 0.389771 0.012037 0.007080 0.022222
0 0.370361 0.810880 0.008301 0.019907
0 0.506104 0.625926 0.007324 0.016667
0 0.502441 0.518750 0.008301 0.019907
0 0.501099 0.472685 0.008057 0.018519
0 0.641724 0.688194 0.008545 0.019907
0 0.648682 0.764815 0.009766 0.020370
0 0.752930 0.930556 0.007812 0.016667
0 0.687134 0.315741 0.007080 0.018519
0 0.666138 0.166667 0.006592 0.017593
0 0.704468 0.145139 0.009521 0.017130
0 0.606689 0.211111 0.005859 0.017593
0 0.657349 0.020833 0.008057 0.019444
0 0.686768 0.035185 0.006348 0.018519
0 0.874512 0.488426 0.010254 0.017593
0 0.849365 0.346528 0.008789 0.017130
0 0.828979 0.218056 0.005615 0.019444
0 0.793701 0.037731 0.007324 0.017130
0 0.989624 0.153241 0.010010 0.020370
0 0.970825 0.075000 0.009521 0.022222
0 0.909302 0.296065 0.010010 0.013426
0 0.993530 0.454630 0.011963 0.016667
0 0.246338 0.586806 0.008789 0.017130
0 0.285278 0.028935 0.007568 0.017130
0 0.456909 0.971759 0.010010 0.019444
0 0.368774 0.687269 0.009033 0.020833
0 0.614990 0.296991 0.005371 0.015278
0 0.449707 0.007639 0.008301 0.014352
0 0.925415 0.404167 0.005615 0.014815
0 0.995605 0.186111 0.008789 0.022222
0 0.011841 0.387269 0.006592 0.014352
0 0.239502 0.641435 0.010254 0.018056
0 0.185669 0.614352 0.011963 0.023148
0 0.776367 0.631713 0.012207 0.018981
0 0.335083 0.388657 0.007080 0.016204
0 0.382202 0.325463 0.007568 0.018519
0 0.494019 0.062269 0.006592 0.018981
0 0.699829 0.461343 0.009521 0.021759
0 0.495361 0.378935 0.008301 0.017130
0 0.003296 0.926157 0.006104 0.017130
0 0.081421 0.350000 0.011475 0.012963
0 0.095459 0.304861 0.007812 0.015278
0 0.881348 0.155093 0.008789 0.019444
0 0.157837 0.864583 0.011963 0.018981
0 0.671631 0.240278 0.009766 0.016667
0 0.903809 0.637500 0.010742 0.020370
0 0.449341 0.721528 0.008057 0.016204
0 0.585938 0.569213 0.005371 0.018056
0 0.595825 0.069676 0.007080 0.016204
0 0.219727 0.313889 0.008301 0.016667
0 0.697266 0.060880 0.004883 0.021759
0 0.036377 0.668981 0.013184 0.021296