0 0.093994 0.014120 0.024902 0.027315
0 0.295898 0.058102 0.020508 0.040278
0 0.457520 0.025926 0.018555 0.036111
0 0.416260 0.118056 0.014648 0.033333
0 0.258179 0.156713 0.017822 0.033796
0 0.378296 0.185417 0.020264 0.044907
0 0.330322 0.293519 0.022461 0.040741
0 0.216797 0.245833 0.023438 0.039815
0 0.045776 0.095602 0.016357 0.023611
0 0.035400 0.213426 0.015625 0.030556
0 0.002930 0.313194 0.005371 0.020833
0 0.169922 0.369907 0.024414 0.035185
0 0.301270 0.409259 0.019531 0.033333
0 0.445190 0.504630 0.018799 0.037963
0 0.134521 0.475926 0.028809 0.041667
0 0.255615 0.510417 0.016602 0.031019
0 0.403809 0.594907 0.018066 0.044444
0 0.217407 0.650000 0.022705 0.038889
0 0.089355 0.553009 0.014648 0.031944
0 0.055786 0.651157 0.026123 0.038426
0 0.011230 0.774074 0.021973 0.032407
0 0.132202 0.827315 0.026611 0.037963
0 0.366333 0.711343 0.011475 0.031944
0 0.334229 0.819676 0.016113 0.035648
0 0.296631 0.913194 0.018066 0.037500
0 0.089233 0.939120 0.026611 0.039352
0 0.403442 0.987731 0.023193 0.024537
0 0.444458 0.870833 0.010010 0.025000
0 0.482910 0.780324 0.017578 0.044907
0 0.534912 0.665972 0.016602 0.033796
0 0.631592 0.967824 0.022461 0.043056
0 0.665039 0.815046 0.020508 0.042130
0 0.562134 0.567130 0.019287 0.037037
0 0.699219 0.719907 0.009766 0.013889
0 0.602661 0.470139 0.017822 0.040278
0 0.480103 0.381250 0.018311 0.031944
0 0.626709 0.342361 0.019043 0.043981
0 0.514404 0.272454 0.020020 0.041204
0 0.670166 0.239815 0.019043 0.036111
0 0.563721 0.186806 0.022461 0.043981
0 0.696655 0.137037 0.018311 0.042593
0 0.578247 0.087731 0.013916 0.036574
0 0.737183 0.052315 0.020752 0.039815
0 0.950562 0.005324 0.015869 0.009722
0 0.903809 0.115278 0.025391 0.040741
0 0.885254 0.211111 0.014648 0.025000
0 0.994629 0.275694 0.010742 0.038426
0 0.835938 0.321991 0.015625 0.035648
0 0.810303 0.397222 0.014648 0.029630
0 0.964600 0.375926 0.030273 0.040741
0 0.932495 0.434259 0.028564 0.037963
0 0.943115 0.519907 0.023926 0.036111
0 0.769653 0.518287 0.023682 0.039352
0 0.892212 0.585185 0.021240 0.032407
0 0.740845 0.619444 0.007568 0.027778
0 0.845459 0.662963 0.020508 0.031481
0 0.818481 0.775000 0.018311 0.035185
0 0.994385 0.810648 0.011230 0.048148
0 0.789429 0.910417 0.024658 0.037500
0 0.971069 0.927315 0.021240 0.035185
0 0.744019 0.985880 0.026123 0.028241