0 0.021729 0.073380 0.021973 0.042130
0 0.013306 0.213426 0.021729 0.037963
0 0.198730 0.108796 0.007324 0.025926
0 0.335449 0.074074 0.017090 0.037037
0 0.317627 0.191204 0.018555 0.037963
0 0.190918 0.221991 0.024414 0.037500
0 0.294556 0.283102 0.020752 0.050463
0 0.175537 0.344907 0.021973 0.035185
0 0.271484 0.418750 0.018066 0.036574
0 0.155029 0.458796 0.024902 0.038889
0 0.269287 0.547917 0.020508 0.038426
0 0.137451 0.609491 0.027344 0.036574
0 0.246216 0.678704 0.015869 0.031481
0 0.123901 0.734028 0.026123 0.041204
0 0.239502 0.836806 0.021973 0.039352
0 0.099365 0.844213 0.017578 0.032870
0 0.385010 0.904861 0.018555 0.042130
0 0.391724 0.784259 0.014404 0.032407
0 0.495361 0.869676 0.017578 0.031944
0 0.515259 0.756944 0.017822 0.040741
0 0.402222 0.641667 0.022217 0.037963
0 0.540405 0.613889 0.016846 0.037963
0 0.423828 0.530324 0.018555 0.032870
0 0.544922 0.501620 0.017578 0.033796
0 0.561890 0.381713 0.017822 0.040278
0 0.429932 0.387963 0.014648 0.038889
0 0.441406 0.261806 0.017090 0.036574
0 0.557617 0.245602 0.019043 0.035648
0 0.468384 0.147685 0.019775 0.046296
0 0.577759 0.117361 0.014893 0.032870
0 0.463745 0.046065 0.016357 0.032870
0 0.585205 0.013889 0.018555 0.026852
0 0.880859 0.185185 0.018066 0.032407
0 0.852173 0.109954 0.019287 0.038426
0 0.870361 0.036806 0.023926 0.048611
0 0.745605 0.082176 0.014160 0.035648
0 0.724487 0.306481 0.019775 0.040741
0 0.848022 0.280324 0.016846 0.036574
0 0.822266 0.382870 0.017578 0.036111
0 0.717529 0.420833 0.010254 0.026852
0 0.822021 0.505324 0.020508 0.037500
0 0.822021 0.647454 0.022949 0.039352
0 0.689697 0.652083 0.022949 0.043056
0 0.797974 0.759259 0.026123 0.039815
0 0.690796 0.817593 0.022705 0.037037
0 0.787842 0.892593 0.023926 0.036111
0 0.662231 0.916435 0.020264 0.045833
0 0.953491 0.927083 0.031006 0.042130
0 0.972290 0.772685 0.024170 0.035185
0 0.972534 0.649769 0.028564 0.038426
0 0.986328 0.529398 0.018555 0.036574
0 0.989136 0.401157 0.021729 0.042130
0 0.993896 0.261806 0.012207 0.042130
0 0.207764 0.004630 0.007812 0.008333
0 0.698120 0.537731 0.007568 0.012500