0 0.331055 0.428935 0.013672 0.029167
0 0.325928 0.524769 0.015625 0.034722
0 0.315796 0.688657 0.014404 0.035648
0 0.191528 0.660185 0.021729 0.028704
0 0.193604 0.613657 0.023438 0.029167
0 0.202637 0.497685 0.017578 0.031481
0 0.122192 0.562731 0.017334 0.031019
0 0.098999 0.687269 0.017822 0.024537
0 0.090698 0.742593 0.019287 0.028704
0 0.078369 0.802083 0.016602 0.030093
0 0.074097 0.889583 0.020752 0.028241
0 0.235840 0.826389 0.015625 0.025000
0 0.180176 0.723611 0.019043 0.032407
0 0.336304 0.293981 0.014404 0.025926
0 0.263672 0.429398 0.016602 0.028241
0 0.249512 0.570139 0.017578 0.031944
0 0.216187 0.352315 0.018311 0.026852
0 0.304443 0.907870 0.016113 0.033333
0 0.318726 0.771065 0.015381 0.029167
0 0.378052 0.873611 0.014404 0.033333
0 0.370605 0.812269 0.013184 0.036574
0 0.377808 0.732639 0.016357 0.028241
0 0.382812 0.456713 0.013184 0.027315
0 0.386841 0.362731 0.012939 0.024537
0 0.371948 0.951852 0.013916 0.031481
0 0.458252 0.899074 0.014160 0.027778
0 0.453857 0.832407 0.014160 0.029630
0 0.456787 0.704861 0.014160 0.036574
0 0.456177 0.644444 0.015381 0.038889
0 0.451660 0.591204 0.014160 0.028704
0 0.450684 0.539815 0.013184 0.034259
0 0.455688 0.437500 0.013916 0.032407
0 0.455688 0.390509 0.014893 0.030093
0 0.453979 0.341204 0.012939 0.030556
0 0.448853 0.296065 0.013428 0.031019
0 0.450806 0.249074 0.015381 0.036111
0 0.501953 0.314120 0.015625 0.038426
0 0.501343 0.423148 0.013428 0.028704
0 0.504761 0.509722 0.011475 0.034259
0 0.511475 0.672685 0.015137 0.035185
0 0.516968 0.870833 0.016357 0.026852
0 0.461304 0.974537 0.013916 0.029630
0 0.159668 0.917593 0.020020 0.027778
0 0.595703 0.720370 0.013672 0.031481
0 0.593994 0.788657 0.013184 0.025463
0 0.609619 0.910648 0.014160 0.030556
0 0.665161 0.946296 0.015381 0.032407
0 0.654541 0.687731 0.013672 0.030093
0 0.636230 0.575463 0.013184 0.029630
0 0.620483 0.455787 0.012939 0.031019
0 0.570068 0.317824 0.011230 0.024537
0 0.578491 0.399074 0.012451 0.028704
0 0.756714 0.982870 0.015381 0.029630
0 0.740601 0.850926 0.015869 0.027778
0 0.795898 0.810880 0.015625 0.030093
0 0.786133 0.744676 0.014160 0.028241
0 0.772339 0.643287 0.015381 0.035648
0 0.732544 0.649306 0.016357 0.031944
0 0.717651 0.615972 0.011475 0.023611
0 0.643799 0.752083 0.012695 0.027315
0 0.657471 0.809491 0.012695 0.028241
0 0.866455 0.732639 0.019043 0.035648
0 0.860474 0.669907 0.021240 0.036111
0 0.848511 0.609028 0.018799 0.032870
0 0.912598 0.679398 0.020508 0.031944
0 0.874634 0.791435 0.017334 0.031944
0 0.884766 0.850694 0.018555 0.033796
0 0.896240 0.923380 0.016602 0.031944
0 0.991089 0.702778 0.017822 0.028704
0 0.869873 0.468750 0.021484 0.037500
0 0.832520 0.504861 0.019531 0.032870
0 0.758301 0.523843 0.014648 0.029167
0 0.761108 0.586111 0.014404 0.028704
0 0.677246 0.232176 0.011230 0.027315
0 0.726562 0.291898 0.013184 0.030093
0 0.791016 0.194444 0.013184 0.027778
0 0.959961 0.576620 0.016602 0.024537
0 0.685913 0.270602 0.011963 0.030093
0 0.618896 0.337269 0.011230 0.026389
0 0.818726 0.404861 0.016846 0.039352
0 0.592773 0.662500 0.012207 0.025926
0 0.588745 0.599537 0.012451 0.029630
0 0.584351 0.547454 0.013428 0.031944
0 0.040649 0.294444 0.014404 0.025926
0 0.055176 0.180556 0.011719 0.019444
0 0.127686 0.464815 0.016113 0.025926
0 0.133789 0.406481 0.017090 0.033333
0 0.066162 0.947685 0.019531 0.027778
0 0.268921 0.329167 0.016846 0.033333
0 0.265137 0.377315 0.015137 0.029630
0 0.308960 0.839120 0.015869 0.029167
0 0.319946 0.596528 0.014893 0.027315
0 0.390015 0.185185 0.013916 0.028704
0 0.517090 0.934491 0.014648 0.034722
0 0.689575 0.360185 0.011475 0.021296
0 0.731079 0.341435 0.012939 0.028241
0 0.624878 0.416435 0.009033 0.026389
0 0.678711 0.189120 0.012695 0.027315
0 0.710571 0.202778 0.010986 0.026852
0 0.922363 0.757407 0.017090 0.030556
0 0.891602 0.583102 0.020020 0.033796
0 0.869751 0.427083 0.017334 0.029167
0 0.827637 0.214352 0.014648 0.027778
0 0.454346 0.181944 0.012207 0.027778
0 0.978638 0.653472 0.017334 0.025463
0 0.220459 0.948843 0.016113 0.028241
0 0.329102 0.639352 0.013184 0.029630
0 0.380249 0.566435 0.013916 0.028241
0 0.500732 0.243287 0.012695 0.033796
0 0.506226 0.622917 0.012451 0.030093
0 0.048218 0.589815 0.016357 0.031481
0 0.065308 0.540046 0.015381 0.020833
0 0.605469 0.859491 0.013672 0.027315
0 0.611328 0.251620 0.011719 0.030093
0 0.714233 0.163657 0.010498 0.029167
0 0.562622 0.191435 0.011475 0.029167
0 0.624512 0.289815 0.011719 0.025000
0 0.776733 0.121528 0.015381 0.031944
0 0.175415 0.119907 0.014893 0.029630
0 0.805664 0.110185 0.015625 0.029630
0 0.094849 0.288426 0.013916 0.022222
0 0.593872 0.090509 0.011963 0.027315
0 0.704712 0.513194 0.013916 0.027315
0 0.567993 0.084954 0.012939 0.029167
0 0.282593 0.076389 0.018311 0.028704
0 0.350464 0.093519 0.015869 0.031481
0 0.496338 0.135648 0.012207 0.031481
0 0.063477 0.128472 0.012207 0.034722
0 0.392090 0.081481 0.012207 0.029630
0 0.846436 0.339352 0.018066 0.035185
0 0.600952 0.053935 0.012451 0.028241
0 0.017578 0.841435 0.014648 0.026389
0 0.273560 0.283333 0.013916 0.028704
0 0.336792 0.327315 0.015869 0.030556
0 0.026245 0.340972 0.013916 0.028241
0 0.217041 0.404630 0.017090 0.027778
0 0.219238 0.306944 0.015625 0.025926
0 0.236206 0.703241 0.017822 0.028704
0 0.277466 0.203241 0.014893 0.027778
0 0.343872 0.190741 0.012939 0.031481
0 0.906982 0.989815 0.016113 0.020370
0 0.921265 0.385185 0.012939 0.033333
0 0.796997 0.865278 0.016846 0.028704
0 0.233643 0.103241 0.017578 0.033333
0 0.455688 0.039352 0.013428 0.032407
0 0.861084 0.372454 0.013672 0.026389
0 0.983398 0.450231 0.015137 0.030093
0 0.512573 0.798380 0.013916 0.031019
0 0.511108 0.738889 0.014404 0.033333
0 0.037720 0.707870 0.016357 0.025926
0 0.899414 0.080324 0.012207 0.026389
0 0.947021 0.262269 0.017578 0.026389
0 0.291260 0.031019 0.015625 0.025926
0 0.609985 0.202546 0.011963 0.030093
0 0.244995 0.035880 0.012939 0.023611
0 0.202759 0.547685 0.018311 0.027778
0 0.259155 0.470833 0.019287 0.025926
0 0.574463 0.361574 0.012695 0.023148
0 0.700684 0.065278 0.014648 0.025926
0 0.764893 0.050231 0.011719 0.028241
0 0.831909 0.247454 0.013916 0.024537
0 0.007935 0.429398 0.015381 0.024537
0 0.149048 0.028241 0.015869 0.020370
0 0.168579 0.193750 0.011475 0.022685
0 0.623901 0.383565 0.017822 0.027315
0 0.573608 0.447917 0.014404 0.022685
0 0.196045 0.444676 0.015625 0.029167
0 0.577026 0.277778 0.015381 0.028704