0 0.025757 0.079861 0.020264 0.043056
0 0.014160 0.219907 0.023926 0.041667
0 0.210083 0.009722 0.014404 0.018519
0 0.199951 0.111111 0.006836 0.025926
0 0.336426 0.079398 0.015137 0.036574
0 0.317383 0.197222 0.014648 0.033333
0 0.194214 0.226389 0.023682 0.031481
0 0.297119 0.288889 0.021484 0.045370
0 0.178101 0.349306 0.022705 0.035648
0 0.273071 0.426620 0.018799 0.041204
0 0.155640 0.463657 0.019287 0.041204
0 0.270630 0.554630 0.019287 0.036111
0 0.138428 0.619213 0.025391 0.032870
0 0.245239 0.684954 0.016846 0.032870
0 0.125854 0.742361 0.023193 0.042130
0 0.241333 0.845602 0.020264 0.040278
0 0.102295 0.848148 0.012207 0.027778
0 0.088135 0.970833 0.025879 0.038889
0 0.387085 0.912037 0.014404 0.034259
0 0.495728 0.879630 0.019287 0.032407
0 0.515991 0.764815 0.019775 0.041667
0 0.392090 0.790509 0.016113 0.030093
0 0.403809 0.652315 0.019531 0.041667
0 0.539795 0.622917 0.017578 0.028241
0 0.545166 0.509028 0.017578 0.034722
0 0.424316 0.537269 0.020020 0.032870
0 0.564087 0.390046 0.017334 0.039352
0 0.431763 0.396759 0.013428 0.034259
0 0.441528 0.269213 0.020752 0.037500
0 0.556763 0.253704 0.020264 0.038889
0 0.580444 0.129630 0.017334 0.035185
0 0.469604 0.155556 0.022705 0.047222
0 0.462524 0.054167 0.015869 0.030556
0 0.584961 0.018056 0.018555 0.035185
0 0.746094 0.087500 0.014160 0.034259
0 0.739868 0.175231 0.016846 0.031944
0 0.872803 0.047222 0.024414 0.046296
0 0.855103 0.118519 0.019287 0.041667
0 0.882935 0.193519 0.016357 0.029630
0 0.849976 0.289583 0.016357 0.039352
0 0.725220 0.315046 0.022217 0.042130
0 0.822632 0.393519 0.018311 0.033333
0 0.719604 0.431019 0.009033 0.030556
0 0.821655 0.515046 0.016357 0.032870
0 0.689819 0.663194 0.024170 0.040278
0 0.824219 0.655787 0.019043 0.038426
0 0.798706 0.766898 0.027100 0.040278
0 0.689453 0.827315 0.025879 0.037037
0 0.787720 0.902315 0.024658 0.038889
0 0.662354 0.927083 0.023926 0.043056
0 0.953003 0.939815 0.029053 0.041667
0 0.970581 0.782870 0.029053 0.041667
0 0.973999 0.661111 0.027588 0.040741
0 0.985840 0.540972 0.018555 0.035648
0 0.989136 0.413194 0.021729 0.047685
0 0.994629 0.274306 0.010742 0.043056
0 0.700806 0.544907 0.005615 0.011111