0 0.076172 0.039815 0.023926 0.037963
0 0.017090 0.100000 0.022461 0.031481
0 0.347900 0.034491 0.018555 0.038426
0 0.296387 0.096991 0.019531 0.043056
0 0.456421 0.129167 0.019775 0.046296
0 0.395142 0.204398 0.019287 0.040278
0 0.233643 0.190509 0.022461 0.044907
0 0.183105 0.268287 0.022461 0.041204
0 0.351196 0.296759 0.018799 0.035185
0 0.291260 0.366667 0.015625 0.033333
0 0.133301 0.316898 0.015137 0.031944
0 0.083008 0.389815 0.023438 0.040741
0 0.018311 0.478472 0.030273 0.040278
0 0.233765 0.479167 0.022705 0.033333
0 0.418335 0.529167 0.020752 0.037037
0 0.363159 0.621296 0.013428 0.029630
0 0.317017 0.703472 0.012451 0.035648
0 0.126953 0.596528 0.026855 0.035648
0 0.070068 0.678009 0.024902 0.036574
0 0.265015 0.770602 0.019287 0.031019
0 0.212646 0.859722 0.017090 0.034259
0 0.143555 0.967824 0.025879 0.049537
0 0.352173 0.909259 0.019775 0.047222
0 0.410522 0.814120 0.016357 0.029167
0 0.463379 0.751852 0.021484 0.046296
0 0.529663 0.671991 0.015869 0.032870
0 0.631958 0.889815 0.019775 0.043519
0 0.572754 0.595602 0.019531 0.031944
0 0.626343 0.524769 0.019775 0.034722
0 0.469482 0.469444 0.017090 0.039815
0 0.523193 0.369907 0.017090 0.034259
0 0.668335 0.415278 0.024170 0.039815
0 0.573975 0.287500 0.020020 0.038889
0 0.728516 0.343287 0.017090 0.036574
0 0.634277 0.231713 0.023438 0.040278
0 0.662109 0.146065 0.014160 0.042130
0 0.503174 0.083565 0.020020 0.028241
0 0.557495 0.017361 0.021240 0.029167
0 0.735718 0.079398 0.017334 0.037500
0 0.772339 0.009491 0.024170 0.018056
0 0.772217 0.263426 0.021484 0.031481
0 0.822632 0.200231 0.022217 0.031019
0 0.875122 0.123843 0.025146 0.030093
0 0.916016 0.083796 0.014160 0.028704
0 0.974365 0.007639 0.016602 0.014352
0 0.973389 0.358333 0.024902 0.041667
0 0.940552 0.440278 0.014404 0.024074
0 0.874268 0.517361 0.014160 0.032870
0 0.838867 0.574537 0.020508 0.024074
0 0.778320 0.665972 0.024414 0.037500
0 0.987671 0.643519 0.024658 0.041667
0 0.949951 0.681481 0.024414 0.033333
0 0.949951 0.771296 0.018066 0.031481
0 0.888672 0.804398 0.020020 0.027315
0 0.829956 0.854398 0.017822 0.032870
0 0.734985 0.748148 0.011963 0.022222
0 0.784424 0.944676 0.017578 0.033796