0 0.925171 0.988657 0.011963 0.018056
0 0.992798 0.969907 0.012939 0.020370
0 0.938599 0.804167 0.015381 0.016667
0 0.899048 0.807870 0.014404 0.021296
0 0.869141 0.807176 0.016113 0.022685
0 0.846069 0.988657 0.012451 0.018981
0 0.824829 0.803009 0.012451 0.020833
0 0.793701 0.795370 0.013184 0.020370
0 0.770630 0.977083 0.012451 0.020833
0 0.739990 0.991435 0.012207 0.015278
0 0.752930 0.797454 0.012695 0.021759
0 0.721924 0.805787 0.011719 0.017130
0 0.697266 0.979398 0.010254 0.016204
0 0.660767 0.980093 0.010010 0.017593
0 0.681274 0.800463 0.009521 0.017593
0 0.647095 0.802778 0.009033 0.013889
0 0.615723 0.791898 0.009277 0.018056
0 0.619507 0.970833 0.010010 0.018519
0 0.588623 0.965509 0.012207 0.019907
0 0.577271 0.803241 0.009521 0.016667
0 0.543945 0.787963 0.008789 0.017593
0 0.510254 0.975000 0.008301 0.018519
0 0.544800 0.967593 0.007080 0.013889
0 0.502930 0.800463 0.009766 0.017593
0 0.472534 0.793981 0.008057 0.015741
0 0.464844 0.958565 0.009766 0.018981
0 0.429688 0.787037 0.009766 0.019444
0 0.431396 0.964352 0.010254 0.018519
0 0.393799 0.978935 0.008789 0.013426
0 0.399292 0.809028 0.007080 0.013426
0 0.362915 0.789815 0.009521 0.018519
0 0.357910 0.943981 0.009766 0.015741
0 0.333252 0.776389 0.007812 0.017593
0 0.318848 0.963194 0.009766 0.018056
0 0.289795 0.778241 0.009766 0.015741
0 0.279541 0.958796 0.009277 0.018519
0 0.250488 0.948148 0.009277 0.017593
0 0.261963 0.798611 0.009277 0.012037
0 0.221191 0.800694 0.009766 0.014352
0 0.202271 0.964815 0.013916 0.019444
0 0.197266 0.796991 0.008789 0.014352
0 0.172974 0.953935 0.011475 0.014352
0 0.134277 0.951389 0.014160 0.016667
0 0.117920 0.789120 0.011719 0.017130
0 0.065063 0.955093 0.012939 0.012037
0 0.032471 0.952778 0.015137 0.012963
0 0.099609 0.949074 0.011719 0.010185
0 0.049194 0.781019 0.014404 0.019444
0 0.041260 0.730324 0.013184 0.016204
0 0.087646 0.683796 0.010742 0.017593
0 0.120361 0.700694 0.009277 0.014352
0 0.151001 0.689120 0.011475 0.017130
0 0.283081 0.694676 0.009521 0.014352
0 0.320923 0.691898 0.010010 0.016204
0 0.349854 0.691667 0.009277 0.013889
0 0.382080 0.694213 0.009277 0.014352
0 0.421387 0.696991 0.008301 0.017130
0 0.454346 0.684259 0.008789 0.016667
0 0.492676 0.701620 0.008789 0.018981
0 0.523438 0.704167 0.009766 0.019444
0 0.554688 0.706019 0.008789 0.010185
0 0.592407 0.713657 0.009521 0.017130
0 0.627319 0.706481 0.008545 0.017593
0 0.663940 0.704167 0.011475 0.022222
0 0.251953 0.689583 0.009766 0.012500
0 0.216553 0.682639 0.008789 0.016204
0 0.725708 0.701852 0.011475 0.020370
0 0.757568 0.717593 0.009277 0.011111
0 0.829834 0.706019 0.011230 0.018519
0 0.859497 0.713426 0.010010 0.014815
0 0.895874 0.703472 0.011475 0.015278
0 0.938477 0.704398 0.012207 0.015278
0 0.966675 0.538889 0.014893 0.019444
0 0.929932 0.556713 0.013184 0.017130
0 0.899048 0.554398 0.014404 0.019907
0 0.865967 0.543750 0.012695 0.015278
0 0.984741 0.480556 0.011475 0.015741
0 0.936890 0.469213 0.012939 0.014352
0 0.905151 0.467361 0.012939 0.016204
0 0.865845 0.469213 0.010986 0.014352
0 0.836182 0.463889 0.009766 0.020370
0 0.805542 0.472917 0.010498 0.018981
0 0.799316 0.558333 0.010254 0.016667
0 0.771851 0.564815 0.007568 0.012037
0 0.770142 0.480787 0.008057 0.010648
0 0.744019 0.472222 0.011475 0.018519
0 0.736084 0.552315 0.009766 0.015741
0 0.707397 0.561343 0.008545 0.013426
0 0.714478 0.462963 0.010986 0.016667
0 0.679443 0.462963 0.008301 0.013889
0 0.666748 0.544444 0.009277 0.017593
0 0.652954 0.453704 0.010010 0.019444
0 0.641235 0.541667 0.007568 0.015741
0 0.592529 0.455324 0.009277 0.019907
0 0.602783 0.523148 0.008789 0.017593
0 0.578247 0.532176 0.009033 0.019907
0 0.553101 0.452546 0.008545 0.019907
0 0.526001 0.456250 0.007080 0.018056
0 0.496338 0.444676 0.007812 0.019907
0 0.481934 0.527778 0.007812 0.017593
0 0.448608 0.528241 0.008545 0.016667
0 0.431274 0.450926 0.008545 0.016667
0 0.417725 0.531944 0.006836 0.012963
0 0.400391 0.456944 0.008789 0.019444
0 0.381592 0.525463 0.007324 0.016667
0 0.353516 0.533102 0.007812 0.012500
0 0.345337 0.450463 0.008545 0.015741
0 0.321411 0.537963 0.009521 0.019444
0 0.308594 0.455093 0.008301 0.012037
0 0.274658 0.447454 0.007812 0.011574
0 0.256714 0.535185 0.008545 0.017593
0 0.293213 0.551157 0.007812 0.010648
0 0.245972 0.451852 0.008545 0.013889
0 0.216919 0.455556 0.007080 0.014815
0 0.186279 0.443287 0.010254 0.018981
0 0.157349 0.451157 0.010010 0.014352
0 0.134277 0.547222 0.009766 0.013889
0 0.160400 0.323148 0.009277 0.018519
0 0.185547 0.336111 0.009277 0.019444
0 0.219116 0.330787 0.007568 0.016204
0 0.271362 0.334722 0.009033 0.015741
0 0.305420 0.341667 0.007324 0.015741
0 0.330811 0.330787 0.007324 0.013426
0 0.365845 0.344444 0.007568 0.012037
0 0.393799 0.343750 0.006836 0.015278
0 0.421997 0.342130 0.006592 0.017593
0 0.452148 0.347917 0.006836 0.017130
0 0.477173 0.344213 0.005615 0.013426
0 0.507812 0.339120 0.007324 0.020833
0 0.537476 0.351620 0.007568 0.018981
0 0.571289 0.339352 0.006836 0.017593
0 0.596924 0.354861 0.006836 0.016204
0 0.627808 0.361574 0.009521 0.017593
0 0.661499 0.355556 0.009521 0.020370
0 0.687622 0.350000 0.010498 0.021296
0 0.711548 0.351389 0.008057 0.021296
0 0.742310 0.356019 0.010498 0.021296
0 0.775391 0.356250 0.011719 0.014352
0 0.813965 0.365972 0.010742 0.014352
0 0.837524 0.349306 0.009033 0.016204
0 0.865723 0.362037 0.007812 0.012037
0 0.926636 0.355787 0.009521 0.018981
0 0.954102 0.348380 0.011719 0.018981
0 0.985229 0.359722 0.012939 0.017593
0 0.989990 0.281481 0.014160 0.021296
0 0.946045 0.281250 0.010742 0.018981
0 0.843994 0.275000 0.011230 0.018519
0 0.907471 0.279630 0.008789 0.014815
0 0.815063 0.281019 0.010010 0.015741
0 0.781982 0.276389 0.010742 0.018519
0 0.944458 0.168519 0.010986 0.017593
0 0.860474 0.165046 0.009033 0.017130
0 0.837891 0.162037 0.009277 0.020370
0 0.803467 0.166435 0.008301 0.016204
0 0.778564 0.165509 0.007324 0.018056
0 0.725586 0.157870 0.007812 0.017593
0 0.721802 0.267130 0.011475 0.023148
0 0.693359 0.157639 0.007812 0.019907
0 0.691650 0.277546 0.009766 0.023611
0 0.661011 0.281944 0.008545 0.018519
0 0.667847 0.160648 0.008057 0.020370
0 0.641113 0.156713 0.007324 0.019907
0 0.606812 0.168981 0.006104 0.013889
0 0.634766 0.281481 0.008301 0.022222
0 0.607178 0.263426 0.007812 0.017593
0 0.576050 0.275000 0.009033 0.018519
0 0.583740 0.170602 0.007324 0.018056
0 0.551758 0.276852 0.007324 0.016667
0 0.552856 0.159491 0.007568 0.018981
0 0.530640 0.162037 0.006592 0.016667
0 0.521484 0.276620 0.007812 0.018056
0 0.494507 0.269907 0.007568 0.019444
0 0.480469 0.144213 0.007324 0.018056
0 0.448364 0.144676 0.006592 0.017130
0 0.439575 0.266204 0.008545 0.019444
0 0.424561 0.154398 0.006836 0.015278
0 0.394775 0.154630 0.006836 0.015741
0 0.382935 0.264120 0.007568 0.018981
0 0.370972 0.139583 0.007568 0.016204
0 0.280151 0.159954 0.008545 0.018056
0 0.312378 0.139583 0.008057 0.017130
0 0.268188 0.259259 0.008545 0.020370
0 0.352905 0.268750 0.008545 0.017130
0 0.213135 0.261343 0.009766 0.012500
0 0.236694 0.151389 0.008545 0.017593
0 0.332520 0.096759 0.007324 0.017593
0 0.388550 0.099537 0.005127 0.014815
0 0.407959 0.085648 0.004883 0.011111
0 0.464844 0.087269 0.007324 0.018981
0 0.521851 0.098843 0.007568 0.018056
0 0.543579 0.092361 0.007080 0.019907
0 0.571289 0.102778 0.007812 0.019444
0 0.599976 0.090509 0.008057 0.020833
0 0.625122 0.084954 0.007568 0.015278
0 0.848389 0.023843 0.008301 0.021759
0 0.811890 0.109722 0.008545 0.019444
0 0.775635 0.029167 0.007812 0.017593
0 0.751587 0.034028 0.007080 0.017130
0 0.726318 0.014815 0.007324 0.015741
0 0.644897 0.014583 0.007080 0.021759
0 0.695923 0.020370 0.007080 0.018519
0 0.575928 0.021065 0.008301 0.022685
0 0.595337 0.008565 0.008545 0.016204
0 0.673340 0.011806 0.007324 0.021759
0 0.890137 0.160417 0.010254 0.018981
0 0.747070 0.276157 0.009766 0.022685
0 0.418823 0.009491 0.007568 0.018056
0 0.447266 0.011111 0.007812 0.021296
0 0.220337 0.007639 0.009033 0.014352
0 0.201782 0.088889 0.007568 0.024074
0 0.181885 0.266435 0.010742 0.018981
0 0.158203 0.259722 0.008789 0.020370
0 0.101562 0.564583 0.013672 0.017130
0 0.126587 0.450000 0.008545 0.018519
0 0.124023 0.289815 0.007812 0.018519
0 0.246338 0.340972 0.009277 0.018981
0 0.929688 0.028009 0.010254 0.021759
0 0.897705 0.352778 0.008301 0.017593