0 0.004883 0.931481 0.009277 0.025926
0 0.012451 0.861806 0.015137 0.021759
0 0.021851 0.784954 0.014893 0.024537
0 0.043579 0.713426 0.011475 0.022222
0 0.052246 0.651852 0.012695 0.023148
0 0.131470 0.691667 0.012939 0.024074
0 0.120972 0.750694 0.012451 0.028241
0 0.110962 0.834259 0.009033 0.021296
0 0.103760 0.915046 0.013184 0.024537
0 0.171631 0.938889 0.011719 0.023148
0 0.168091 0.850231 0.011475 0.019907
0 0.169312 0.785648 0.011475 0.022222
0 0.190063 0.720139 0.012451 0.021759
0 0.193237 0.652778 0.011475 0.024074
0 0.204346 0.587731 0.010742 0.024537
0 0.337524 0.568750 0.010986 0.024537
0 0.338257 0.643056 0.007080 0.019444
0 0.336670 0.691898 0.012207 0.026389
0 0.323853 0.844676 0.012939 0.023611
0 0.264526 0.884491 0.010498 0.022685
0 0.258667 0.953009 0.012939 0.023611
0 0.323853 0.911111 0.010010 0.023148
0 0.322144 0.989583 0.013916 0.019907
0 0.269165 0.804861 0.011475 0.025463
0 0.272827 0.743519 0.012451 0.025926
0 0.292603 0.616667 0.007568 0.012037
0 0.336548 0.515509 0.010986 0.025463
0 0.354126 0.456481 0.010010 0.025000
0 0.288818 0.549074 0.010742 0.019444
0 0.142700 0.570833 0.012451 0.025926
0 0.060669 0.591898 0.012939 0.018981
0 0.065430 0.532176 0.011230 0.022685
0 0.079102 0.478472 0.010254 0.019907
0 0.011475 0.512963 0.011719 0.022222
0 0.030029 0.455787 0.012695 0.023611
0 0.079346 0.416435 0.013672 0.026389
0 0.099243 0.369213 0.010498 0.022685
0 0.166138 0.400926 0.011475 0.025000
0 0.218872 0.409722 0.011475 0.021296
0 0.227783 0.360185 0.009766 0.024074
0 0.297729 0.384954 0.010010 0.024537
0 0.297852 0.429398 0.009277 0.024537
0 0.211060 0.463426 0.005615 0.020370
0 0.168213 0.342824 0.012695 0.026389
0 0.180542 0.299769 0.008545 0.019907
0 0.226318 0.309954 0.010742 0.019907
0 0.234375 0.269444 0.008789 0.021296
0 0.097046 0.320139 0.013916 0.025463
0 0.106812 0.270139 0.010010 0.025463
0 0.123779 0.215972 0.010742 0.025463
0 0.126831 0.162037 0.010010 0.022222
0 0.352173 0.402778 0.008545 0.024074
0 0.354736 0.356250 0.009766 0.022685
0 0.312378 0.278241 0.008545 0.027778
0 0.367798 0.295370 0.009033 0.025000
0 0.317871 0.227778 0.008789 0.024074
0 0.322510 0.149074 0.009277 0.024074
0 0.369629 0.161111 0.009277 0.024074
0 0.363037 0.216667 0.006348 0.021296
0 0.244141 0.216667 0.009277 0.024074
0 0.242676 0.177778 0.011230 0.024074
0 0.251709 0.091204 0.009277 0.024074
0 0.326782 0.020370 0.006592 0.020370
0 0.372192 0.073843 0.009033 0.024537
0 0.061279 0.246296 0.011719 0.027778
0 0.075806 0.162269 0.007080 0.020833
0 0.093262 0.081713 0.010742 0.027315
0 0.139282 0.099769 0.011963 0.026389
0 0.149048 0.052546 0.008545 0.021759
0 0.156250 0.023380 0.006836 0.019907
0 0.095581 0.048148 0.010498 0.025926
0 0.029785 0.031713 0.008789 0.024537
0 0.434082 0.922917 0.011719 0.029167
0 0.438110 0.849769 0.010010 0.022685
0 0.436035 0.782639 0.012695 0.024537
0 0.431030 0.711806 0.009521 0.023611
0 0.434692 0.647685 0.009033 0.018519
0 0.433472 0.597685 0.010010 0.021296
0 0.435059 0.532176 0.010254 0.024537
0 0.426880 0.468750 0.008545 0.019907
0 0.435181 0.421759 0.006104 0.021296
0 0.438843 0.365972 0.006592 0.018056
0 0.438477 0.309259 0.009277 0.025926
0 0.437378 0.249769 0.009033 0.026389
0 0.447266 0.210417 0.005859 0.018981
0 0.431885 0.132176 0.009277 0.025463
0 0.441162 0.080324 0.005859 0.025463
0 0.437134 0.049074 0.007568 0.023148
0 0.484619 0.109954 0.008789 0.025463
0 0.498535 0.075231 0.005859 0.018981
0 0.491699 0.235417 0.008789 0.025463
0 0.484619 0.293750 0.007324 0.025463
0 0.491821 0.375000 0.009033 0.025926
0 0.490601 0.337963 0.006592 0.024074
0 0.486816 0.448843 0.009277 0.023611
0 0.487793 0.547917 0.009277 0.027315
0 0.497314 0.615046 0.007812 0.022685
0 0.490234 0.674306 0.010254 0.021759
0 0.492554 0.749306 0.016846 0.022685
0 0.492310 0.825231 0.008057 0.020833
0 0.496826 0.892824 0.011230 0.017130
0 0.490845 0.952778 0.009033 0.018519
0 0.603882 0.936343 0.011963 0.022685
0 0.659546 0.962269 0.012451 0.025463
0 0.756104 0.898148 0.016113 0.025000
0 0.658813 0.903009 0.012451 0.021759
0 0.593750 0.852778 0.010742 0.022222
0 0.650757 0.825000 0.011475 0.020370
0 0.591553 0.786343 0.009277 0.024537
0 0.588013 0.711806 0.009521 0.025463
0 0.586670 0.646991 0.011719 0.023611
0 0.745239 0.816898 0.014404 0.025463
0 0.798462 0.775231 0.009033 0.016204
0 0.791748 0.721296 0.012695 0.021296
0 0.738159 0.729167 0.014404 0.025000
0 0.652222 0.739352 0.013428 0.024074
0 0.735596 0.682870 0.012695 0.021296
0 0.641602 0.677083 0.009766 0.019907
0 0.643188 0.617593 0.010986 0.023148
0 0.638184 0.552778 0.010742 0.023148
0 0.582153 0.534259 0.011963 0.024074
0 0.570312 0.473611 0.008789 0.019444
0 0.576660 0.416898 0.008301 0.018981
0 0.570435 0.371991 0.009521 0.026389
0 0.575562 0.311574 0.011963 0.025000
0 0.568115 0.270370 0.010254 0.025000
0 0.571045 0.221528 0.009277 0.025463
0 0.564575 0.172454 0.008057 0.023611
0 0.561768 0.134259 0.009277 0.026852
0 0.562134 0.104861 0.008545 0.018981
0 0.559326 0.046991 0.009277 0.024537
0 0.555054 0.024074 0.005127 0.020370
0 0.604736 0.034722 0.007324 0.019444
0 0.614136 0.114120 0.007080 0.018981
0 0.612793 0.202546 0.010254 0.022685
0 0.620117 0.281481 0.006836 0.025926
0 0.634399 0.383796 0.011963 0.023148
0 0.622192 0.331019 0.010498 0.028704
0 0.633423 0.434259 0.007568 0.024074
0 0.807983 0.921296 0.013428 0.023148
0 0.935913 0.978935 0.015381 0.025463
0 0.977417 0.929861 0.016846 0.023611
0 0.968994 0.852315 0.014160 0.018519
0 0.906860 0.898380 0.013428 0.022685
0 0.903809 0.818287 0.016113 0.023611
0 0.954956 0.787963 0.011963 0.017593
0 0.903687 0.754630 0.015869 0.025000
0 0.941650 0.720833 0.014160 0.022222
0 0.888916 0.682407 0.012207 0.025000
0 0.880005 0.628472 0.016846 0.025463
0 0.937744 0.652778 0.012695 0.021296
0 0.725830 0.618056 0.012207 0.022222
0 0.785767 0.640509 0.010498 0.024537
0 0.779541 0.584028 0.010254 0.020833
0 0.771484 0.511343 0.011230 0.025463
0 0.713257 0.542593 0.010010 0.018519
0 0.712036 0.500463 0.010010 0.022222
0 0.704224 0.446991 0.006592 0.020833
0 0.703857 0.391898 0.012695 0.023611
0 0.696655 0.339583 0.009033 0.022685
0 0.695068 0.280556 0.010254 0.022222
0 0.749023 0.357870 0.010254 0.021296
0 0.743774 0.314583 0.012451 0.016204
0 0.736694 0.256481 0.008057 0.018519
0 0.686523 0.229630 0.009766 0.024074
0 0.734741 0.212037 0.009033 0.016667
0 0.682739 0.152546 0.010986 0.025463
0 0.728760 0.166898 0.005859 0.018056
0 0.720337 0.131944 0.009033 0.019444
0 0.672485 0.107639 0.009521 0.024537
0 0.720215 0.090741 0.006348 0.018519
0 0.716797 0.047454 0.005371 0.017130
0 0.789917 0.078472 0.008057 0.021759
0 0.786987 0.048380 0.010498 0.025463
0 0.780762 0.009028 0.008301 0.017130
0 0.800415 0.103704 0.010498 0.027778
0 0.805420 0.158796 0.008301 0.021296
0 0.826904 0.240972 0.011719 0.018981
0 0.845825 0.051157 0.007568 0.021759
0 0.848511 0.136343 0.008545 0.026389
0 0.857910 0.172685 0.010742 0.018519
0 0.880859 0.275000 0.010742 0.017593
0 0.825317 0.290278 0.012451 0.025926
0 0.837646 0.343981 0.012207 0.022222
0 0.882935 0.318750 0.011963 0.020833
0 0.867188 0.566898 0.011230 0.018056
0 0.860107 0.509954 0.014160 0.024537
0 0.852783 0.449306 0.013184 0.021759
0 0.848633 0.404398 0.010254 0.018981
0 0.914307 0.471065 0.014160 0.021759
0 0.884155 0.424074 0.010498 0.016667
0 0.925415 0.546991 0.008057 0.012500
0 0.988525 0.487500 0.013672 0.024074
0 0.978149 0.420602 0.012939 0.024537
0 0.975586 0.375463 0.015137 0.027778
0 0.949829 0.326852 0.009521 0.018519
0 0.947876 0.269907 0.012939 0.028704
0 0.938965 0.235185 0.012695 0.022222
0 0.935303 0.181481 0.013672 0.017593
0 0.923218 0.129861 0.013916 0.026389
0 0.992432 0.243519 0.008301 0.013889
0 0.979492 0.194444 0.008301 0.015741
0 0.910156 0.093056 0.012207 0.026852
0 0.954468 0.074074 0.009521 0.016667
0 0.973145 0.153704 0.009277 0.017593
0 0.004028 0.561574 0.007568 0.021296
0 0.197388 0.069444 0.005615 0.016667
0 0.263550 0.011111 0.008057 0.020370
0 0.188477 0.206944 0.008789 0.024074
0 0.200439 0.113889 0.009277 0.023148
0 0.801758 0.790741 0.011719 0.012963
0 0.687134 0.197685 0.004639 0.015741
0 0.015625 0.115046 0.012207 0.020833
0 0.003906 0.193056 0.007324 0.025000
0 0.492554 0.158796 0.006104 0.024074
0 0.426025 0.994676 0.011719 0.009722
0 0.996338 0.540278 0.006836 0.028704
0 0.763550 0.468056 0.004150 0.015741