0 0.990479 0.509028 0.012695 0.022685
0 0.980103 0.441667 0.012939 0.022222
0 0.975342 0.395370 0.015625 0.025000
0 0.952393 0.344907 0.008301 0.020370
0 0.992554 0.261574 0.009033 0.015741
0 0.949097 0.288194 0.012939 0.025463
0 0.940796 0.252778 0.012939 0.021296
0 0.979370 0.210417 0.007080 0.014352
0 0.937012 0.197917 0.013184 0.019907
0 0.923706 0.146065 0.011475 0.023611
0 0.910889 0.109954 0.012207 0.026389
0 0.956055 0.088889 0.009766 0.017593
0 0.905151 0.077546 0.005615 0.018056
0 0.846680 0.067593 0.007324 0.020370
0 0.848755 0.150000 0.006592 0.023148
0 0.859375 0.188426 0.009277 0.019444
0 0.916260 0.494676 0.014160 0.020833
0 0.885620 0.443287 0.010498 0.015278
0 0.884277 0.340046 0.011719 0.021759
0 0.882080 0.293519 0.010742 0.017593
0 0.826050 0.309028 0.011963 0.027315
0 0.837891 0.362963 0.012207 0.023148
0 0.849731 0.425231 0.011475 0.020833
0 0.853760 0.471065 0.013184 0.021759
0 0.860229 0.530324 0.014404 0.023611
0 0.867676 0.590509 0.011719 0.018056
0 0.880493 0.653472 0.016357 0.022685
0 0.891235 0.705324 0.010010 0.014352
0 0.980835 0.960880 0.014893 0.021759
0 0.971680 0.882870 0.013184 0.018519
0 0.956055 0.816667 0.011230 0.016667
0 0.942993 0.747222 0.014404 0.021296
0 0.938477 0.676852 0.011230 0.022222
0 0.926025 0.568981 0.007812 0.013889
0 0.904297 0.778704 0.016113 0.023148
0 0.905396 0.846528 0.014893 0.021759
0 0.908936 0.928241 0.011230 0.022222
0 0.828857 0.258333 0.012695 0.021296
0 0.808228 0.172685 0.004150 0.020370
0 0.800293 0.120370 0.010742 0.028704
0 0.781738 0.018750 0.008789 0.023611
0 0.788086 0.060417 0.008301 0.021759
0 0.790039 0.092824 0.007324 0.021759
0 0.809082 0.952083 0.013184 0.024537
0 0.756104 0.928704 0.016113 0.025000
0 0.745483 0.845139 0.014893 0.025463
0 0.737793 0.755556 0.014648 0.025926
0 0.792603 0.747917 0.011963 0.020833
0 0.802368 0.819676 0.013428 0.011574
0 0.799316 0.803935 0.009277 0.017130
0 0.735107 0.708796 0.011719 0.022222
0 0.785645 0.666435 0.010254 0.021759
0 0.726074 0.642824 0.011230 0.020833
0 0.779785 0.605324 0.008301 0.025463
0 0.713013 0.566435 0.009033 0.020833
0 0.772095 0.532870 0.011963 0.025926
0 0.712524 0.522222 0.010986 0.022222
0 0.704590 0.464815 0.006836 0.020370
0 0.704346 0.409028 0.012207 0.024537
0 0.697266 0.356250 0.009277 0.024537
0 0.687012 0.248611 0.009277 0.025000
0 0.695923 0.296065 0.012451 0.024537
0 0.736816 0.273148 0.008301 0.020370
0 0.744385 0.332407 0.011719 0.017593
0 0.749023 0.378472 0.009277 0.021759
0 0.734863 0.227083 0.009277 0.017130
0 0.682983 0.168287 0.010498 0.024537
0 0.719482 0.149537 0.009766 0.017593
0 0.686646 0.214583 0.004639 0.015278
0 0.731445 0.178472 0.009766 0.024537
0 0.672485 0.122917 0.008057 0.025463
0 0.720581 0.107176 0.008057 0.019907
0 0.656494 0.014352 0.009277 0.022222
0 0.717529 0.065278 0.006836 0.020370
0 0.603760 0.968056 0.013184 0.025926
0 0.659790 0.990046 0.013428 0.018981
0 0.659546 0.931944 0.012451 0.024074
0 0.593384 0.883796 0.012939 0.023148
0 0.591553 0.813657 0.009766 0.024537
0 0.652466 0.767361 0.013428 0.024537
0 0.432007 0.952778 0.011475 0.029630
0 0.495117 0.922685 0.012695 0.017593
0 0.436401 0.879398 0.009521 0.023611
0 0.586914 0.739352 0.010254 0.025926
0 0.586304 0.672917 0.011963 0.022685
0 0.581421 0.556481 0.010986 0.022222
0 0.569824 0.496991 0.007812 0.023611
0 0.433228 0.809954 0.011963 0.026389
0 0.490723 0.853704 0.009277 0.025000
0 0.321045 0.874074 0.014160 0.024074
0 0.262085 0.915046 0.010498 0.025463
0 0.267334 0.833565 0.011230 0.027315
0 0.334351 0.720139 0.012451 0.030093
0 0.335693 0.670139 0.007324 0.020833
0 0.270142 0.768056 0.012939 0.025926
0 0.335205 0.592593 0.010254 0.025926
0 0.334717 0.538426 0.011719 0.026852
0 0.352051 0.481713 0.010254 0.028241
0 0.429688 0.740046 0.010254 0.025463
0 0.432251 0.674306 0.010010 0.022685
0 0.432129 0.621759 0.010742 0.023148
0 0.489624 0.700463 0.009521 0.024074
0 0.496582 0.641204 0.008301 0.025000
0 0.487061 0.572685 0.010742 0.026852
0 0.434082 0.555324 0.010254 0.027315
0 0.485474 0.470139 0.009521 0.025463
0 0.641602 0.705324 0.009277 0.022685
0 0.642944 0.643519 0.010986 0.026852
0 0.638550 0.576620 0.010986 0.025463
0 0.631470 0.457176 0.010498 0.027315
0 0.633545 0.404630 0.012207 0.023148
0 0.576660 0.437963 0.009766 0.022222
0 0.570557 0.391435 0.007324 0.029167
0 0.290405 0.642130 0.008545 0.010185
0 0.295898 0.405556 0.011230 0.023148
0 0.311035 0.296991 0.009766 0.030093
0 0.366455 0.314583 0.010254 0.026389
0 0.287354 0.574306 0.010254 0.022685
0 0.296387 0.452315 0.011719 0.025926
0 0.350464 0.420833 0.010010 0.026852
0 0.353516 0.375694 0.009277 0.022685
0 0.316895 0.244907 0.009766 0.024074
0 0.321777 0.167824 0.009766 0.023611
0 0.367554 0.178472 0.009521 0.024537
0 0.370728 0.088889 0.008545 0.025000
0 0.325439 0.035417 0.007324 0.021759
0 0.439697 0.097222 0.006348 0.024074
0 0.436646 0.065278 0.010010 0.027778
0 0.483887 0.126620 0.009766 0.025463
0 0.498047 0.091204 0.006348 0.022222
0 0.574829 0.331481 0.012451 0.027778
0 0.568115 0.289120 0.009766 0.028241
0 0.570190 0.239352 0.010010 0.026852
0 0.614014 0.129861 0.007812 0.018056
0 0.612305 0.217824 0.009766 0.025463
0 0.620239 0.300926 0.006592 0.026852
0 0.623047 0.352315 0.010742 0.026852
0 0.426270 0.495370 0.007812 0.025000
0 0.433838 0.442361 0.006836 0.022685
0 0.490723 0.395833 0.009766 0.027778
0 0.489746 0.357407 0.007812 0.023148
0 0.484375 0.311574 0.007812 0.022222
0 0.490967 0.252546 0.008789 0.026389
0 0.436279 0.268750 0.010254 0.027315
0 0.446045 0.225694 0.005859 0.019907
0 0.436890 0.329630 0.010010 0.029630
0 0.438232 0.387037 0.007324 0.015741
0 0.492310 0.176852 0.005127 0.023148
0 0.564209 0.187500 0.008301 0.024074
0 0.562622 0.149537 0.007080 0.026852
0 0.604858 0.048843 0.006104 0.016204
0 0.558960 0.060648 0.008057 0.020370
0 0.554688 0.037731 0.004395 0.020833
0 0.003296 0.958796 0.006104 0.026852
0 0.010132 0.887963 0.014404 0.019444
0 0.017822 0.811574 0.017090 0.026852
0 0.038818 0.740046 0.010742 0.018981
0 0.048584 0.678009 0.012207 0.023611
0 0.099365 0.945139 0.012695 0.023611
0 0.107666 0.865046 0.010254 0.023611
0 0.116821 0.779167 0.013428 0.027778
0 0.255493 0.984722 0.012939 0.025926
0 0.167969 0.971528 0.012695 0.024537
0 0.163940 0.879398 0.011475 0.020833
0 0.165771 0.812731 0.012207 0.022685
0 0.187744 0.747454 0.011719 0.020833
0 0.190186 0.679861 0.011719 0.021759
0 0.200562 0.611111 0.011475 0.024074
0 0.128052 0.718056 0.012451 0.023148
0 0.139038 0.596065 0.011963 0.026389
0 0.008301 0.535880 0.013184 0.025463
0 0.027344 0.478241 0.013672 0.025000
0 0.063110 0.556713 0.015381 0.024537
0 0.075562 0.500926 0.009521 0.019444
0 0.075684 0.437037 0.013672 0.027778
0 0.096436 0.390509 0.010254 0.023611
0 0.163086 0.423380 0.011230 0.026389
0 0.215820 0.431944 0.011230 0.024074
0 0.225708 0.380093 0.010010 0.025926
0 0.058228 0.264120 0.011475 0.029167
0 0.073853 0.180324 0.008545 0.024537
0 0.121826 0.234722 0.010742 0.026852
0 0.105347 0.289583 0.011963 0.024537
0 0.094604 0.340046 0.013428 0.023611
0 0.124512 0.181713 0.010742 0.027315
0 0.224487 0.330556 0.010010 0.022222
0 0.232178 0.288657 0.007812 0.022685
0 0.242188 0.235880 0.010254 0.025463
0 0.240845 0.195370 0.011475 0.026852
0 0.208740 0.487037 0.006348 0.019444
0 0.166260 0.363889 0.012207 0.024074
0 0.178955 0.322685 0.008789 0.019444
0 0.186646 0.225926 0.009033 0.025000
0 0.250122 0.107639 0.009521 0.023611
0 0.261719 0.025000 0.008789 0.018519
0 0.198853 0.130556 0.009521 0.023148
0 0.195312 0.087037 0.005371 0.017593
0 0.320190 0.129398 0.007080 0.018981
0 0.146729 0.068287 0.008789 0.021759
0 0.154663 0.040278 0.006592 0.020370
0 0.035034 0.363889 0.008057 0.018519
0 0.136719 0.115972 0.010742 0.026389
0 0.093506 0.064583 0.010254 0.023611
0 0.027588 0.045370 0.008301 0.022222
0 0.090698 0.096991 0.010010 0.022685
0 0.012451 0.132407 0.011719 0.022222