0 0.012451 0.624306 0.014648 0.030093
0 0.045898 0.460880 0.012207 0.025463
0 0.057739 0.412500 0.007568 0.021296
0 0.065796 0.356944 0.010498 0.020370
0 0.007202 0.332639 0.013428 0.025463
0 0.072266 0.314352 0.011230 0.025926
0 0.142334 0.333333 0.010254 0.026852
0 0.101196 0.129167 0.008545 0.020370
0 0.046021 0.100694 0.012939 0.030093
0 0.222412 0.118287 0.009766 0.022685
0 0.209106 0.197222 0.010986 0.025926
0 0.189697 0.359491 0.012695 0.025463
0 0.187500 0.400463 0.010254 0.022222
0 0.196655 0.254630 0.006592 0.018519
0 0.134521 0.278241 0.008301 0.018519
0 0.168457 0.518750 0.011230 0.024537
0 0.153809 0.643287 0.013672 0.025463
0 0.153564 0.703704 0.012207 0.026852
0 0.086182 0.686343 0.013184 0.024537
0 0.072021 0.827083 0.013184 0.022685
0 0.126099 0.845833 0.014404 0.024074
0 0.139893 0.779630 0.010742 0.021296
0 0.125000 0.924769 0.011719 0.026389
0 0.045532 0.986343 0.015869 0.024537
0 0.051270 0.900694 0.016113 0.025463
0 0.279663 0.987731 0.011475 0.023611
0 0.212646 0.957639 0.014160 0.025463
0 0.284180 0.918287 0.012207 0.026389
0 0.301636 0.830093 0.012451 0.025926
0 0.234497 0.801620 0.012939 0.030093
0 0.243774 0.722685 0.012451 0.025000
0 0.298950 0.703009 0.010986 0.019907
0 0.309448 0.625694 0.011963 0.023611
0 0.315674 0.496759 0.011230 0.027778
0 0.261597 0.416667 0.012451 0.023148
0 0.252319 0.487500 0.016357 0.030556
0 0.253418 0.603009 0.013672 0.026389
0 0.387817 0.576389 0.010010 0.022222
0 0.452515 0.546759 0.011475 0.025926
0 0.398438 0.505556 0.009766 0.025926
0 0.395996 0.456250 0.010254 0.023611
0 0.265381 0.360185 0.009766 0.029630
0 0.329834 0.325694 0.010254 0.029167
0 0.283691 0.273611 0.008789 0.027778
0 0.468140 0.494444 0.010498 0.018519
0 0.389404 0.849537 0.012695 0.029630
0 0.454956 0.952315 0.011475 0.027778
0 0.453125 0.886574 0.009766 0.025926
0 0.448853 0.817130 0.009521 0.024074
0 0.458862 0.734028 0.011963 0.028241
0 0.403320 0.696528 0.010254 0.027315
0 0.389404 0.763657 0.012695 0.026389
0 0.464233 0.429398 0.008545 0.018981
0 0.457275 0.370602 0.008789 0.025463
0 0.456787 0.329167 0.007812 0.023148
0 0.402954 0.359259 0.009521 0.025000
0 0.403198 0.295602 0.008545 0.025463
0 0.408447 0.252546 0.007812 0.025463
0 0.462036 0.262037 0.010010 0.029630
0 0.463013 0.229398 0.006592 0.021759
0 0.539917 0.346991 0.009521 0.025463
0 0.539307 0.410648 0.004883 0.022222
0 0.461792 0.614120 0.005127 0.024537
0 0.398438 0.204167 0.005859 0.020370
0 0.408447 0.150000 0.008789 0.029630
0 0.408691 0.080787 0.005859 0.014352
0 0.404907 0.035648 0.005127 0.019444
0 0.343506 0.021296 0.008789 0.028704
0 0.333008 0.250463 0.007812 0.022222
0 0.333008 0.205093 0.008301 0.024074
0 0.473633 0.140509 0.009766 0.026389
0 0.463501 0.097454 0.008057 0.017130
0 0.463135 0.059028 0.008789 0.026389
0 0.534302 0.045139 0.006592 0.020833
0 0.534302 0.121991 0.007568 0.019907
0 0.536377 0.200231 0.008301 0.029167
0 0.542847 0.263426 0.009033 0.022222
0 0.543945 0.452546 0.010254 0.028241
0 0.547852 0.579630 0.008789 0.031481
0 0.547241 0.530787 0.009033 0.019907
0 0.550049 0.635417 0.010254 0.028241
0 0.556030 0.715278 0.010986 0.025926
0 0.555298 0.940509 0.010986 0.026389
0 0.560913 0.855556 0.013916 0.027778
0 0.552368 0.782639 0.010986 0.026389
0 0.634644 0.963426 0.013428 0.026852
0 0.619385 0.883102 0.012207 0.024537
0 0.616699 0.806250 0.011719 0.024537
0 0.608643 0.678241 0.011230 0.024074
0 0.612061 0.606019 0.010742 0.025000
0 0.609375 0.550694 0.010254 0.020833
0 0.599487 0.481019 0.011963 0.025000
0 0.599243 0.436806 0.009033 0.022685
0 0.596069 0.371296 0.009521 0.025926
0 0.581909 0.050926 0.006104 0.021296
0 0.582642 0.103935 0.006104 0.022685
0 0.592651 0.178241 0.007568 0.026852
0 0.595337 0.236343 0.008545 0.019907
0 0.598145 0.308102 0.009277 0.030093
0 0.640015 0.015509 0.008545 0.024537
0 0.657593 0.314583 0.010010 0.023611
0 0.662842 0.384491 0.007812 0.027315
0 0.679932 0.538657 0.011719 0.025463
0 0.693359 0.607639 0.014648 0.028241
0 0.711426 0.803704 0.015137 0.030556
0 0.711914 0.890509 0.013672 0.026389
0 0.721680 0.969907 0.015625 0.028704
0 0.700439 0.728241 0.012207 0.026852
0 0.700195 0.677778 0.006836 0.018519
0 0.711914 0.293750 0.011230 0.030093
0 0.718628 0.252778 0.013428 0.023148
0 0.709717 0.198380 0.010742 0.028241
0 0.716309 0.353935 0.010742 0.024537
0 0.779541 0.917824 0.010742 0.023611
0 0.771484 0.854167 0.016113 0.022222
0 0.761841 0.763426 0.009521 0.020370
0 0.872314 0.815741 0.015625 0.025000
0 0.889648 0.901389 0.014160 0.025000
0 0.664551 0.428704 0.006348 0.018519
0 0.758667 0.697454 0.013428 0.025463
0 0.754028 0.624537 0.011963 0.025000
0 0.738892 0.576852 0.011475 0.021296
0 0.737305 0.519444 0.012695 0.023148
0 0.737915 0.456019 0.010986 0.021296
0 0.759399 0.055093 0.007080 0.023148
0 0.765991 0.097454 0.009033 0.026389
0 0.773071 0.144444 0.008545 0.023148
0 0.791382 0.234722 0.009521 0.025926
0 0.803345 0.325000 0.011963 0.027778
0 0.793945 0.285185 0.007812 0.022222
0 0.813477 0.391898 0.012207 0.026389
0 0.819458 0.448148 0.013428 0.023148
0 0.874390 0.746991 0.018311 0.024537
0 0.845093 0.617361 0.012939 0.026389
0 0.909302 0.637037 0.015869 0.024074
0 0.896851 0.575231 0.011475 0.025463
0 0.836914 0.540509 0.014648 0.032870
0 0.824341 0.494213 0.010010 0.022685
0 0.889038 0.463426 0.017822 0.023148
0 0.866699 0.401157 0.011719 0.025463
0 0.863892 0.343750 0.012451 0.028241
0 0.851074 0.230093 0.014160 0.031481
0 0.907593 0.157870 0.014893 0.033333
0 0.938477 0.353704 0.013672 0.027778
0 0.931763 0.310417 0.010986 0.026389
0 0.853760 0.287037 0.011719 0.020370
0 0.902344 0.987269 0.019531 0.023611
0 0.945312 0.862500 0.013184 0.021296
0 0.940186 0.791898 0.013184 0.024537
0 0.988037 0.576157 0.016113 0.027315
0 0.971680 0.521065 0.013184 0.030093
0 0.960449 0.473843 0.015137 0.022685
0 0.946899 0.417824 0.010498 0.018056
0 0.971069 0.232639 0.012451 0.018981
0 0.874756 0.035880 0.007324 0.022685
0 0.916626 0.017824 0.009521 0.015278
0 0.859619 0.007407 0.009766 0.013889