0 0.020996 0.235185 0.023926 0.037963
0 0.027222 0.096065 0.017822 0.045833
0 0.209473 0.014583 0.015137 0.028241
0 0.196167 0.243287 0.024170 0.037500
0 0.179688 0.366435 0.020508 0.029167
0 0.157837 0.477546 0.019287 0.037500
0 0.274780 0.441204 0.018799 0.037037
0 0.272949 0.570139 0.019531 0.031019
0 0.299072 0.305093 0.020020 0.048148
0 0.142578 0.632639 0.024414 0.032870
0 0.247559 0.701157 0.016602 0.027315
0 0.127075 0.754630 0.026611 0.037963
0 0.242920 0.860880 0.019043 0.039352
0 0.103027 0.863657 0.016602 0.031019
0 0.087646 0.982176 0.023926 0.033796
0 0.387207 0.929630 0.012207 0.035185
0 0.406250 0.668750 0.018066 0.034722
0 0.502319 0.898611 0.007080 0.024074
0 0.519531 0.785417 0.022949 0.041204
0 0.542480 0.638426 0.017578 0.032407
0 0.547974 0.528241 0.016846 0.031481
0 0.427124 0.553704 0.017334 0.036111
0 0.566528 0.408333 0.016846 0.033333
0 0.433960 0.415046 0.014893 0.032870
0 0.446045 0.287269 0.017090 0.033796
0 0.562500 0.274306 0.016602 0.037500
0 0.322021 0.215278 0.015137 0.032407
0 0.473511 0.172917 0.020264 0.046759
0 0.340454 0.096759 0.014404 0.036111
0 0.465820 0.071065 0.011719 0.031019
0 0.590088 0.031944 0.017090 0.042593
0 0.583862 0.146759 0.016357 0.033333
0 0.749146 0.111574 0.013428 0.034259
0 0.727783 0.335880 0.019043 0.038426
0 0.692017 0.681713 0.022705 0.037500
0 0.691772 0.846759 0.021240 0.036111
0 0.664307 0.949537 0.019531 0.038889
0 0.789429 0.924074 0.025635 0.043519
0 0.801514 0.790509 0.026855 0.031944
0 0.825684 0.679630 0.022461 0.036111
0 0.826782 0.535185 0.020752 0.032407
0 0.825439 0.415741 0.016602 0.030556
0 0.852051 0.310880 0.018555 0.033796
0 0.855469 0.141435 0.019531 0.035648
0 0.875244 0.069213 0.025391 0.041204
0 0.994629 0.297917 0.008301 0.028241
0 0.885864 0.216204 0.018311 0.026852
0 0.990234 0.435880 0.018066 0.037500
0 0.989136 0.562037 0.017334 0.029630
0 0.975708 0.684028 0.027100 0.035648
0 0.969849 0.806019 0.026123 0.029630
0 0.946655 0.957639 0.013428 0.031019