0 0.287231 0.101620 0.008545 0.020833
0 0.340454 0.225231 0.008057 0.019907
0 0.335083 0.303241 0.009521 0.022222
0 0.329224 0.439352 0.008545 0.025000
0 0.253906 0.451620 0.010254 0.018981
0 0.211670 0.417361 0.009277 0.015278
0 0.213623 0.378935 0.010254 0.016204
0 0.222412 0.281713 0.009766 0.013426
0 0.149292 0.329630 0.008545 0.019444
0 0.130249 0.440046 0.011475 0.018056
0 0.124146 0.481250 0.009521 0.016204
0 0.113770 0.523380 0.011719 0.021759
0 0.109131 0.596991 0.014648 0.017130
0 0.254761 0.557176 0.009033 0.019907
0 0.206299 0.470139 0.009766 0.022685
0 0.035156 0.305324 0.008789 0.017130
0 0.343384 0.109259 0.008545 0.015741
0 0.341187 0.137269 0.007568 0.020833
0 0.276978 0.225463 0.008057 0.018519
0 0.265991 0.340509 0.010498 0.021759
0 0.235474 0.125463 0.008545 0.018519
0 0.233643 0.156250 0.009766 0.021759
0 0.320435 0.617361 0.013428 0.023611
0 0.330444 0.510417 0.009521 0.022685
0 0.386108 0.596296 0.008545 0.024074
0 0.377197 0.534259 0.006836 0.023148
0 0.385620 0.473611 0.007568 0.017593
0 0.388550 0.250463 0.007080 0.019444
0 0.390503 0.171759 0.007080 0.013889
0 0.380371 0.659722 0.007812 0.018519
0 0.458252 0.616898 0.008789 0.018056
0 0.454590 0.562037 0.006836 0.018519
0 0.455200 0.458333 0.006592 0.020370
0 0.454834 0.406250 0.006836 0.018056
0 0.451904 0.366667 0.007324 0.016667
0 0.450317 0.318287 0.007568 0.019907
0 0.455688 0.234722 0.006592 0.016667
0 0.455811 0.192593 0.007812 0.020370
0 0.453979 0.150926 0.006104 0.017593
0 0.447998 0.114583 0.007324 0.015278
0 0.450195 0.069907 0.007324 0.020370
0 0.496460 0.132639 0.007568 0.021759
0 0.497437 0.223148 0.007568 0.015741
0 0.499878 0.293519 0.007080 0.022222
0 0.506104 0.433333 0.008789 0.021296
0 0.510498 0.594676 0.008789 0.020833
0 0.460571 0.675694 0.008545 0.018056
0 0.514893 0.707407 0.005859 0.021296
0 0.513794 0.762037 0.009521 0.019444
0 0.463501 0.803009 0.010010 0.017130
0 0.371338 0.775694 0.009766 0.016204
0 0.373169 0.892593 0.010010 0.020370
0 0.313232 0.730093 0.010742 0.021296
0 0.236938 0.779861 0.009521 0.021759
0 0.238647 0.710185 0.009521 0.017593
0 0.183960 0.690509 0.011475 0.018056
0 0.100708 0.709259 0.011475 0.019444
0 0.080322 0.770370 0.016113 0.021296
0 0.078369 0.842130 0.013184 0.019444
0 0.221191 0.850000 0.012695 0.018519
0 0.234253 0.916204 0.009033 0.019444
0 0.301636 0.944676 0.012939 0.019907
0 0.465454 0.869907 0.007568 0.021296
0 0.061157 0.979861 0.014404 0.018981
0 0.583130 0.472454 0.007568 0.018056
0 0.581787 0.528009 0.007812 0.017130
0 0.594849 0.627315 0.007568 0.020370
0 0.600464 0.749769 0.009521 0.019907
0 0.608643 0.877778 0.007324 0.017593
0 0.609863 0.953009 0.009766 0.019907
0 0.645996 0.651620 0.009766 0.018056
0 0.636108 0.443750 0.010010 0.020833
0 0.619263 0.352083 0.006592 0.017130
0 0.606201 0.251389 0.008301 0.019444
0 0.308228 0.867361 0.011963 0.018981
0 0.312134 0.799306 0.011475 0.019907
0 0.516968 0.899306 0.007568 0.017130
0 0.560059 0.131713 0.006836 0.016204
0 0.567749 0.203935 0.006104 0.021759
0 0.727905 0.689120 0.008545 0.022685
0 0.665283 0.842593 0.009277 0.017593
0 0.670288 0.906944 0.009521 0.016667
0 0.674561 0.982407 0.009766 0.019444
0 0.749146 0.882639 0.010010 0.019907
0 0.738525 0.803935 0.009277 0.021759
0 0.737671 0.745833 0.011963 0.021296
0 0.715210 0.578241 0.008545 0.020370
0 0.765869 0.548611 0.009277 0.022222
0 0.756836 0.495602 0.008301 0.018056
0 0.744995 0.407176 0.012939 0.022685
0 0.705200 0.413657 0.010010 0.023611
0 0.693970 0.386343 0.008545 0.016204
0 0.626343 0.494213 0.009033 0.020833
0 0.640625 0.550000 0.005859 0.018519
0 0.821167 0.966898 0.012939 0.019907
0 0.812988 0.900463 0.011719 0.021296
0 0.794678 0.773843 0.012695 0.019907
0 0.781738 0.701389 0.009766 0.023148
0 0.766357 0.589120 0.008301 0.017130
0 0.829468 0.481944 0.009033 0.017593
0 0.824829 0.437037 0.009521 0.015741
0 0.816528 0.382870 0.008057 0.017593
0 0.870605 0.438657 0.006836 0.023611
0 0.837158 0.530556 0.009766 0.020370
0 0.843872 0.579167 0.008545 0.020370
0 0.854858 0.641898 0.009033 0.018981
0 0.861938 0.691667 0.010010 0.021296
0 0.866455 0.765278 0.008789 0.015741
0 0.886230 0.884491 0.011230 0.018981
0 0.911133 0.956250 0.013672 0.019907
0 0.972046 0.985417 0.015381 0.023611
0 0.967651 0.916898 0.010986 0.018981
0 0.933228 0.780324 0.012451 0.022685
0 0.927979 0.720602 0.010742 0.019907
0 0.994507 0.740741 0.010986 0.017593
0 0.989990 0.677083 0.009766 0.020833
0 0.970337 0.601157 0.011963 0.019907
0 0.955566 0.511806 0.012207 0.018981
0 0.944824 0.458565 0.012695 0.018056
0 0.972168 0.378241 0.009766 0.020370
0 0.836304 0.263889 0.009033 0.021296
0 0.799805 0.290278 0.008789 0.018519
0 0.732300 0.311806 0.008545 0.018981
0 0.736206 0.358565 0.008545 0.015278
0 0.683228 0.299537 0.008545 0.020370
0 0.659790 0.064815 0.007568 0.019444
0 0.705811 0.112037 0.007324 0.023148
0 0.763550 0.030093 0.007568 0.013889
0 0.885254 0.196065 0.007812 0.017130
0 0.918823 0.354167 0.008545 0.015741
0 0.940430 0.248843 0.007812 0.019907
0 0.910156 0.095833 0.008301 0.024074
0 0.666382 0.096296 0.006592 0.020370
0 0.605347 0.149769 0.006104 0.015278
0 0.790039 0.208333 0.010254 0.020370
0 0.816040 0.151389 0.009033 0.018519
0 0.830078 0.181944 0.007324 0.020370
0 0.968506 0.337731 0.011230 0.018056
0 0.581055 0.422222 0.009277 0.021296
0 0.577026 0.374074 0.008057 0.018519
0 0.573364 0.330093 0.007080 0.018519
0 0.072876 0.109028 0.008057 0.015278
0 0.082764 0.015741 0.006836 0.013889
0 0.074219 0.450926 0.011230 0.017593
0 0.152344 0.250694 0.009277 0.018981
0 0.159424 0.198148 0.008789 0.017593
0 0.164917 0.162731 0.006104 0.016204
0 0.103394 0.650231 0.009521 0.017130
0 0.056396 0.563657 0.008301 0.015278
0 0.154541 0.952315 0.011230 0.018519
0 0.184082 0.761806 0.010254 0.015278
0 0.283203 0.137500 0.007324 0.016667
0 0.278076 0.181481 0.004883 0.015741
0 0.322632 0.563889 0.008057 0.020370
0 0.329834 0.363889 0.004883 0.013889
0 0.350830 0.024074 0.008789 0.023148
0 0.393188 0.019907 0.008057 0.020370
0 0.374512 0.828935 0.008301 0.019907
0 0.511230 0.643519 0.007324 0.016667
0 0.505493 0.534028 0.008057 0.017130
0 0.505005 0.484722 0.008057 0.018519
0 0.648560 0.708102 0.008545 0.019907
0 0.655273 0.783796 0.009766 0.020370
0 0.760742 0.951852 0.007812 0.016667
0 0.691528 0.328241 0.007080 0.018519
0 0.670288 0.175926 0.006592 0.017593
0 0.709351 0.153935 0.009521 0.017130
0 0.609985 0.221759 0.007080 0.021296
0 0.661987 0.030093 0.008057 0.019444
0 0.691406 0.043056 0.006348 0.018519
0 0.882324 0.503241 0.010254 0.017593
0 0.856201 0.356713 0.008789 0.017130
0 0.834839 0.229630 0.005615 0.019444
0 0.797852 0.043750 0.007324 0.017130
0 0.994995 0.163657 0.010010 0.018056
0 0.977905 0.084722 0.009521 0.022222
0 0.916626 0.308565 0.010010 0.013426
0 0.250244 0.602546 0.010742 0.019907
0 0.288452 0.036806 0.007568 0.017130
0 0.460083 0.987963 0.010010 0.019444
0 0.372925 0.704398 0.009033 0.020833
0 0.619507 0.307176 0.007080 0.018056
0 0.453125 0.015046 0.008301 0.014352
0 0.931274 0.417593 0.005615 0.014815
0 0.013794 0.399769 0.006592 0.014352
0 0.242920 0.656250 0.010254 0.018056
0 0.189331 0.633333 0.011963 0.023148
0 0.783691 0.651157 0.012207 0.018981
0 0.337769 0.400231 0.007080 0.016204
0 0.385376 0.336574 0.007568 0.018519
0 0.497681 0.070602 0.006592 0.018981
0 0.706909 0.478472 0.009521 0.021759
0 0.500732 0.392824 0.008301 0.017130
0 0.004150 0.945602 0.007812 0.020833
0 0.083374 0.360185 0.011475 0.012963
0 0.097168 0.314583 0.007812 0.015278
0 0.887451 0.165278 0.008789 0.019444
0 0.161987 0.888657 0.011963 0.018981
0 0.674805 0.249074 0.009766 0.016667
0 0.911865 0.652778 0.010742 0.020370
0 0.453979 0.740509 0.008057 0.016204
0 0.591553 0.584028 0.005371 0.018056
0 0.600952 0.079398 0.007080 0.016204
0 0.222412 0.326852 0.008301 0.016667
0 0.701904 0.070139 0.004883 0.021759
0 0.038086 0.685648 0.013184 0.021296
0 0.121826 0.105093 0.008301 0.018519
0 0.515869 0.825694 0.004883 0.017130
0 0.233765 0.198843 0.006104 0.016204
0 0.006592 0.453472 0.010742 0.014352
0 0.564575 0.168750 0.006104 0.008796
0 0.693970 0.008565 0.007080 0.016204
0 0.955688 0.016898 0.006592 0.016204
0 0.566162 0.098148 0.003906 0.013889
0 0.565674 0.242130 0.006836 0.012963