0 0.095093 0.034259 0.016357 0.020370
0 0.044434 0.124769 0.024414 0.039352
0 0.368164 0.006944 0.013184 0.012963
0 0.430786 0.140741 0.022217 0.046296
0 0.318848 0.069676 0.019043 0.036574
0 0.268188 0.138194 0.018799 0.045833
0 0.372803 0.226620 0.022461 0.044907
0 0.211182 0.242361 0.025391 0.045833
0 0.333862 0.329398 0.023193 0.042130
0 0.166260 0.331019 0.025391 0.038889
0 0.277588 0.412037 0.018066 0.030556
0 0.113525 0.390741 0.018555 0.030556
0 0.069946 0.471991 0.024658 0.042130
0 0.012085 0.567593 0.023682 0.039815
0 0.226807 0.531250 0.020508 0.032870
0 0.412231 0.548380 0.019287 0.043056
0 0.363770 0.649306 0.014160 0.032870
0 0.125854 0.671991 0.029053 0.036574
0 0.071655 0.765278 0.025146 0.041667
0 0.323364 0.744676 0.017822 0.038426
0 0.419800 0.832407 0.018311 0.028704
0 0.272705 0.817130 0.021484 0.035185
0 0.225220 0.923843 0.018311 0.045833
0 0.369873 0.938889 0.018066 0.042593
0 0.594482 0.990972 0.020996 0.018056
0 0.643555 0.867593 0.020508 0.042593
0 0.471436 0.761111 0.017090 0.042593
0 0.532959 0.668056 0.016113 0.032407
0 0.570435 0.587731 0.016846 0.038426
0 0.688232 0.786574 0.008301 0.011111
0 0.738647 0.705556 0.009521 0.029630
0 0.620117 0.503935 0.021973 0.041204
0 0.460693 0.475926 0.018555 0.035185
0 0.509277 0.371065 0.016602 0.031944
0 0.655396 0.388194 0.021240 0.039352
0 0.709595 0.308796 0.019287 0.040741
0 0.555542 0.278472 0.019775 0.041204
0 0.750244 0.221065 0.020508 0.038426
0 0.612549 0.212963 0.024902 0.039815
0 0.638062 0.121065 0.014893 0.031944
0 0.473999 0.089352 0.015381 0.033333
0 0.704834 0.043056 0.018555 0.040741
0 0.524780 0.016435 0.019775 0.031944
0 0.885010 0.012269 0.011230 0.023611
0 0.845825 0.060417 0.025635 0.032870
0 0.798950 0.145602 0.023193 0.031019
0 0.957031 0.275463 0.021973 0.041667
0 0.927246 0.364352 0.012207 0.031481
0 0.866577 0.453009 0.018311 0.035648
0 0.833130 0.515741 0.015381 0.025926
0 0.986084 0.555324 0.027832 0.039352
0 0.950806 0.599074 0.024170 0.030556
0 0.951538 0.688657 0.021729 0.027315
0 0.779297 0.618519 0.024414 0.037963
0 0.893555 0.732639 0.025879 0.037500
0 0.837891 0.792361 0.018555 0.039352
0 0.799927 0.895370 0.019775 0.036111
0 0.978516 0.988657 0.030273 0.022685
0 0.753906 0.994213 0.020996 0.011574