0 0.289551 0.187037 0.009766 0.020370
0 0.344116 0.315046 0.008057 0.019907
0 0.338501 0.399306 0.008057 0.025463
0 0.331665 0.547685 0.008545 0.025000
0 0.253784 0.569907 0.012451 0.023148
0 0.208862 0.527083 0.010498 0.022685
0 0.212280 0.483102 0.010986 0.021759
0 0.220825 0.382870 0.011475 0.022222
0 0.145630 0.435880 0.010498 0.022685
0 0.124878 0.551620 0.011475 0.018056
0 0.117310 0.599769 0.010986 0.020833
0 0.106812 0.643287 0.013428 0.025463
0 0.101929 0.730787 0.015869 0.020833
0 0.254150 0.680556 0.009277 0.020370
0 0.203247 0.584954 0.011963 0.022685
0 0.025879 0.409259 0.011719 0.018519
0 0.347534 0.192361 0.010986 0.021759
0 0.345337 0.223843 0.012451 0.023611
0 0.277954 0.317593 0.008057 0.018519
0 0.265259 0.448843 0.010498 0.021759
0 0.234985 0.210880 0.009521 0.018981
0 0.233643 0.244676 0.009766 0.021759
0 0.323364 0.742824 0.013428 0.023611
0 0.333862 0.624769 0.009521 0.022685
0 0.391968 0.723380 0.010010 0.018981
0 0.384277 0.661574 0.006836 0.023148
0 0.390991 0.592130 0.007568 0.017593
0 0.394409 0.345370 0.008057 0.021296
0 0.396240 0.258102 0.007812 0.017130
0 0.386230 0.789815 0.007812 0.018519
0 0.462891 0.747222 0.010742 0.020370
0 0.463501 0.681713 0.008545 0.019907
0 0.463257 0.568981 0.006592 0.020370
0 0.463623 0.513889 0.010254 0.019444
0 0.460571 0.468750 0.007568 0.017130
0 0.458618 0.416435 0.007568 0.019907
0 0.463867 0.326620 0.008301 0.019907
0 0.463867 0.284722 0.011230 0.021296
0 0.463135 0.237963 0.008789 0.016667
0 0.456909 0.201620 0.008545 0.021759
0 0.458252 0.151389 0.007324 0.020370
0 0.505371 0.214815 0.008789 0.021296
0 0.506714 0.315278 0.007568 0.015741
0 0.510376 0.389120 0.010010 0.018981
0 0.515747 0.541435 0.008545 0.021759
0 0.523926 0.719676 0.008789 0.020833
0 0.468384 0.808102 0.008545 0.018056
0 0.526855 0.842593 0.010254 0.019444
0 0.525757 0.903241 0.009521 0.019444
0 0.473267 0.948611 0.010498 0.020370
0 0.376099 0.921759 0.010498 0.018519
0 0.315918 0.875231 0.011719 0.024537
0 0.236084 0.929167 0.012207 0.023148
0 0.237427 0.845602 0.011963 0.024537
0 0.180298 0.829630 0.013916 0.021296
0 0.091919 0.848843 0.012939 0.020833
0 0.069702 0.920139 0.017822 0.033796
0 0.219482 0.993056 0.013184 0.013889
0 0.597168 0.583796 0.010254 0.019444
0 0.596680 0.644676 0.007812 0.017130
0 0.609863 0.755093 0.008789 0.024074
0 0.616699 0.892130 0.009766 0.019444
0 0.623413 0.990046 0.010010 0.018981
0 0.663818 0.784491 0.009766 0.018056
0 0.652466 0.551852 0.011475 0.023148
0 0.634644 0.452083 0.006592 0.017130
0 0.619873 0.344444 0.009277 0.022222
0 0.314209 0.944676 0.010254 0.018981
0 0.571167 0.216667 0.007568 0.016667
0 0.579712 0.293287 0.007568 0.022685
0 0.750000 0.826389 0.010254 0.022222
0 0.684937 0.989120 0.011475 0.021759
0 0.763184 0.952778 0.010254 0.023148
0 0.762573 0.894907 0.011963 0.021296
0 0.733154 0.701620 0.013184 0.027315
0 0.787598 0.665741 0.009277 0.022222
0 0.778564 0.608565 0.008301 0.018056
0 0.764771 0.512731 0.013916 0.023611
0 0.724243 0.520139 0.010010 0.023611
0 0.711060 0.486343 0.008545 0.016204
0 0.642822 0.606250 0.009766 0.018981
0 0.658447 0.668056 0.006836 0.018519
0 0.822876 0.921991 0.012939 0.024537
0 0.806152 0.833796 0.009766 0.023148
0 0.789795 0.713194 0.008301 0.017130
0 0.855103 0.594444 0.009033 0.017593
0 0.849731 0.547454 0.010498 0.017130
0 0.841187 0.487963 0.008057 0.017593
0 0.897339 0.542593 0.009033 0.023148
0 0.864746 0.645833 0.011230 0.023148
0 0.872681 0.703009 0.010986 0.020833
0 0.882935 0.769213 0.009033 0.018981
0 0.891479 0.830093 0.011963 0.022222
0 0.896118 0.906944 0.010986 0.021296
0 0.966919 0.921296 0.012451 0.024074
0 0.961670 0.858102 0.013672 0.023611
0 0.985107 0.625694 0.014160 0.018981
0 0.973633 0.565972 0.012695 0.018056
0 0.859497 0.361574 0.009033 0.021296
0 0.822876 0.389583 0.011963 0.022685
0 0.750122 0.404861 0.008545 0.018981
0 0.755859 0.463889 0.009766 0.022222
0 0.674561 0.142593 0.010254 0.019444
0 0.721924 0.191667 0.007324 0.023148
0 0.782837 0.109028 0.007568 0.014352
0 0.908203 0.276852 0.010254 0.019444
0 0.945435 0.452778 0.012451 0.017593
0 0.968872 0.339815 0.010986 0.018519
0 0.682983 0.173148 0.006592 0.020370
0 0.619019 0.237500 0.008545 0.017593
0 0.811768 0.297222 0.010254 0.020370
0 0.837036 0.236574 0.009033 0.018519
0 0.851074 0.266204 0.008301 0.019444
0 0.994385 0.437731 0.011230 0.018056
0 0.595337 0.529398 0.011475 0.021759
0 0.590088 0.474306 0.009766 0.021759
0 0.585083 0.425926 0.008545 0.023148
0 0.065063 0.193750 0.009521 0.016204
0 0.075806 0.090972 0.008057 0.015278
0 0.066162 0.565741 0.011230 0.021296
0 0.148193 0.347685 0.008789 0.017593
0 0.156860 0.293750 0.010986 0.018981
0 0.095703 0.784259 0.012207 0.017593
0 0.180786 0.909028 0.011963 0.022685
0 0.284790 0.224537 0.007080 0.020370
0 0.278687 0.272222 0.006104 0.014815
0 0.326172 0.686574 0.009766 0.018519
0 0.334595 0.468287 0.008057 0.018056
0 0.355225 0.099537 0.008789 0.023148
0 0.398804 0.096065 0.010498 0.019907
0 0.523193 0.772222 0.007324 0.016667
0 0.519043 0.651620 0.006836 0.019907
0 0.515747 0.600000 0.008057 0.018519
0 0.665894 0.841898 0.008545 0.019907
0 0.673828 0.924074 0.009766 0.020370
0 0.707886 0.427546 0.010498 0.019907
0 0.686646 0.265509 0.006592 0.018056
0 0.726196 0.241898 0.008545 0.018056
0 0.626099 0.315046 0.010498 0.019907
0 0.674805 0.101620 0.008789 0.024537
0 0.706543 0.114352 0.006348 0.018519
0 0.908569 0.622685 0.012939 0.018519
0 0.881226 0.463194 0.010010 0.017130
0 0.857910 0.321991 0.006836 0.021759
0 0.817139 0.122454 0.007324 0.017130
0 0.941284 0.406713 0.010986 0.012500
0 0.251221 0.724306 0.015625 0.029167
0 0.289429 0.117130 0.007568 0.017593
0 0.378784 0.845602 0.009033 0.020833
0 0.460938 0.093287 0.008301 0.014352
0 0.962769 0.522917 0.009033 0.017130
0 0.004028 0.511343 0.007568 0.016204
0 0.244263 0.789120 0.009521 0.016204
0 0.184326 0.760417 0.011230 0.019907
0 0.342285 0.510880 0.008789 0.018056
0 0.390869 0.439583 0.008789 0.024537
0 0.506226 0.149769 0.006592 0.018981
0 0.511841 0.497917 0.007568 0.021759
0 0.074585 0.464120 0.010010 0.018981
0 0.090820 0.417824 0.011230 0.019907
0 0.463379 0.874074 0.009277 0.017593
0 0.605835 0.703472 0.007568 0.019907
0 0.612793 0.158102 0.005859 0.018981
0 0.234009 0.288657 0.009033 0.021759
0 0.709961 0.078241 0.007324 0.019444
0 0.566284 0.103009 0.009521 0.018056
0 0.219849 0.325926 0.009521 0.020370
0 0.274414 0.354861 0.007324 0.018981
0 0.623535 0.190278 0.008789 0.017593
0 0.767456 0.039120 0.010010 0.018981
0 0.125000 0.492361 0.010742 0.013426
0 0.047852 0.690509 0.014648 0.027315
0 0.380615 0.981481 0.010742 0.020370
0 0.190674 0.032639 0.009277 0.017130
0 0.220947 0.423843 0.010742 0.017130
0 0.799316 0.023380 0.010254 0.015278
0 0.011597 0.948380 0.016357 0.022685
0 0.198486 0.702083 0.015137 0.018981
0 0.499756 0.046296 0.007812 0.019444
0 0.117920 0.186111 0.008789 0.017593
0 0.577271 0.176852 0.009521 0.015741
0 0.528564 0.971065 0.010742 0.024537
0 0.343262 0.274537 0.008789 0.020370
0 0.576660 0.256481 0.009277 0.016667
0 0.052368 0.234491 0.010986 0.017130
0 0.595825 0.011806 0.010498 0.013426
0 0.357910 0.008102 0.009277 0.015278
0 0.355713 0.045602 0.008301 0.024537
0 0.634766 0.403472 0.007812 0.021759
0 0.935181 0.171528 0.008057 0.026389
0 0.160645 0.251620 0.006348 0.016204
0 0.700317 0.395602 0.010498 0.020833