0 0.333740 0.411806 0.013672 0.029167
0 0.325928 0.505093 0.015137 0.037037
0 0.319946 0.665972 0.014404 0.035648
0 0.193970 0.639352 0.021729 0.028704
0 0.194336 0.595602 0.017090 0.029167
0 0.206787 0.481019 0.017578 0.031481
0 0.126343 0.539120 0.017334 0.031019
0 0.103516 0.663426 0.019043 0.027778
0 0.096558 0.716204 0.019287 0.028704
0 0.082031 0.771065 0.016602 0.030093
0 0.078735 0.856713 0.020752 0.028241
0 0.239014 0.802315 0.015625 0.025000
0 0.184082 0.701389 0.019043 0.032407
0 0.005249 0.513194 0.010010 0.026389
0 0.336670 0.279167 0.014160 0.024074
0 0.266113 0.412269 0.016602 0.028241
0 0.251221 0.553009 0.017578 0.031944
0 0.218628 0.331944 0.014893 0.028704
0 0.309326 0.879167 0.016113 0.033333
0 0.320679 0.750463 0.015381 0.025926
0 0.382202 0.853241 0.014404 0.033333
0 0.374268 0.784028 0.013184 0.036574
0 0.381714 0.709954 0.016357 0.028241
0 0.385986 0.441435 0.013184 0.027315
0 0.388062 0.346991 0.012939 0.024537
0 0.374634 0.929398 0.013916 0.031019
0 0.459229 0.878241 0.014160 0.027778
0 0.455811 0.809259 0.014160 0.029630
0 0.458252 0.682407 0.012207 0.027778
0 0.455933 0.623611 0.010010 0.026852
0 0.453735 0.573611 0.011475 0.025000
0 0.453125 0.518981 0.013184 0.034259
0 0.458862 0.424074 0.013916 0.032407
0 0.457886 0.373380 0.013916 0.028241
0 0.455688 0.326157 0.011963 0.026389
0 0.450562 0.280787 0.013428 0.031019
0 0.453491 0.228472 0.013428 0.033796
0 0.501831 0.301157 0.012939 0.038426
0 0.503296 0.409259 0.013428 0.028704
0 0.505249 0.489352 0.011475 0.034259
0 0.510742 0.659259 0.015137 0.035185
0 0.518555 0.844676 0.014648 0.027315
0 0.462280 0.948380 0.013916 0.029167
0 0.218750 0.986343 0.014648 0.027315
0 0.164551 0.897685 0.018555 0.025926
0 0.066284 0.984954 0.020264 0.030093
0 0.596191 0.698148 0.013672 0.031481
0 0.594482 0.763657 0.013184 0.025463
0 0.610840 0.884722 0.014160 0.030556
0 0.665649 0.915741 0.015381 0.032407
0 0.654541 0.670139 0.013672 0.030093
0 0.635986 0.558796 0.013184 0.029630
0 0.621216 0.439583 0.012939 0.031019
0 0.570801 0.301157 0.011230 0.024537
0 0.578979 0.383333 0.012451 0.028704
0 0.757202 0.962500 0.015381 0.029630
0 0.739380 0.829167 0.015869 0.027778
0 0.795410 0.791898 0.015625 0.030093
0 0.784912 0.721991 0.014160 0.028241
0 0.770386 0.618287 0.015381 0.035648
0 0.729858 0.631250 0.016357 0.031944
0 0.715210 0.596991 0.011475 0.023611
0 0.644287 0.727546 0.012695 0.027315
0 0.658936 0.790509 0.012695 0.028241
0 0.815186 0.975463 0.016602 0.037963
0 0.864868 0.709028 0.020264 0.037500
0 0.858276 0.655093 0.021240 0.036111
0 0.847534 0.586806 0.018799 0.032870
0 0.907227 0.660880 0.020508 0.031944
0 0.874146 0.769213 0.017334 0.031944
0 0.883545 0.830787 0.018555 0.033796
0 0.894043 0.895602 0.016602 0.031944
0 0.975464 0.984491 0.021729 0.031019
0 0.991089 0.684259 0.017822 0.028704
0 0.870117 0.456250 0.021484 0.037500
0 0.831299 0.484491 0.019531 0.032870
0 0.756348 0.509954 0.014648 0.029167
0 0.760864 0.564815 0.014404 0.028704
0 0.676758 0.220602 0.011230 0.027315
0 0.727295 0.269676 0.013184 0.030093
0 0.790771 0.177778 0.013184 0.027778
0 0.957520 0.561806 0.016602 0.024537
0 0.685669 0.263194 0.011963 0.030093
0 0.619629 0.322917 0.011230 0.026389
0 0.817749 0.395139 0.016846 0.039352
0 0.593994 0.639815 0.012207 0.025926
0 0.588745 0.581481 0.012451 0.029630
0 0.584839 0.527546 0.013428 0.031944
0 0.043823 0.274537 0.014404 0.025926
0 0.057617 0.174074 0.011719 0.019444
0 0.131592 0.440741 0.016113 0.025926
0 0.139404 0.383796 0.017090 0.033333
0 0.068970 0.921528 0.018799 0.027315
0 0.271851 0.311111 0.016846 0.033333
0 0.263672 0.359259 0.015137 0.029630
0 0.312378 0.812731 0.015869 0.029167
0 0.322388 0.574306 0.014893 0.027315
0 0.391968 0.168056 0.013916 0.028704
0 0.517700 0.905324 0.012451 0.029167
0 0.689819 0.346296 0.011475 0.021296
0 0.731079 0.328935 0.012939 0.028241
0 0.625122 0.399306 0.009033 0.026389
0 0.678467 0.175694 0.012695 0.027315
0 0.710571 0.193981 0.010986 0.026852
0 0.920410 0.734722 0.017090 0.030556
0 0.889160 0.565972 0.020020 0.033796
0 0.869019 0.410880 0.017334 0.029167
0 0.825684 0.194444 0.014648 0.027778
0 0.454834 0.168750 0.012695 0.026389
0 0.976929 0.636343 0.017334 0.025463
0 0.224243 0.925463 0.014404 0.025926
0 0.330078 0.616204 0.012695 0.026852
0 0.382202 0.546065 0.013916 0.028241
0 0.502075 0.223843 0.012939 0.031019
0 0.507202 0.601620 0.012451 0.030093
0 0.051880 0.573611 0.016357 0.031481
0 0.069214 0.522454 0.015381 0.020833
0 0.606689 0.829861 0.013672 0.027315
0 0.613037 0.234491 0.011719 0.030093
0 0.713257 0.151157 0.010498 0.029167
0 0.563354 0.172454 0.011475 0.029167
0 0.623291 0.277315 0.011719 0.025000
0 0.774292 0.114120 0.015381 0.031944
0 0.176880 0.105556 0.014893 0.029630
0 0.805054 0.092361 0.018311 0.038426
0 0.098145 0.271991 0.013672 0.021759
0 0.595337 0.078472 0.011963 0.027315
0 0.705200 0.498843 0.013916 0.027315
0 0.567627 0.071759 0.011230 0.027778
0 0.286987 0.057176 0.014404 0.022685
0 0.349243 0.077546 0.011475 0.028241
0 0.498291 0.121296 0.013672 0.036111
0 0.065918 0.117361 0.012207 0.034722
0 0.393066 0.064352 0.012207 0.029630
0 0.844238 0.314815 0.018066 0.035185
0 0.602539 0.041667 0.010742 0.024074
0 0.022217 0.816435 0.014648 0.026389
0 0.277222 0.268981 0.013916 0.028704
0 0.335205 0.314352 0.013672 0.029630
0 0.029175 0.331713 0.013916 0.028241
0 0.158936 0.972685 0.020508 0.026852
0 0.219971 0.376620 0.014160 0.026389
0 0.221191 0.292130 0.015625 0.025926
0 0.237671 0.682870 0.017822 0.028704
0 0.278198 0.188889 0.014893 0.027778
0 0.344971 0.174537 0.012207 0.028704
0 0.904175 0.962731 0.015869 0.028241
0 0.920288 0.365741 0.012939 0.033333
0 0.797485 0.844907 0.016846 0.028704
0 0.234375 0.081019 0.013672 0.024074
0 0.456665 0.026852 0.013428 0.022222
0 0.859131 0.357639 0.013672 0.026389
0 0.980469 0.431713 0.015137 0.030093
0 0.515259 0.773380 0.013916 0.031019
0 0.512695 0.711806 0.012695 0.032870
0 0.042847 0.686111 0.016357 0.025926
0 0.897461 0.074306 0.012207 0.026389
0 0.944824 0.252546 0.017578 0.026389
0 0.295166 0.015046 0.020020 0.027315
0 0.610474 0.190509 0.011963 0.030093