0 0.092407 0.043519 0.016357 0.014815
0 0.362427 0.007407 0.012939 0.013889
0 0.312012 0.074769 0.018066 0.037500
0 0.264160 0.144444 0.021973 0.045370
0 0.205811 0.251157 0.021484 0.033796
0 0.163574 0.340972 0.024414 0.045833
0 0.111572 0.400463 0.018066 0.026852
0 0.068604 0.488657 0.024414 0.051389
0 0.521118 0.014583 0.019287 0.028241
0 0.471191 0.091667 0.017090 0.032407
0 0.427124 0.146991 0.022217 0.044907
0 0.370850 0.232176 0.018555 0.036574
0 0.330811 0.334028 0.019043 0.033796
0 0.275269 0.416898 0.014404 0.032870
0 0.506226 0.371528 0.017822 0.032870
0 0.460571 0.480093 0.020264 0.037963
0 0.224487 0.540046 0.022705 0.038426
0 0.411377 0.550463 0.019531 0.037037
0 0.363770 0.652546 0.014160 0.031944
0 0.125854 0.681019 0.027100 0.037037
0 0.073853 0.776852 0.022705 0.045370
0 0.322388 0.746759 0.015869 0.033333
0 0.471680 0.762963 0.018555 0.038889
0 0.422363 0.838426 0.017090 0.030556
0 0.276001 0.822222 0.019287 0.031481
0 0.227173 0.927546 0.018799 0.039352
0 0.371094 0.943287 0.018066 0.042130
0 0.594360 0.989815 0.023682 0.020370
0 0.646240 0.865278 0.023438 0.037963
0 0.532349 0.669676 0.018799 0.028241
0 0.570557 0.585417 0.016602 0.040278
0 0.688965 0.781250 0.009766 0.009722
0 0.739746 0.703935 0.009277 0.023611
0 0.802124 0.888657 0.015381 0.033796
0 0.758545 0.992361 0.015625 0.015278
0 0.778564 0.612037 0.025391 0.040741
0 0.619263 0.499306 0.019775 0.037500
0 0.655029 0.385417 0.020020 0.033796
0 0.709839 0.300463 0.016846 0.035185
0 0.551758 0.276389 0.017578 0.039815
0 0.608643 0.210185 0.019043 0.037963
0 0.748047 0.212963 0.020996 0.036111
0 0.634766 0.117824 0.015137 0.029167
0 0.702881 0.033565 0.015137 0.040278
0 0.795898 0.139583 0.019531 0.032870
0 0.840210 0.054398 0.024170 0.032870
0 0.881348 0.010880 0.015625 0.019907
0 0.953125 0.262037 0.028809 0.041667
0 0.925903 0.353472 0.012939 0.028241
0 0.864258 0.442824 0.013184 0.036574
0 0.985718 0.542361 0.028564 0.039352
0 0.949707 0.585185 0.031250 0.033333
0 0.832886 0.506019 0.020264 0.037037
0 0.953003 0.678472 0.023193 0.031944
0 0.893921 0.724537 0.023682 0.029630
0 0.839233 0.783565 0.021729 0.035648
0 0.983398 0.981481 0.030273 0.037037
0 0.012939 0.586574 0.025391 0.035185
0 0.041748 0.133796 0.024414 0.036111