0 0.290283 0.160648 0.009766 0.020370
0 0.344360 0.292361 0.008057 0.019907
0 0.338013 0.371065 0.011475 0.027315
0 0.332153 0.519444 0.008545 0.025000
0 0.255493 0.534722 0.012451 0.023148
0 0.212402 0.497454 0.010254 0.018056
0 0.214722 0.455556 0.010986 0.021296
0 0.224731 0.356019 0.011475 0.022222
0 0.148804 0.406713 0.010498 0.022685
0 0.127075 0.521991 0.011475 0.018056
0 0.121704 0.565972 0.010986 0.020833
0 0.109497 0.613657 0.013428 0.025463
0 0.106323 0.691435 0.015869 0.020833
0 0.255859 0.643519 0.009277 0.020370
0 0.206421 0.555787 0.011963 0.022685
0 0.030762 0.377315 0.011719 0.018519
0 0.346802 0.171991 0.010986 0.021759
0 0.348267 0.202083 0.012451 0.023611
0 0.278442 0.295370 0.008057 0.018519
0 0.267456 0.418750 0.010498 0.021759
0 0.236938 0.185417 0.009521 0.018981
0 0.235596 0.221991 0.009766 0.021759
0 0.324585 0.701157 0.013428 0.023611
0 0.336792 0.597917 0.009521 0.022685
0 0.391724 0.682176 0.010010 0.018981
0 0.383789 0.625926 0.006836 0.023148
0 0.391724 0.559722 0.007568 0.017593
0 0.393921 0.318981 0.008057 0.021296
0 0.397461 0.238657 0.007812 0.017130
0 0.386475 0.744907 0.007812 0.018519
0 0.466797 0.706944 0.010742 0.020370
0 0.460938 0.648611 0.011230 0.021296
0 0.463501 0.538426 0.006592 0.020370
0 0.462402 0.486574 0.010254 0.019444
0 0.459839 0.440046 0.007568 0.017130
0 0.457886 0.391898 0.007568 0.019907
0 0.463623 0.305787 0.008301 0.019907
0 0.463623 0.254630 0.011230 0.021296
0 0.464111 0.218519 0.008789 0.016667
0 0.454712 0.177083 0.006592 0.015278
0 0.457764 0.129167 0.007324 0.020370
0 0.504639 0.186574 0.008789 0.021296
0 0.505981 0.290278 0.007568 0.015741
0 0.509155 0.363657 0.010010 0.018981
0 0.515015 0.515972 0.008545 0.021759
0 0.520264 0.681250 0.008789 0.020833
0 0.469360 0.761806 0.008545 0.018056
0 0.525635 0.804167 0.010254 0.019444
0 0.524292 0.862500 0.009521 0.019444
0 0.472290 0.900463 0.010498 0.020370
0 0.376099 0.868519 0.010498 0.018519
0 0.379028 0.992130 0.008057 0.015741
0 0.317383 0.834028 0.011719 0.024537
0 0.237305 0.880093 0.012207 0.023148
0 0.237793 0.806944 0.009766 0.019444
0 0.184692 0.781481 0.013916 0.021296
0 0.096802 0.801389 0.011475 0.019444
0 0.078003 0.879861 0.017822 0.033796
0 0.221069 0.946528 0.014893 0.028241
0 0.472656 0.973611 0.008301 0.018519
0 0.594727 0.551852 0.010254 0.019444
0 0.593994 0.611343 0.007812 0.017130
0 0.607300 0.718519 0.007568 0.020370
0 0.615479 0.855556 0.009766 0.019444
0 0.623413 0.990046 0.010010 0.018981
0 0.661377 0.748843 0.009766 0.018056
0 0.650024 0.525000 0.011475 0.023148
0 0.631714 0.418750 0.006592 0.017130
0 0.617676 0.312963 0.009277 0.022222
0 0.309326 0.971759 0.010254 0.018519
0 0.314819 0.896991 0.011475 0.019907
0 0.568115 0.190509 0.006836 0.016204
0 0.577759 0.267824 0.007568 0.022685
0 0.746094 0.787500 0.010254 0.022222
0 0.682739 0.954398 0.011475 0.021759
0 0.770264 0.988426 0.011719 0.023148
0 0.759277 0.912963 0.010254 0.023148
0 0.757690 0.855093 0.011963 0.021296
0 0.730347 0.659722 0.008545 0.020370
0 0.783691 0.629167 0.009277 0.022222
0 0.774414 0.577083 0.008301 0.018056
0 0.760742 0.486111 0.011719 0.022222
0 0.720581 0.493750 0.010010 0.023611
0 0.709106 0.461806 0.008545 0.016204
0 0.639771 0.577546 0.009033 0.020833
0 0.655029 0.636574 0.005859 0.018519
0 0.817139 0.880787 0.012695 0.019907
0 0.800781 0.796296 0.009766 0.023148
0 0.784180 0.677546 0.008301 0.017130
0 0.849976 0.566204 0.009033 0.017593
0 0.844604 0.520139 0.010498 0.017130
0 0.833618 0.456019 0.008057 0.017593
0 0.893066 0.518750 0.006836 0.023611
0 0.858643 0.621296 0.011230 0.023148
0 0.866821 0.673380 0.010986 0.020833
0 0.877319 0.738194 0.009033 0.018981
0 0.885376 0.787963 0.011963 0.022222
0 0.891235 0.869907 0.010986 0.021296
0 0.911255 0.990741 0.013428 0.018519
0 0.957642 0.882407 0.012451 0.024074
0 0.956055 0.819213 0.013672 0.023611
0 0.979736 0.596991 0.014160 0.018981
0 0.967529 0.539120 0.012695 0.018056
0 0.854370 0.333333 0.009033 0.021296
0 0.817993 0.357176 0.011963 0.022685
0 0.748657 0.384028 0.008545 0.018981
0 0.753418 0.433333 0.009766 0.022222
0 0.697632 0.368056 0.008545 0.020370
0 0.672119 0.123611 0.010254 0.019444
0 0.718018 0.167130 0.007324 0.023148
0 0.779907 0.086806 0.007568 0.014352
0 0.902832 0.255093 0.010254 0.019444
0 0.940063 0.429167 0.008545 0.015741
0 0.960205 0.306250 0.011719 0.022685
0 0.931641 0.149074 0.008301 0.024074
0 0.680298 0.156481 0.006592 0.020370
0 0.617920 0.208333 0.011719 0.022222
0 0.808838 0.274074 0.010254 0.020370
0 0.831909 0.211574 0.009033 0.018519
0 0.847168 0.241667 0.008301 0.019444
0 0.989990 0.408565 0.011230 0.018056
0 0.592896 0.503009 0.011475 0.021759
0 0.589233 0.450463 0.008057 0.018519
0 0.583862 0.398611 0.008545 0.023148
0 0.068481 0.173380 0.009521 0.016204
0 0.080688 0.073380 0.008057 0.015278
0 0.068604 0.540741 0.011230 0.021296
0 0.151855 0.320602 0.010254 0.020833
0 0.158325 0.266435 0.010986 0.018981
0 0.100220 0.741898 0.009521 0.017130
0 0.183472 0.859028 0.011963 0.022685
0 0.286133 0.203241 0.007324 0.016667
0 0.280396 0.250231 0.004639 0.017130
0 0.324951 0.655093 0.009766 0.018519
0 0.336182 0.443056 0.011230 0.021296
0 0.354980 0.081019 0.008789 0.023148
0 0.398804 0.075231 0.010498 0.019907
0 0.521484 0.733333 0.007324 0.016667
0 0.518066 0.621991 0.006836 0.019907
0 0.514526 0.571296 0.008057 0.018519
0 0.662476 0.789120 0.008545 0.019907
0 0.670898 0.890741 0.009766 0.020370
0 0.705688 0.404861 0.010498 0.019907
0 0.683960 0.237037 0.006592 0.017593
0 0.721680 0.210648 0.009766 0.018519
0 0.622192 0.280787 0.010498 0.019907
0 0.673584 0.080787 0.008789 0.024537
0 0.704102 0.093056 0.006348 0.018519
0 0.903931 0.585648 0.012939 0.018519
0 0.876099 0.434954 0.010010 0.017130
0 0.855713 0.293287 0.006836 0.021759
0 0.814941 0.096528 0.007324 0.017130
0 0.936890 0.380324 0.010010 0.013426
0 0.250610 0.699769 0.010010 0.018981
0 0.291138 0.095602 0.007568 0.017130
0 0.380005 0.796065 0.009033 0.020833
0 0.632690 0.374074 0.008057 0.021296
0 0.460693 0.068287 0.008301 0.014352
0 0.953003 0.485417 0.009033 0.017130
0 0.007080 0.479630 0.009766 0.018519
0 0.248169 0.753935 0.009521 0.016204
0 0.188232 0.717361 0.011230 0.019907
0 0.802734 0.746991 0.012207 0.018981
0 0.342041 0.477546 0.008789 0.018056
0 0.391113 0.419213 0.008789 0.024537
0 0.503784 0.125231 0.006592 0.018981
0 0.721802 0.558102 0.010010 0.019907
0 0.510498 0.471065 0.008301 0.017130
0 0.078735 0.433565 0.010010 0.018981
0 0.094238 0.390046 0.011230 0.019907
0 0.907227 0.224537 0.008789 0.019444
0 0.689941 0.317130 0.009766 0.016667
0 0.933594 0.741667 0.010742 0.020370
0 0.461914 0.830093 0.009277 0.017593
0 0.602661 0.664583 0.007568 0.019907
0 0.610718 0.131250 0.007080 0.016204
0 0.119141 0.167130 0.010742 0.019444
0 0.236206 0.263194 0.009033 0.021759
0 0.706543 0.060648 0.007324 0.019444
0 0.975220 0.069907 0.008057 0.020370
0 0.575928 0.307407 0.006836 0.012963
0 0.563599 0.076620 0.009521 0.018056
0 0.879883 0.108796 0.007812 0.016667
0 0.892090 0.181019 0.007324 0.013889
0 0.221313 0.300926 0.009521 0.020370
0 0.278320 0.336111 0.008789 0.016667
0 0.620605 0.165046 0.005859 0.012500
0 0.916748 0.637269 0.011230 0.023611
0 0.608398 0.091204 0.008301 0.015741
0 0.056274 0.210185 0.011475 0.017593
0 0.029541 0.334722 0.005859 0.011111
0 0.107544 0.288889 0.012939 0.023148
0 0.345703 0.246528 0.009277 0.018981
0 0.910400 0.052778 0.007324 0.013889
0 0.087646 0.026389 0.008301 0.018519
0 0.322754 0.783333 0.009277 0.017593
0 0.163696 0.225231 0.005615 0.014352
0 0.500610 0.029861 0.008545 0.016204
0 0.765747 0.023843 0.010010 0.018981
0 0.715698 0.121528 0.010010 0.018981
0 0.040649 0.294907 0.009521 0.017593
0 0.129395 0.458565 0.010742 0.013426
0 0.659912 0.017593 0.008789 0.016667
0 0.052856 0.658102 0.014404 0.027315
0 0.052979 0.770370 0.013184 0.025000
0 0.380127 0.932870 0.010742 0.020370
0 0.819336 0.130093 0.009277 0.019444
0 0.192627 0.015046 0.009277 0.017130
0 0.224365 0.400694 0.010742 0.017130
0 0.794922 0.008102 0.010254 0.015278
0 0.994263 0.455324 0.009521 0.027315
0 0.925293 0.339583 0.010254 0.021759