0 0.290527 0.146759 0.009766 0.020370
0 0.344360 0.271991 0.008057 0.019907
0 0.341675 0.358565 0.011475 0.027315
0 0.333618 0.493981 0.008545 0.025000
0 0.256226 0.511574 0.012451 0.023148
0 0.212646 0.473380 0.010254 0.018056
0 0.214966 0.435185 0.010986 0.021296
0 0.224243 0.332639 0.010986 0.019907
0 0.150269 0.387731 0.010498 0.022685
0 0.129517 0.498380 0.011475 0.018056
0 0.122681 0.541898 0.010986 0.020833
0 0.112793 0.588426 0.013184 0.023148
0 0.108276 0.662269 0.015869 0.020833
0 0.256592 0.618519 0.009277 0.020370
0 0.206787 0.528935 0.009766 0.022685
0 0.032715 0.360648 0.011719 0.018519
0 0.349243 0.154861 0.010986 0.021759
0 0.347778 0.184028 0.012451 0.023611
0 0.279663 0.274074 0.008057 0.018519
0 0.268188 0.396991 0.010498 0.021759
0 0.238159 0.171065 0.009521 0.018981
0 0.235840 0.203935 0.009766 0.021759
0 0.325073 0.683102 0.013428 0.023611
0 0.335571 0.571528 0.009521 0.022685
0 0.392456 0.659954 0.010010 0.018981
0 0.383301 0.596759 0.006836 0.023148
0 0.391479 0.534259 0.007568 0.017593
0 0.394653 0.302315 0.008057 0.021296
0 0.396729 0.218287 0.007812 0.017130
0 0.386475 0.728704 0.007812 0.018519
0 0.465576 0.683796 0.010742 0.020370
0 0.461670 0.623148 0.008301 0.019444
0 0.461792 0.514815 0.006592 0.020370
0 0.461426 0.461806 0.006836 0.018056
0 0.458374 0.417824 0.007568 0.017130
0 0.457397 0.369676 0.007568 0.019907
0 0.464355 0.282176 0.008301 0.019907
0 0.463867 0.241667 0.011230 0.021296
0 0.460693 0.195833 0.008789 0.016667
0 0.455566 0.158565 0.007324 0.015278
0 0.455811 0.110185 0.007324 0.020370
0 0.503418 0.176852 0.008789 0.021296
0 0.504517 0.269444 0.007568 0.015741
0 0.507690 0.343287 0.009033 0.017130
0 0.514282 0.489583 0.008545 0.021759
0 0.517334 0.659028 0.008789 0.020833
0 0.467896 0.746528 0.008545 0.018056
0 0.523682 0.776157 0.005859 0.018056
0 0.522827 0.834722 0.009521 0.019444
0 0.471313 0.877315 0.010498 0.020370
0 0.377075 0.850000 0.010498 0.018519
0 0.379028 0.972685 0.010010 0.020370
0 0.318115 0.808102 0.011719 0.024537
0 0.239502 0.851852 0.012207 0.023148
0 0.239990 0.778704 0.009766 0.019444
0 0.185425 0.763426 0.013916 0.021296
0 0.098511 0.783796 0.011475 0.019444
0 0.079224 0.848148 0.019287 0.029630
0 0.076416 0.922454 0.017090 0.023611
0 0.222412 0.923611 0.012695 0.018519
0 0.236328 0.992593 0.008789 0.014815
0 0.473633 0.943056 0.008301 0.018519
0 0.592407 0.529398 0.007568 0.018056
0 0.591797 0.589120 0.007812 0.017130
0 0.604858 0.688426 0.007568 0.020370
0 0.613281 0.822685 0.009766 0.019444
0 0.621948 0.958333 0.009521 0.018519
0 0.657471 0.720602 0.009766 0.018056
0 0.647461 0.502778 0.010742 0.020370
0 0.630249 0.406250 0.006592 0.017130
0 0.615967 0.299537 0.009277 0.022222
0 0.309814 0.948148 0.010254 0.018519
0 0.315796 0.877546 0.011475 0.019907
0 0.568359 0.174306 0.006836 0.016204
0 0.576538 0.251620 0.007568 0.022685
0 0.743164 0.758796 0.010254 0.022222
0 0.678833 0.919213 0.011475 0.021759
0 0.684937 0.988426 0.009521 0.016667
0 0.765869 0.963889 0.011719 0.023148
0 0.754883 0.881944 0.010254 0.023148
0 0.753296 0.823148 0.011963 0.021296
0 0.727417 0.638426 0.008545 0.020370
0 0.781250 0.607407 0.009277 0.022222
0 0.770996 0.553009 0.008301 0.018056
0 0.758789 0.462963 0.011719 0.022222
0 0.718140 0.468750 0.010010 0.023611
0 0.706421 0.441898 0.008545 0.016204
0 0.636353 0.553009 0.009033 0.020833
0 0.651855 0.609259 0.005859 0.018519
0 0.831299 0.981481 0.011719 0.021296
0 0.812500 0.850694 0.012695 0.019907
0 0.797607 0.774537 0.009766 0.023148
0 0.781006 0.653009 0.008301 0.017130
0 0.845581 0.539815 0.009033 0.017593
0 0.841187 0.493750 0.010498 0.017130
0 0.830688 0.432870 0.008057 0.017593
0 0.888184 0.495602 0.006836 0.023611
0 0.854492 0.594444 0.011230 0.023148
0 0.860962 0.643981 0.008545 0.020370
0 0.873169 0.708565 0.009033 0.018981
0 0.880981 0.763426 0.011963 0.022222
0 0.885132 0.838426 0.010986 0.021296
0 0.907349 0.968287 0.012451 0.023611
0 0.953857 0.854398 0.018066 0.027315
0 0.948242 0.791435 0.013672 0.023611
0 0.989380 0.668750 0.011963 0.019907
0 0.973633 0.571528 0.014160 0.018981
0 0.963135 0.516435 0.012695 0.018056
0 0.990112 0.434028 0.011963 0.022685
0 0.851929 0.309722 0.009033 0.021296
0 0.815186 0.340741 0.008789 0.018519
0 0.744019 0.361343 0.008545 0.018981
0 0.748413 0.412269 0.008545 0.015278
0 0.694458 0.347222 0.008545 0.020370
0 0.670776 0.106481 0.007568 0.019444
0 0.717773 0.152315 0.007324 0.023148
0 0.775757 0.070602 0.007568 0.014352
0 0.900635 0.237731 0.007812 0.017130
0 0.934937 0.406019 0.008545 0.015741
0 0.957031 0.296065 0.007812 0.019907
0 0.924561 0.134722 0.008301 0.024074
0 0.678345 0.138426 0.006592 0.020370
0 0.615601 0.196065 0.007080 0.017130
0 0.804199 0.255093 0.010254 0.020370
0 0.830444 0.198611 0.009033 0.018519
0 0.843994 0.226157 0.008301 0.018981
0 0.984619 0.387731 0.011230 0.018056
0 0.590454 0.478009 0.011475 0.021759
0 0.586548 0.426852 0.008057 0.018519
0 0.581909 0.377778 0.007080 0.018519
0 0.070435 0.153009 0.009521 0.016204
0 0.082886 0.054861 0.008057 0.015278
0 0.072266 0.513426 0.011230 0.021296
0 0.153564 0.302546 0.010254 0.020833
0 0.160278 0.248380 0.010986 0.018981
0 0.166626 0.209954 0.006104 0.016204
0 0.101929 0.721991 0.009521 0.017130
0 0.054688 0.629861 0.008301 0.015278
0 0.183716 0.840278 0.010986 0.018519
0 0.286377 0.184722 0.007324 0.016667
0 0.281250 0.227315 0.004883 0.015741
0 0.327026 0.629630 0.008057 0.020370
0 0.334961 0.419676 0.006348 0.017130
0 0.355225 0.063889 0.008789 0.023148
0 0.398804 0.057870 0.008057 0.020370
0 0.520752 0.711111 0.007324 0.016667
0 0.513916 0.596991 0.006836 0.019907
0 0.513306 0.544444 0.008057 0.018519
0 0.659302 0.773380 0.008545 0.019907
0 0.667969 0.856481 0.009766 0.020370
0 0.703735 0.379861 0.010498 0.019907
0 0.681274 0.220833 0.006592 0.017593
0 0.720093 0.201620 0.009521 0.017130
0 0.621704 0.266898 0.010498 0.019907
0 0.671143 0.065046 0.008789 0.024537
0 0.701904 0.079167 0.006348 0.018519
0 0.899780 0.561574 0.012939 0.018519
0 0.872681 0.411343 0.010010 0.017130
0 0.851318 0.274306 0.006836 0.021759
0 0.811279 0.083102 0.007324 0.017130
0 0.993530 0.118981 0.009521 0.022222
0 0.930054 0.355324 0.010010 0.013426
0 0.251831 0.667824 0.010010 0.018981
0 0.290894 0.076620 0.007568 0.017130
0 0.378052 0.771528 0.009033 0.020833
0 0.631470 0.360185 0.008057 0.021296
0 0.458984 0.053009 0.008301 0.014352
0 0.948853 0.471528 0.009033 0.017130
0 0.012085 0.456250 0.006592 0.014352
0 0.246216 0.724306 0.009521 0.016204
0 0.188721 0.697917 0.011230 0.019907
0 0.800293 0.711806 0.012207 0.018981
0 0.342529 0.457639 0.008789 0.018056
0 0.391113 0.396065 0.008789 0.024537
0 0.504761 0.110880 0.006592 0.018981
0 0.720825 0.533102 0.009521 0.021759
0 0.510010 0.445602 0.008301 0.017130
0 0.081177 0.417361 0.010010 0.018981
0 0.096924 0.370602 0.007812 0.015278
0 0.903320 0.207407 0.008789 0.019444
0 0.160522 0.974306 0.016846 0.019907
0 0.685059 0.301852 0.009766 0.016667
0 0.930908 0.723148 0.010742 0.020370
0 0.461548 0.811343 0.008057 0.016204
0 0.601929 0.648843 0.007568 0.019907
0 0.609009 0.119213 0.007080 0.016204
0 0.224609 0.375926 0.008301 0.016667
0 0.034790 0.756713 0.014893 0.020833
0 0.122314 0.149074 0.010742 0.019444
0 0.524658 0.906481 0.006348 0.021296
0 0.236938 0.248843 0.008057 0.015278
0 0.004883 0.511806 0.009277 0.014352
0 0.704590 0.044444 0.007324 0.019444
0 0.971069 0.053704 0.008057 0.020370
0 0.576050 0.142361 0.007568 0.018056
0 0.573486 0.291204 0.006836 0.012963
0 0.870239 0.055556 0.007568 0.020370
0 0.563599 0.068287 0.009521 0.018056
0 0.875244 0.095833 0.007812 0.016667
0 0.885986 0.159491 0.008301 0.014352
0 0.003052 0.564120 0.005615 0.016204
0 0.223022 0.284028 0.008545 0.016204
0 0.278320 0.312963 0.004883 0.012963
0 0.020020 0.883565 0.015137 0.016204
0 0.619629 0.152546 0.005859 0.012500
0 0.913818 0.619676 0.011230 0.023611
0 0.712402 0.108333 0.009277 0.017593
0 0.526733 0.978935 0.011475 0.021759
0 0.606934 0.079167 0.008301 0.015741
0 0.058960 0.194907 0.011475 0.017593
0 0.034058 0.315741 0.010010 0.015741
0 0.111206 0.270833 0.012939 0.023148
0 0.344482 0.228472 0.009277 0.018981
0 0.906494 0.037500 0.007324 0.013889