0 0.211304 0.011574 0.014893 0.022222
0 0.337158 0.087037 0.013184 0.041667
0 0.202515 0.121528 0.005615 0.022685
0 0.194336 0.235880 0.023438 0.034722
0 0.319824 0.206944 0.015625 0.035185
0 0.298462 0.298148 0.020752 0.044444
0 0.177246 0.360185 0.020508 0.029630
0 0.019043 0.228009 0.023926 0.037500
0 0.024414 0.088889 0.017090 0.041667
0 0.272827 0.434491 0.022705 0.042130
0 0.156128 0.470602 0.016846 0.036574
0 0.272217 0.563657 0.018555 0.032870
0 0.140869 0.625926 0.025391 0.030556
0 0.248535 0.692824 0.019531 0.030093
0 0.125732 0.748380 0.028320 0.037500
0 0.242310 0.853241 0.019775 0.040741
0 0.101562 0.857176 0.013672 0.032870
0 0.085571 0.977546 0.025146 0.034722
0 0.386597 0.921528 0.016846 0.039352
0 0.499634 0.888194 0.010498 0.031944
0 0.518188 0.773380 0.021729 0.041204
0 0.394043 0.799769 0.014648 0.033796
0 0.404175 0.660185 0.016846 0.034259
0 0.539307 0.630093 0.018555 0.033333
0 0.424561 0.545139 0.017578 0.031944
0 0.548218 0.517130 0.015869 0.037037
0 0.565308 0.399074 0.018799 0.035185
0 0.432861 0.406250 0.012695 0.031944
0 0.444458 0.278241 0.018311 0.040741
0 0.558594 0.265046 0.020020 0.038426
0 0.470337 0.163657 0.020264 0.045833
0 0.580322 0.137037 0.020508 0.037963
0 0.464722 0.064120 0.016846 0.033796
0 0.586060 0.023380 0.018311 0.040278
0 0.746948 0.099537 0.014404 0.037963
0 0.739014 0.183565 0.016602 0.029167
0 0.873047 0.055324 0.025391 0.042130
0 0.854126 0.129630 0.019775 0.037963
0 0.881470 0.202083 0.017334 0.031944
0 0.850952 0.298843 0.020752 0.038426
0 0.821655 0.403472 0.019287 0.037500
0 0.719360 0.436806 0.011475 0.029167
0 0.725098 0.327315 0.023438 0.046296
0 0.822998 0.524074 0.018066 0.039815
0 0.701172 0.556481 0.009766 0.010185
0 0.690063 0.670602 0.023682 0.041204
0 0.823730 0.667361 0.017578 0.036574
0 0.798706 0.778241 0.026611 0.043519
0 0.689331 0.834259 0.026611 0.045370
0 0.787964 0.910648 0.023193 0.042593
0 0.661865 0.935417 0.020996 0.042130
0 0.955444 0.943519 0.031982 0.033333
0 0.969849 0.792593 0.030518 0.036111
0 0.973267 0.665972 0.028564 0.037500
0 0.987183 0.550926 0.018799 0.035185
0 0.989014 0.421065 0.021973 0.042130
0 0.993042 0.280556 0.013916 0.040741