0 0.001587 0.331250 0.002686 0.028241
0 0.031128 0.222917 0.018311 0.022685
0 0.041260 0.106944 0.016113 0.016667
0 0.087769 0.014815 0.030029 0.028704
0 0.291504 0.063657 0.018555 0.040278
0 0.411133 0.118981 0.017090 0.038889
0 0.451294 0.024074 0.013916 0.038889
0 0.374023 0.191435 0.018555 0.047685
0 0.253052 0.163889 0.018311 0.037963
0 0.211914 0.253704 0.021484 0.040741
0 0.328003 0.301620 0.018311 0.035648
0 0.299927 0.415046 0.017822 0.031944
0 0.168335 0.380556 0.026611 0.032407
0 0.132935 0.483333 0.024170 0.038889
0 0.443481 0.509491 0.017334 0.036574
0 0.254150 0.518056 0.014648 0.034259
0 0.402954 0.598843 0.021729 0.041204
0 0.216675 0.658102 0.023193 0.035648
0 0.053467 0.664120 0.022461 0.033796
0 0.366211 0.719676 0.016113 0.034722
0 0.335571 0.823611 0.015869 0.037963
0 0.133667 0.835185 0.025635 0.035185
0 0.011108 0.784722 0.021729 0.035185
0 0.296265 0.918519 0.017334 0.043519
0 0.090942 0.950926 0.027588 0.038889
0 0.404419 0.989120 0.017822 0.021759
0 0.447754 0.873380 0.009277 0.028241
0 0.633911 0.964120 0.021729 0.049537
0 0.746460 0.984028 0.026123 0.031944
0 0.792725 0.902315 0.022949 0.037963
0 0.821655 0.768519 0.017822 0.037037
0 0.665161 0.812037 0.024170 0.042593
0 0.484375 0.783565 0.019531 0.039352
0 0.534546 0.667593 0.015381 0.028704
0 0.701294 0.713426 0.006104 0.007407
0 0.845947 0.656250 0.020020 0.035648
0 0.740234 0.615741 0.010254 0.024074
0 0.560303 0.566898 0.021973 0.039352
0 0.767822 0.512500 0.022461 0.047222
0 0.601196 0.466204 0.018311 0.035185
0 0.808960 0.390278 0.015381 0.032407
0 0.834106 0.317130 0.016357 0.040741
0 0.624878 0.341667 0.021240 0.040741
0 0.668945 0.243750 0.020508 0.043981
0 0.477173 0.383565 0.017334 0.031019
0 0.510742 0.273148 0.019531 0.037963
0 0.559448 0.184954 0.022217 0.039352
0 0.695068 0.136806 0.019531 0.046759
0 0.572876 0.086343 0.015381 0.034722
0 0.732178 0.042593 0.017578 0.037037
0 0.900269 0.107639 0.023193 0.042130
0 0.883545 0.205324 0.013184 0.028241
0 0.993652 0.260185 0.012695 0.037963
0 0.963135 0.363194 0.025879 0.036574
0 0.929565 0.424074 0.026611 0.037963
0 0.941650 0.509722 0.021973 0.031481
0 0.891724 0.577315 0.022217 0.032407
0 0.994263 0.798148 0.011475 0.037963
0 0.970215 0.914120 0.024414 0.035648