0 0.073975 0.080324 0.012695 0.023611
0 0.028076 0.171296 0.025391 0.039815
0 0.347046 0.015741 0.021729 0.030556
0 0.300903 0.088657 0.020264 0.043056
0 0.254517 0.165509 0.020752 0.043056
0 0.458374 0.094444 0.016357 0.030556
0 0.417358 0.150926 0.019775 0.043519
0 0.360474 0.244676 0.018799 0.034722
0 0.197754 0.278472 0.027832 0.040278
0 0.324585 0.350000 0.017334 0.032407
0 0.156982 0.366898 0.027832 0.039352
0 0.270630 0.436343 0.017334 0.029167
0 0.108154 0.427315 0.013672 0.028704
0 0.065063 0.518287 0.024170 0.037500
0 0.457153 0.483796 0.014893 0.041667
0 0.409790 0.557870 0.019775 0.040741
0 0.223267 0.566204 0.021240 0.038889
0 0.010498 0.621065 0.020508 0.031944
0 0.363770 0.659028 0.010254 0.034722
0 0.324097 0.762963 0.022217 0.035185
0 0.125366 0.711806 0.025146 0.038426
0 0.076050 0.809259 0.026611 0.037037
0 0.279541 0.841667 0.018555 0.037037
0 0.428833 0.848611 0.011963 0.030556
0 0.377197 0.954861 0.020508 0.040278
0 0.234009 0.951389 0.015381 0.039815
0 0.474365 0.768750 0.020996 0.045833
0 0.533325 0.667824 0.018799 0.031944
0 0.650635 0.856019 0.020508 0.043519
0 0.740479 0.686806 0.010254 0.034722
0 0.692993 0.771759 0.010498 0.013889
0 0.604370 0.990046 0.020752 0.019907
0 0.768311 0.983333 0.021973 0.033333
0 0.807861 0.857639 0.015625 0.036574
0 0.570068 0.583102 0.017578 0.037500
0 0.617310 0.494907 0.019775 0.038889
0 0.776489 0.592130 0.023682 0.042593
0 0.500854 0.371759 0.015381 0.034259
0 0.649902 0.374306 0.020020 0.038426
0 0.544678 0.273843 0.019043 0.042130
0 0.701050 0.284491 0.016846 0.027315
0 0.599243 0.204861 0.023193 0.039352
0 0.736816 0.192824 0.020996 0.038426
0 0.781860 0.118750 0.019287 0.034722
0 0.621338 0.108102 0.014648 0.038426
0 0.687744 0.023843 0.021484 0.044907
0 0.509644 0.015278 0.017334 0.029630
0 0.826538 0.026620 0.025635 0.037500
0 0.995850 0.118287 0.008301 0.029167
0 0.943726 0.226157 0.022217 0.035648
0 0.916016 0.319444 0.012207 0.023148
0 0.860107 0.416204 0.016113 0.029630
0 0.983765 0.504398 0.027100 0.044907
0 0.948608 0.553704 0.025635 0.036111
0 0.950928 0.645602 0.022461 0.035648
0 0.895630 0.693750 0.023193 0.030093
0 0.842651 0.756019 0.017334 0.035185
0 0.986572 0.947222 0.026855 0.043519
0 0.830811 0.482176 0.018555 0.028241