0 0.289185 0.120602 0.008545 0.020833
0 0.342651 0.242361 0.008057 0.019907
0 0.339478 0.326852 0.009521 0.022222
0 0.331421 0.461111 0.008545 0.025000
0 0.255859 0.476157 0.010254 0.018981
0 0.213135 0.440509 0.009277 0.015278
0 0.215698 0.401389 0.010986 0.021296
0 0.223877 0.302546 0.009766 0.013426
0 0.151001 0.356944 0.008545 0.019444
0 0.131470 0.465046 0.011475 0.018056
0 0.125122 0.507176 0.009521 0.016204
0 0.114990 0.551620 0.011719 0.021759
0 0.110596 0.627546 0.014648 0.017130
0 0.256470 0.583102 0.009033 0.019907
0 0.207031 0.495602 0.009766 0.022685
0 0.034180 0.328935 0.008789 0.017130
0 0.346313 0.127315 0.008545 0.015741
0 0.344360 0.154861 0.007568 0.020833
0 0.279175 0.245833 0.008057 0.018519
0 0.267212 0.363657 0.010498 0.021759
0 0.237427 0.143056 0.008545 0.018519
0 0.236084 0.179398 0.009766 0.021759
0 0.323364 0.647454 0.013428 0.023611
0 0.333374 0.537269 0.009521 0.022685
0 0.389038 0.625000 0.008545 0.024074
0 0.380859 0.562037 0.006836 0.023148
0 0.389526 0.501852 0.007568 0.017593
0 0.391724 0.272222 0.007080 0.019444
0 0.393677 0.191204 0.007080 0.013889
0 0.383789 0.691204 0.007812 0.018519
0 0.462402 0.646528 0.008789 0.018056
0 0.459229 0.589352 0.006836 0.018519
0 0.458618 0.481481 0.006592 0.020370
0 0.458984 0.430324 0.006836 0.018056
0 0.455078 0.387963 0.007324 0.016667
0 0.454224 0.340509 0.007568 0.019907
0 0.459717 0.253935 0.008301 0.019907
0 0.459717 0.212963 0.007812 0.020370
0 0.457642 0.169444 0.006104 0.017593
0 0.452148 0.134028 0.007324 0.015278
0 0.453369 0.087500 0.007324 0.020370
0 0.500122 0.149306 0.007568 0.021759
0 0.500610 0.242593 0.007568 0.015741
0 0.503296 0.313426 0.007080 0.022222
0 0.509521 0.456944 0.008789 0.021296
0 0.515625 0.622454 0.008789 0.020833
0 0.465454 0.707176 0.008545 0.018056
0 0.519287 0.738426 0.005859 0.021296
0 0.518433 0.794444 0.009521 0.019444
0 0.467407 0.834954 0.010010 0.017130
0 0.374512 0.807639 0.009766 0.016204
0 0.376099 0.927778 0.010010 0.020370
0 0.316406 0.765278 0.010742 0.021296
0 0.239380 0.810880 0.009521 0.021759
0 0.240845 0.737963 0.009521 0.017593
0 0.186157 0.721991 0.011475 0.018056
0 0.101440 0.742593 0.011475 0.019444
0 0.081299 0.806481 0.016113 0.021296
0 0.079590 0.877315 0.013184 0.019444
0 0.223389 0.882870 0.012695 0.018519
0 0.235962 0.948148 0.009033 0.019444
0 0.304321 0.982176 0.012939 0.019907
0 0.469971 0.901852 0.008301 0.018519
0 0.587280 0.495602 0.007568 0.018056
0 0.586426 0.554398 0.007812 0.017130
0 0.600464 0.656944 0.007568 0.020370
0 0.606323 0.782407 0.010010 0.020370
0 0.614502 0.908796 0.007324 0.017593
0 0.616943 0.990046 0.009766 0.019907
0 0.651855 0.681250 0.009766 0.018056
0 0.640991 0.467361 0.010010 0.020833
0 0.625610 0.377083 0.006592 0.017130
0 0.611572 0.272685 0.008301 0.019444
0 0.310425 0.902083 0.011963 0.018981
0 0.314575 0.833102 0.011475 0.019907
0 0.521362 0.932639 0.007568 0.017130
0 0.564453 0.151620 0.006836 0.016204
0 0.572144 0.223843 0.006104 0.021759
0 0.735352 0.719907 0.010254 0.022222
0 0.672607 0.876389 0.009277 0.017593
0 0.676392 0.937500 0.009521 0.016667
0 0.756470 0.915046 0.010010 0.019907
0 0.747070 0.842130 0.010254 0.023148
0 0.745972 0.780556 0.011963 0.021296
0 0.721069 0.602315 0.008545 0.020370
0 0.773438 0.573148 0.009277 0.022222
0 0.761230 0.513657 0.008301 0.018056
0 0.751831 0.429861 0.012939 0.022685
0 0.711792 0.438194 0.010010 0.023611
0 0.699585 0.411343 0.008545 0.016204
0 0.632202 0.519213 0.009033 0.020833
0 0.645752 0.574074 0.005859 0.018519
0 0.821777 0.933333 0.011719 0.021296
0 0.803467 0.808102 0.012695 0.019907
0 0.788818 0.731019 0.009766 0.023148
0 0.773926 0.617361 0.008301 0.017130
0 0.836792 0.507870 0.009033 0.017593
0 0.831421 0.461574 0.009521 0.015741
0 0.822632 0.404167 0.008057 0.017593
0 0.878662 0.465046 0.006836 0.023611
0 0.845215 0.558796 0.009766 0.020370
0 0.852173 0.608333 0.008545 0.020370
0 0.863647 0.670602 0.009033 0.018981
0 0.871704 0.725000 0.010010 0.021296
0 0.875732 0.800000 0.008789 0.015741
0 0.896484 0.923843 0.011230 0.018981
0 0.920898 0.991204 0.013184 0.017593
0 0.978638 0.955787 0.010986 0.018981
0 0.942017 0.811806 0.012451 0.022685
0 0.937256 0.750694 0.010742 0.019907
0 0.995117 0.704398 0.009766 0.020833
0 0.978638 0.631250 0.011963 0.019907
0 0.962158 0.535880 0.014160 0.018981
0 0.953125 0.483565 0.012695 0.018056
0 0.979492 0.403241 0.009766 0.020370
0 0.843628 0.283796 0.009033 0.021296
0 0.806641 0.311111 0.008789 0.018519
0 0.737671 0.333102 0.008545 0.018981
0 0.741333 0.384028 0.008545 0.015278
0 0.688843 0.321759 0.008545 0.020370
0 0.665405 0.084722 0.007568 0.019444
0 0.711182 0.130556 0.007324 0.023148
0 0.771362 0.050463 0.007568 0.013889
0 0.892578 0.212269 0.007812 0.017130
0 0.926392 0.376389 0.008545 0.015741
0 0.947998 0.268750 0.007812 0.019907
0 0.916992 0.112963 0.008301 0.024074
0 0.672485 0.117130 0.006592 0.020370
0 0.610718 0.171065 0.006104 0.015278
0 0.796875 0.231481 0.010254 0.020370
0 0.822144 0.171296 0.009033 0.018519
0 0.835938 0.198611 0.007324 0.020370
0 0.976562 0.360417 0.011230 0.018056
0 0.585449 0.445833 0.009277 0.021296
0 0.581909 0.393981 0.008057 0.018519
0 0.577759 0.352315 0.007080 0.018519
0 0.073364 0.128241 0.009521 0.024074
0 0.083008 0.032407 0.006836 0.013889
0 0.074707 0.479167 0.011230 0.017593
0 0.154053 0.274306 0.009277 0.018981
0 0.161621 0.221759 0.008789 0.017593
0 0.166138 0.183102 0.006104 0.016204
0 0.104370 0.680324 0.009521 0.017130
0 0.056641 0.593750 0.008301 0.015278
0 0.156738 0.989352 0.011230 0.018519
0 0.185547 0.795139 0.010254 0.015278
0 0.285645 0.156944 0.007324 0.016667
0 0.280029 0.201852 0.004883 0.015741
0 0.325806 0.591667 0.008057 0.020370
0 0.333252 0.386806 0.006348 0.017130
0 0.353271 0.039815 0.008789 0.023148
0 0.395874 0.036111 0.008057 0.020370
0 0.377441 0.860417 0.008301 0.019907
0 0.515137 0.674537 0.007324 0.016667
0 0.509888 0.559954 0.008057 0.017130
0 0.509644 0.510185 0.008057 0.018519
0 0.654175 0.738657 0.008545 0.019907
0 0.661621 0.818056 0.009766 0.020370
0 0.767822 0.989815 0.007812 0.016667
0 0.698120 0.352315 0.007080 0.018519
0 0.676392 0.196759 0.006592 0.017593
0 0.714966 0.174306 0.009521 0.017130
0 0.617065 0.243519 0.007080 0.021296
0 0.666138 0.045833 0.008057 0.019444
0 0.696289 0.058333 0.006348 0.018519
0 0.888672 0.530556 0.010254 0.017593
0 0.864136 0.381713 0.010010 0.017130
0 0.840942 0.250000 0.005615 0.019444
0 0.805664 0.063657 0.007324 0.017130
0 0.984985 0.102778 0.009521 0.022222
0 0.924194 0.332176 0.010010 0.013426
0 0.252197 0.629398 0.010742 0.019907
0 0.290161 0.053009 0.007568 0.017130
0 0.376587 0.732639 0.009033 0.020833
0 0.625122 0.328935 0.007080 0.018056
0 0.456787 0.032176 0.008301 0.014352
0 0.939819 0.443519 0.005615 0.014815
0 0.014282 0.425231 0.006592 0.014352
0 0.245605 0.685880 0.010254 0.018056
0 0.190796 0.660185 0.011963 0.023148
0 0.790283 0.676157 0.012207 0.018981
0 0.340454 0.422454 0.007080 0.016204
0 0.389526 0.360185 0.007568 0.018519
0 0.501099 0.088657 0.006592 0.018981
0 0.712036 0.502083 0.009521 0.021759
0 0.504639 0.414120 0.008301 0.017130
0 0.004395 0.982870 0.008301 0.023148
0 0.083374 0.384722 0.011475 0.012963
0 0.098633 0.340046 0.007812 0.015278
0 0.893799 0.186111 0.008789 0.019444
0 0.162964 0.922917 0.011963 0.018981
0 0.682617 0.272222 0.009766 0.016667
0 0.921387 0.686111 0.010742 0.020370
0 0.458130 0.770602 0.008057 0.016204
0 0.596191 0.609028 0.005371 0.018056
0 0.604370 0.096528 0.007080 0.016204
0 0.223877 0.345370 0.008301 0.016667
0 0.707275 0.088194 0.004883 0.021759
0 0.039551 0.713889 0.015137 0.021296
0 0.123047 0.124074 0.008301 0.018519
0 0.520264 0.860417 0.004883 0.017130
0 0.235962 0.220139 0.006104 0.016204
0 0.005371 0.479398 0.010254 0.014352
0 0.569580 0.187500 0.008789 0.012037
0 0.698730 0.023611 0.007324 0.019444
0 0.963013 0.034954 0.006592 0.016204
0 0.570312 0.114352 0.003906 0.013889
0 0.569824 0.262037 0.006836 0.012963
0 0.862671 0.036111 0.007568 0.020370