0 0.062500 0.076620 0.026367 0.041204
0 0.007446 0.140509 0.014404 0.031944
0 0.334717 0.047917 0.017090 0.039352
0 0.444824 0.134259 0.022949 0.048148
0 0.284546 0.117130 0.022217 0.039815
0 0.385986 0.216667 0.019043 0.041667
0 0.224487 0.215046 0.024658 0.036574
0 0.343506 0.310648 0.018066 0.036111
0 0.175171 0.294676 0.023193 0.041204
0 0.284424 0.383333 0.014160 0.030556
0 0.124023 0.349074 0.020020 0.030556
0 0.076172 0.424769 0.024414 0.037500
0 0.014404 0.517824 0.028320 0.038426
0 0.229492 0.503009 0.022461 0.038426
0 0.126709 0.629167 0.026367 0.039815
0 0.414551 0.537963 0.020508 0.042593
0 0.362427 0.634259 0.012939 0.034259
0 0.070435 0.717361 0.025635 0.038426
0 0.319336 0.722685 0.016602 0.037963
0 0.414185 0.824306 0.016846 0.031944
0 0.269409 0.791435 0.018799 0.032870
0 0.217896 0.886574 0.017822 0.037963
0 0.359131 0.923611 0.020508 0.047222
0 0.151855 0.986806 0.025879 0.026389
0 0.582275 0.994213 0.015625 0.011574
0 0.638306 0.882407 0.021240 0.044444
0 0.683472 0.804167 0.006592 0.014815
0 0.735962 0.729167 0.013428 0.025000
0 0.531738 0.670602 0.016602 0.035648
0 0.465820 0.757639 0.020020 0.047685
0 0.571411 0.591898 0.018799 0.035648
0 0.624268 0.518287 0.020020 0.038426
0 0.467651 0.472685 0.020264 0.037037
0 0.517822 0.370139 0.016113 0.031019
0 0.663940 0.404167 0.016846 0.035185
0 0.720703 0.328472 0.017090 0.036574
0 0.566162 0.281250 0.020508 0.043056
0 0.624756 0.224074 0.022949 0.043519
0 0.652832 0.135417 0.014160 0.032870
0 0.490601 0.084491 0.016846 0.031019
0 0.544312 0.015509 0.021240 0.030093
0 0.721680 0.060185 0.017090 0.037037
0 0.903809 0.052315 0.013184 0.028704
0 0.861816 0.097685 0.025391 0.034259
0 0.813110 0.176620 0.020752 0.032870
0 0.762939 0.245833 0.021484 0.042593
0 0.967285 0.321528 0.026367 0.038426
0 0.936646 0.408102 0.014404 0.019907
0 0.871582 0.488889 0.013672 0.032407
0 0.838257 0.548843 0.016357 0.025463
0 0.987671 0.605093 0.024658 0.037963
0 0.949951 0.645833 0.024902 0.038889
0 0.780762 0.648380 0.024414 0.041204
0 0.950073 0.737731 0.022705 0.031019
0 0.891357 0.774769 0.021973 0.031019
0 0.833252 0.825926 0.019043 0.033333
0 0.792847 0.920833 0.018311 0.033333