0 0.038086 0.041204 0.025391 0.038889
0 0.372070 0.022222 0.014160 0.022222
0 0.581421 0.023380 0.013916 0.026389
0 0.524902 0.080556 0.015137 0.031481
0 0.476318 0.121065 0.020996 0.044907
0 0.317993 0.065741 0.019287 0.033333
0 0.411255 0.186806 0.018311 0.042130
0 0.253784 0.154398 0.023193 0.035648
0 0.198730 0.219676 0.022949 0.035648
0 0.145996 0.265278 0.016113 0.028704
0 0.095459 0.334259 0.020508 0.037963
0 0.028687 0.411574 0.027588 0.038889
0 0.363647 0.276157 0.017822 0.033796
0 0.301758 0.337963 0.020996 0.025000
0 0.239136 0.440741 0.025146 0.038889
0 0.132324 0.543519 0.025391 0.037963
0 0.070801 0.619676 0.029785 0.036574
0 0.587646 0.294676 0.018555 0.043056
0 0.533203 0.369444 0.017090 0.028704
0 0.477661 0.460185 0.018311 0.037963
0 0.422363 0.514352 0.017090 0.038889
0 0.364502 0.596065 0.012695 0.029167
0 0.316650 0.676157 0.016602 0.035648
0 0.262817 0.735185 0.022217 0.031481
0 0.572876 0.602083 0.019775 0.036574
0 0.528564 0.670833 0.015625 0.033333
0 0.460571 0.743056 0.020752 0.047222
0 0.405518 0.797454 0.016113 0.028241
0 0.206299 0.818519 0.020020 0.037037
0 0.135132 0.917130 0.026611 0.048148
0 0.075195 0.972222 0.020020 0.040741
0 0.344604 0.882870 0.021729 0.040741
0 0.623657 0.904398 0.022705 0.042130
0 0.673706 0.837500 0.010498 0.013889
0 0.731323 0.776389 0.011475 0.022222
0 0.778564 0.699769 0.021484 0.038426
0 0.775757 0.981250 0.022705 0.037500
0 0.820312 0.891667 0.020020 0.039815
0 0.881470 0.855556 0.019775 0.034259
0 0.943237 0.829167 0.021729 0.035185
0 0.949219 0.739815 0.027832 0.035185
0 0.988647 0.706250 0.022217 0.043056
0 0.843750 0.615046 0.019043 0.027315
0 0.879517 0.565046 0.016357 0.031019
0 0.947998 0.499306 0.016602 0.027315
0 0.985962 0.418750 0.028076 0.041204
0 0.630371 0.537731 0.022461 0.034722
0 0.677490 0.438889 0.019531 0.040741
0 0.738892 0.372454 0.017822 0.032870
0 0.648071 0.247685 0.022705 0.037963
0 0.786133 0.295833 0.024414 0.037037
0 0.837524 0.241435 0.018799 0.033796
0 0.893921 0.173843 0.022705 0.032870
0 0.938354 0.132176 0.013916 0.029167
0 0.995972 0.070602 0.008057 0.016204
0 0.799561 0.030093 0.023926 0.046296
0 0.756836 0.108333 0.021484 0.040741
0 0.681396 0.166435 0.019531 0.034722