0 0.080322 0.060880 0.022949 0.040278
0 0.035645 0.137269 0.025391 0.048611
0 0.267822 0.032176 0.005859 0.024537
0 0.403687 0.052778 0.017334 0.040741
0 0.526978 0.081250 0.014404 0.037500
0 0.524170 0.184722 0.020508 0.041667
0 0.483887 0.285417 0.020020 0.043981
0 0.371094 0.164352 0.015625 0.037963
0 0.246948 0.141667 0.023193 0.037037
0 0.216553 0.249306 0.021973 0.042130
0 0.339233 0.245833 0.022217 0.046296
0 0.301758 0.364352 0.020020 0.043519
0 0.184082 0.353009 0.020996 0.042130
0 0.147949 0.492361 0.031250 0.035648
0 0.284302 0.489120 0.020264 0.039352
0 0.433960 0.538426 0.022217 0.037963
0 0.458008 0.406019 0.017090 0.037037
0 0.122192 0.606481 0.027100 0.046296
0 0.245972 0.603472 0.016846 0.037500
0 0.401001 0.638657 0.016846 0.039352
0 0.497925 0.798380 0.019287 0.042130
0 0.462646 0.898148 0.018066 0.030556
0 0.375244 0.766898 0.015137 0.028241
0 0.351440 0.885880 0.018311 0.045833
0 0.221924 0.756713 0.021484 0.038426
0 0.059082 0.808333 0.027344 0.037963
0 0.020508 0.947222 0.029297 0.040741
0 0.150757 0.956019 0.028564 0.039815
0 0.321167 0.985417 0.017334 0.029167
0 0.659424 0.937037 0.020996 0.047222
0 0.772827 0.928009 0.025146 0.043981
0 0.959717 0.896528 0.027832 0.044907
0 0.679321 0.775000 0.019775 0.039815
0 0.704956 0.666435 0.007080 0.010648
0 0.828613 0.687037 0.018555 0.030556
0 0.808594 0.826157 0.025879 0.040278
0 0.987305 0.783102 0.018555 0.036574
0 0.997192 0.661111 0.005615 0.045370
0 0.735352 0.558565 0.010254 0.023611
0 0.842407 0.565278 0.015869 0.034259
0 0.881348 0.476157 0.019531 0.035648
0 0.536743 0.666667 0.019287 0.027778
0 0.556763 0.565278 0.019287 0.038889
0 0.755249 0.449306 0.023682 0.042130
0 0.923706 0.396296 0.019287 0.031481
0 0.587769 0.456481 0.016357 0.041667
0 0.599609 0.318056 0.017090 0.040741
0 0.785156 0.315278 0.015137 0.029630
0 0.903687 0.312731 0.022217 0.041204
0 0.933472 0.246065 0.027588 0.043056
0 0.804077 0.235880 0.012939 0.036574
0 0.635498 0.203704 0.019043 0.033333
0 0.654053 0.096528 0.020020 0.042130
0 0.680786 0.007407 0.020264 0.013889
0 0.849854 0.017824 0.019043 0.034722
0 0.843018 0.111343 0.010254 0.027315
0 0.964111 0.133565 0.027832 0.047685
0 0.975464 0.014352 0.026611 0.027778
0 0.004028 0.371528 0.007568 0.018056
0 0.003906 0.252546 0.007324 0.012500