0 0.024170 0.078704 0.017578 0.043519
0 0.015503 0.221528 0.020752 0.043056
0 0.211426 0.008796 0.012207 0.016667
0 0.201538 0.111574 0.008057 0.022222
0 0.336792 0.076157 0.016846 0.036574
0 0.317261 0.196759 0.014404 0.035185
0 0.192383 0.226389 0.025879 0.035185
0 0.296631 0.287269 0.019531 0.043056
0 0.175903 0.348380 0.019287 0.040278
0 0.272705 0.425231 0.019531 0.036574
0 0.155396 0.464120 0.022705 0.044907
0 0.269287 0.553704 0.017578 0.033333
0 0.138794 0.613657 0.024658 0.035648
0 0.247314 0.683565 0.014648 0.031019
0 0.125000 0.739120 0.024902 0.040278
0 0.241455 0.844907 0.020020 0.037037
0 0.099976 0.845602 0.013916 0.030093
0 0.086182 0.967824 0.024902 0.043056
0 0.386963 0.912731 0.016602 0.040278
0 0.495728 0.876620 0.017334 0.033796
0 0.392944 0.791204 0.015869 0.033333
0 0.516724 0.763426 0.017334 0.042593
0 0.539429 0.622917 0.018311 0.032870
0 0.404175 0.648611 0.018311 0.041667
0 0.546997 0.508565 0.016357 0.033796
0 0.424438 0.537269 0.020264 0.035648
0 0.564087 0.389120 0.016357 0.032870
0 0.430542 0.395370 0.012451 0.032407
0 0.442505 0.268750 0.022217 0.039352
0 0.558472 0.254630 0.016357 0.039815
0 0.469849 0.154167 0.021729 0.044444
0 0.579590 0.127083 0.016113 0.036574
0 0.463379 0.053241 0.016602 0.037037
0 0.584717 0.015509 0.019531 0.030093
0 0.747192 0.086806 0.014404 0.030093
0 0.739380 0.172917 0.015381 0.027315
0 0.872314 0.047685 0.020996 0.044444
0 0.852295 0.118519 0.020020 0.036111
0 0.882324 0.192593 0.013672 0.033333
0 0.849243 0.288426 0.012451 0.037037
0 0.723755 0.311806 0.020752 0.038426
0 0.821289 0.391898 0.019043 0.033796
0 0.719849 0.429861 0.010986 0.032870
0 0.822266 0.512269 0.016602 0.035648
0 0.702271 0.546991 0.008545 0.013426
0 0.690674 0.658565 0.020996 0.040278
0 0.821655 0.654398 0.019287 0.040278
0 0.798706 0.766204 0.024170 0.038889
0 0.690308 0.824074 0.022705 0.038889
0 0.789062 0.900926 0.024902 0.042593
0 0.662598 0.925231 0.019531 0.043056
0 0.954834 0.934028 0.030762 0.042130
0 0.971558 0.782407 0.031494 0.037037
0 0.972168 0.657870 0.025879 0.042593
0 0.986572 0.538657 0.017090 0.033796
0 0.989380 0.408333 0.021240 0.038889
0 0.994019 0.272685 0.011963 0.038889