0 0.063843 0.025463 0.014893 0.040741
0 0.048096 0.160648 0.023926 0.037963
0 0.012329 0.241667 0.024170 0.040741
0 0.234985 0.091204 0.003174 0.020370
0 0.372437 0.086806 0.014893 0.036574
0 0.346802 0.197685 0.015869 0.030556
0 0.221558 0.203009 0.022705 0.037500
0 0.320190 0.287269 0.020264 0.045833
0 0.198120 0.320370 0.022705 0.036111
0 0.288574 0.413657 0.020020 0.036574
0 0.446899 0.422917 0.015869 0.032870
0 0.171875 0.429630 0.025391 0.039815
0 0.145508 0.576157 0.027344 0.035648
0 0.278076 0.544213 0.020996 0.036574
0 0.432861 0.559259 0.020508 0.037963
0 0.404785 0.667130 0.020508 0.041667
0 0.248535 0.665046 0.013672 0.033796
0 0.125244 0.695833 0.025879 0.043519
0 0.232300 0.824306 0.023193 0.040278
0 0.094727 0.795833 0.017578 0.028704
0 0.072021 0.913889 0.025879 0.033333
0 0.387451 0.803935 0.014648 0.028241
0 0.371948 0.923148 0.017822 0.037963
0 0.482422 0.915972 0.017090 0.027315
0 0.644897 0.989583 0.022217 0.020833
0 0.678711 0.908102 0.019531 0.039352
0 0.770874 0.989815 0.022217 0.020370
0 0.792603 0.874769 0.025635 0.042130
0 0.688721 0.741667 0.020508 0.038889
0 0.510254 0.805093 0.021973 0.039815
0 0.543091 0.668287 0.018311 0.029167
0 0.709961 0.626157 0.009766 0.013426
0 0.733276 0.516435 0.006592 0.027315
0 0.553589 0.558796 0.019775 0.037963
0 0.578613 0.442130 0.018555 0.036111
0 0.744141 0.402315 0.021484 0.048148
0 0.583130 0.306250 0.016846 0.039352
0 0.465332 0.298148 0.017090 0.037963
0 0.768677 0.260185 0.011963 0.030556
0 0.779663 0.180787 0.013428 0.034722
0 0.499023 0.084954 0.016113 0.036574
0 0.499878 0.191204 0.023682 0.048148
0 0.608521 0.185185 0.017822 0.032407
0 0.623657 0.072917 0.019287 0.043056
0 0.812256 0.048611 0.008301 0.032407
0 0.933350 0.041898 0.030762 0.045833
0 0.908691 0.162731 0.028809 0.041204
0 0.885010 0.234259 0.027344 0.042593
0 0.912354 0.311343 0.018555 0.028241
0 0.871216 0.401852 0.021240 0.036111
0 0.838013 0.501852 0.018799 0.036111
0 0.995605 0.558102 0.008789 0.036574
0 0.831665 0.622454 0.018311 0.037500
0 0.992065 0.684028 0.015869 0.034722
0 0.822632 0.763426 0.024658 0.041667
0 0.973755 0.800463 0.030029 0.042593
0 0.964478 0.923380 0.027100 0.037500