0 0.023926 0.084722 0.020020 0.046296
0 0.017700 0.228241 0.020264 0.041667
0 0.209961 0.011574 0.017578 0.022222
0 0.201050 0.118519 0.008057 0.025000
0 0.193726 0.235880 0.023193 0.035648
0 0.337769 0.085185 0.015381 0.042593
0 0.318359 0.205093 0.017578 0.037037
0 0.298462 0.297917 0.018311 0.047685
0 0.177002 0.354861 0.021484 0.036574
0 0.273438 0.434491 0.019043 0.035648
0 0.155884 0.470139 0.021240 0.043981
0 0.271118 0.560185 0.019287 0.038889
0 0.138672 0.626157 0.028809 0.034722
0 0.247925 0.690972 0.015869 0.032870
0 0.125244 0.749306 0.027832 0.042130
0 0.241577 0.852315 0.018311 0.040741
0 0.103149 0.857407 0.014893 0.033333
0 0.087402 0.975463 0.027832 0.037037
0 0.386719 0.922222 0.018066 0.041667
0 0.497192 0.886806 0.017822 0.035648
0 0.517212 0.771065 0.020752 0.043981
0 0.393921 0.795833 0.014893 0.032407
0 0.405151 0.659491 0.021729 0.043981
0 0.541138 0.628704 0.016846 0.031481
0 0.546875 0.517824 0.016113 0.037500
0 0.425903 0.545833 0.019775 0.037037
0 0.431763 0.405556 0.012939 0.033333
0 0.564819 0.397222 0.016846 0.038889
0 0.443115 0.278241 0.020996 0.040741
0 0.559448 0.264120 0.017822 0.040278
0 0.470825 0.164120 0.020752 0.044907
0 0.581665 0.135417 0.019287 0.036574
0 0.464600 0.059491 0.016113 0.031019
0 0.585938 0.021065 0.019531 0.041204
0 0.748535 0.097222 0.017578 0.037037
0 0.739136 0.181713 0.012451 0.032870
0 0.726685 0.322917 0.020264 0.043056
0 0.718872 0.438426 0.007568 0.030556
0 0.700317 0.556944 0.007568 0.017593
0 0.690430 0.670833 0.020996 0.045370
0 0.688232 0.832639 0.023438 0.042130
0 0.798462 0.779167 0.025635 0.036111
0 0.662842 0.932407 0.020508 0.038889
0 0.788574 0.909722 0.025879 0.040741
0 0.953003 0.945833 0.031494 0.043519
0 0.822144 0.660185 0.025146 0.037963
0 0.973022 0.665046 0.022217 0.042130
0 0.971436 0.790046 0.026855 0.034722
0 0.986694 0.548148 0.016357 0.034259
0 0.823242 0.523611 0.018066 0.039815
0 0.988647 0.420139 0.022705 0.038426
0 0.823486 0.401157 0.017090 0.030093
0 0.850464 0.296296 0.014404 0.036111
0 0.993408 0.283565 0.013184 0.041204
0 0.884521 0.199306 0.014648 0.032870
0 0.853760 0.130324 0.018555 0.041204
0 0.872803 0.056250 0.022949 0.038426