0 0.015381 0.071065 0.025391 0.048611
0 0.013306 0.207407 0.026123 0.049074
0 0.119019 0.728935 0.026611 0.040278
0 0.132202 0.607639 0.028076 0.043981
0 0.148315 0.452546 0.026611 0.046759
0 0.169067 0.340741 0.027588 0.038889
0 0.185303 0.217361 0.029297 0.043981
0 0.192017 0.099537 0.009521 0.027778
0 0.097046 0.838194 0.017334 0.035648
0 0.081543 0.962731 0.026367 0.033796
0 0.234985 0.829398 0.025146 0.042130
0 0.240845 0.671528 0.019287 0.031019
0 0.264282 0.543056 0.018799 0.037963
0 0.265869 0.413426 0.021484 0.038889
0 0.289551 0.271991 0.020996 0.043981
0 0.311279 0.182870 0.017578 0.037963
0 0.328369 0.064352 0.014648 0.039815
0 0.454956 0.034954 0.013916 0.034722
0 0.462402 0.137037 0.020020 0.046296
0 0.435181 0.252083 0.019775 0.041204
0 0.424316 0.380556 0.012695 0.038889
0 0.418701 0.522454 0.020020 0.043056
0 0.398804 0.636343 0.020752 0.039352
0 0.386597 0.772454 0.016357 0.036574
0 0.381470 0.899306 0.015869 0.035648
0 0.482666 0.990741 0.020508 0.018519
0 0.491577 0.862963 0.016846 0.029630
0 0.511963 0.745602 0.020020 0.041204
0 0.659790 0.905556 0.025635 0.050000
0 0.783936 0.877083 0.025879 0.039352
0 0.683350 0.803704 0.032227 0.044444
0 0.794922 0.743981 0.027344 0.037037
0 0.816895 0.634954 0.029297 0.039352
0 0.686401 0.640972 0.024658 0.040278
0 0.535400 0.602546 0.021973 0.032870
0 0.540894 0.491435 0.020264 0.035648
0 0.696899 0.523611 0.010986 0.022222
0 0.817383 0.490972 0.019531 0.040278
0 0.557983 0.371296 0.023193 0.037963
0 0.710083 0.409722 0.018799 0.031481
0 0.816650 0.368056 0.020996 0.039815
0 0.843018 0.263889 0.019043 0.040741
0 0.717407 0.292361 0.024658 0.043981
0 0.551025 0.237037 0.022461 0.045370
0 0.573242 0.107176 0.022461 0.035648
0 0.738525 0.068056 0.016113 0.037037
0 0.876465 0.169907 0.021973 0.030556
0 0.847656 0.094213 0.020508 0.057870
0 0.577881 0.010417 0.024414 0.019907
0 0.864380 0.021296 0.028076 0.040741
0 0.995483 0.040741 0.009033 0.025926
0 0.989990 0.243981 0.020020 0.045370
0 0.985840 0.384491 0.028320 0.045833
0 0.979980 0.514815 0.022949 0.037037
0 0.968018 0.631713 0.024414 0.041204
0 0.965576 0.756944 0.029297 0.037037
0 0.947021 0.903704 0.024414 0.043519