0 0.282471 0.092593 0.008301 0.020370
0 0.335571 0.212731 0.008057 0.019907
0 0.330444 0.291667 0.009033 0.021296
0 0.323608 0.422685 0.009521 0.023148
0 0.249023 0.437269 0.010254 0.018981
0 0.208008 0.403009 0.009277 0.015278
0 0.209473 0.365046 0.010254 0.016204
0 0.218750 0.270139 0.009766 0.013426
0 0.146362 0.319213 0.009033 0.022685
0 0.126831 0.424306 0.011475 0.018056
0 0.119507 0.464583 0.009521 0.016204
0 0.108521 0.507639 0.010498 0.020833
0 0.105225 0.581250 0.014648 0.017130
0 0.250122 0.538194 0.009033 0.019907
0 0.201660 0.455787 0.009766 0.022685
0 0.031494 0.293287 0.008789 0.017130
0 0.338501 0.099074 0.008545 0.015741
0 0.336792 0.126620 0.007568 0.020833
0 0.272095 0.214352 0.008057 0.018519
0 0.260864 0.328935 0.010498 0.021759
0 0.230957 0.115972 0.007324 0.018056
0 0.228271 0.149306 0.009766 0.021759
0 0.314697 0.599074 0.011230 0.018519
0 0.326172 0.493750 0.007812 0.018056
0 0.379028 0.577315 0.006592 0.023148
0 0.371826 0.518519 0.006836 0.023148
0 0.380493 0.458565 0.007568 0.014352
0 0.382690 0.239352 0.007080 0.019444
0 0.385132 0.160648 0.007080 0.013889
0 0.373291 0.640278 0.007812 0.018519
0 0.451294 0.597454 0.010010 0.020833
0 0.447388 0.543750 0.007568 0.020833
0 0.448853 0.442130 0.006592 0.020370
0 0.449219 0.392824 0.006836 0.018056
0 0.445068 0.351852 0.007324 0.016667
0 0.443970 0.306250 0.007568 0.019907
0 0.449341 0.223611 0.006592 0.016667
0 0.449707 0.182407 0.007812 0.020370
0 0.448120 0.141667 0.006104 0.017593
0 0.442871 0.105324 0.007324 0.015278
0 0.445068 0.060185 0.007324 0.020370
0 0.490601 0.120139 0.007568 0.021759
0 0.491089 0.211111 0.007568 0.015741
0 0.493530 0.280093 0.007080 0.022222
0 0.498535 0.417593 0.008789 0.021296
0 0.502930 0.576620 0.008789 0.020833
0 0.453491 0.655787 0.008545 0.018056
0 0.507080 0.687037 0.005859 0.021296
0 0.505615 0.740278 0.009277 0.020370
0 0.454712 0.782639 0.010010 0.017130
0 0.364014 0.754398 0.009766 0.016204
0 0.365356 0.867593 0.010010 0.020370
0 0.307617 0.711574 0.010742 0.021296
0 0.231812 0.758565 0.009521 0.021759
0 0.233032 0.689352 0.009521 0.017593
0 0.179077 0.673380 0.011475 0.018056
0 0.096069 0.692130 0.011475 0.019444
0 0.076416 0.751852 0.016113 0.021296
0 0.074341 0.820370 0.013428 0.017593
0 0.216064 0.826389 0.012695 0.018519
0 0.228271 0.890046 0.008301 0.018056
0 0.295288 0.919676 0.012939 0.019907
0 0.296021 0.987963 0.011475 0.020370
0 0.458130 0.845370 0.007568 0.021296
0 0.057007 0.956250 0.014404 0.018981
0 0.575317 0.456250 0.007568 0.018056
0 0.574219 0.510880 0.008301 0.018981
0 0.585571 0.608333 0.007568 0.020370
0 0.592407 0.728009 0.009521 0.019907
0 0.600586 0.853704 0.007324 0.017593
0 0.601318 0.926852 0.010742 0.017593
0 0.636230 0.631250 0.009766 0.018056
0 0.628052 0.427546 0.010010 0.020833
0 0.612671 0.339120 0.006592 0.017130
0 0.600098 0.238889 0.008301 0.019444
0 0.302368 0.842593 0.010986 0.015741
0 0.306763 0.779861 0.011475 0.019907
0 0.508179 0.872917 0.007568 0.017130
0 0.553833 0.122222 0.005615 0.014815
0 0.561157 0.193750 0.005127 0.016204
0 0.718628 0.669213 0.008545 0.022685
0 0.656250 0.818056 0.009277 0.017593
0 0.661987 0.882407 0.007568 0.016667
0 0.664551 0.956481 0.009766 0.019444
0 0.747681 0.992130 0.011963 0.015741
0 0.739868 0.858102 0.010010 0.019907
0 0.729492 0.783102 0.009277 0.021759
0 0.729370 0.725000 0.011963 0.021296
0 0.705933 0.558102 0.009033 0.016204
0 0.757080 0.529630 0.009277 0.022222
0 0.747925 0.478935 0.008545 0.017130
0 0.736450 0.390046 0.012939 0.022685
0 0.696411 0.397917 0.010010 0.023611
0 0.685425 0.371528 0.008057 0.014352
0 0.618286 0.477546 0.006592 0.019907
0 0.632690 0.531019 0.005615 0.014815
0 0.810669 0.939583 0.012939 0.019907
0 0.802246 0.875463 0.011719 0.021296
0 0.785889 0.755324 0.012695 0.019907
0 0.771484 0.681481 0.009766 0.023148
0 0.756592 0.569676 0.008301 0.017130
0 0.820312 0.464815 0.007812 0.015741
0 0.816040 0.421296 0.009521 0.015741
0 0.807251 0.367130 0.008057 0.017593
0 0.861694 0.424769 0.005127 0.023611
0 0.828613 0.513657 0.007324 0.021759
0 0.834106 0.562731 0.007080 0.020833
0 0.845825 0.623380 0.009033 0.018981
0 0.852417 0.673148 0.010010 0.021296
0 0.855957 0.744907 0.008789 0.015741
0 0.875732 0.862731 0.011230 0.018981
0 0.899414 0.929861 0.013672 0.019907
0 0.958862 0.958102 0.015381 0.023611
0 0.954834 0.893519 0.010742 0.017593
0 0.921143 0.756944 0.013672 0.019444
0 0.916260 0.698843 0.010742 0.019907
0 0.985352 0.717593 0.013184 0.016667
0 0.978027 0.654861 0.009766 0.020833
0 0.957886 0.584491 0.011963 0.019907
0 0.944092 0.493750 0.012207 0.018981
0 0.933594 0.442130 0.012207 0.017593
0 0.961060 0.362963 0.008057 0.019444
0 0.827759 0.251389 0.009033 0.021296
0 0.791748 0.277778 0.008789 0.018519
0 0.723511 0.296759 0.007080 0.015741
0 0.727051 0.344676 0.007812 0.015278
0 0.675659 0.285648 0.008545 0.020370
0 0.653198 0.058333 0.007568 0.019444
0 0.697876 0.097685 0.006592 0.023148
0 0.757935 0.021759 0.007568 0.013889
0 0.875732 0.182176 0.007812 0.017130
0 0.908447 0.337963 0.009277 0.017593
0 0.931641 0.233565 0.006348 0.018981
0 0.901855 0.083796 0.008301 0.024074
0 0.660034 0.088889 0.006592 0.020370
0 0.599487 0.140972 0.006104 0.015278
0 0.782959 0.198611 0.010254 0.020370
0 0.808472 0.141667 0.009033 0.018519
0 0.821777 0.169213 0.007812 0.023611
0 0.957275 0.322454 0.011230 0.018056
0 0.572876 0.407870 0.008057 0.017593
0 0.569702 0.358333 0.009033 0.016667
0 0.566284 0.316204 0.007080 0.018519
0 0.068970 0.098843 0.008057 0.015278
0 0.079834 0.007870 0.006836 0.013889
0 0.117676 0.094907 0.009766 0.018519
0 0.069336 0.436574 0.008789 0.013889
0 0.147583 0.241667 0.008545 0.015741
0 0.155518 0.190278 0.008789 0.017593
0 0.160767 0.153009 0.006104 0.016204
0 0.099243 0.633102 0.009521 0.017130
0 0.052490 0.548843 0.008301 0.015278
0 0.150757 0.926389 0.011963 0.020370
0 0.178467 0.742824 0.010254 0.015278
0 0.217773 0.311111 0.008301 0.013889
0 0.278076 0.126852 0.007324 0.016667
0 0.272949 0.171759 0.004883 0.015741
0 0.317261 0.546759 0.008057 0.020370
0 0.325195 0.350463 0.004883 0.013889
0 0.345947 0.013889 0.008789 0.023148
0 0.388306 0.011574 0.007080 0.022222
0 0.508057 0.802315 0.006348 0.014815
0 0.367676 0.808333 0.007324 0.017593
0 0.447510 0.719676 0.004883 0.014352
0 0.503174 0.624074 0.007324 0.016667
0 0.499634 0.516667 0.007568 0.016667
0 0.497925 0.469907 0.008057 0.018519
0 0.582520 0.565509 0.006348 0.015278
0 0.639038 0.687731 0.008545 0.019907
0 0.646729 0.762500 0.009766 0.020370
0 0.749756 0.926852 0.007812 0.016667
0 0.683472 0.314815 0.007080 0.018519
0 0.663452 0.164815 0.006592 0.017593
0 0.702759 0.144213 0.009521 0.017130
0 0.604736 0.208796 0.005859 0.017593
0 0.593994 0.068056 0.006348 0.017593
0 0.654663 0.018519 0.008057 0.019444
0 0.684326 0.033796 0.006348 0.018519
0 0.695557 0.059722 0.004883 0.020370
0 0.871338 0.487037 0.010254 0.017593
0 0.845947 0.345139 0.008789 0.017130
0 0.826538 0.216667 0.005615 0.019444
0 0.791748 0.036343 0.007324 0.017130
0 0.985840 0.150926 0.008301 0.019444
0 0.968018 0.071296 0.008789 0.020370
0 0.906860 0.294444 0.010498 0.014815
0 0.989624 0.453704 0.011963 0.016667
0 0.156738 0.995139 0.009277 0.009722
0 0.245361 0.584954 0.008789 0.017130
0 0.283813 0.028472 0.007568 0.017130
0 0.454224 0.967593 0.010010 0.019444
0 0.366821 0.686806 0.009033 0.020833
0 0.612793 0.295139 0.004395 0.017130
0 0.447998 0.007870 0.008301 0.014815
0 0.921997 0.402315 0.005615 0.014815
0 0.993408 0.184954 0.009277 0.021759
0 0.009888 0.386806 0.006592 0.014352
0 0.238281 0.640972 0.010254 0.018056
0 0.184326 0.611574 0.010742 0.019444
0 0.772827 0.629630 0.011475 0.015741
0 0.192993 0.565509 0.008545 0.016204
0 0.332397 0.387269 0.007080 0.016204
0 0.380493 0.324074 0.008057 0.016667
0 0.492065 0.059954 0.006592 0.018981
0 0.697632 0.460417 0.008057 0.021759
0 0.494385 0.377546 0.008301 0.017130
0 0.009277 0.855093 0.005859 0.015741
0 0.003296 0.921065 0.006104 0.017130
0 0.079468 0.346759 0.011475 0.012963
0 0.093750 0.303009 0.007812 0.015278
0 0.878906 0.152778 0.008789 0.019444
0 0.156372 0.862731 0.011963 0.018981
0 0.670166 0.239352 0.009766 0.016667
0 0.902832 0.636574 0.010742 0.020370