0 0.022705 0.070602 0.016113 0.046759
0 0.013184 0.214815 0.023438 0.039815
0 0.198608 0.107407 0.007568 0.028704
0 0.335938 0.072917 0.018066 0.037500
0 0.316406 0.191204 0.018066 0.038889
0 0.190918 0.221528 0.023438 0.033796
0 0.293701 0.278935 0.020996 0.049537
0 0.175293 0.342593 0.020996 0.035185
0 0.270996 0.417361 0.017578 0.040278
0 0.154541 0.456713 0.023926 0.039352
0 0.269409 0.545602 0.018311 0.035648
0 0.136353 0.609491 0.025146 0.037500
0 0.246582 0.677546 0.015137 0.032870
0 0.123413 0.732639 0.024658 0.038426
0 0.239746 0.834954 0.020996 0.041204
0 0.097778 0.839583 0.017334 0.034722
0 0.085571 0.959491 0.027588 0.039352
0 0.484985 0.994213 0.012939 0.011574
0 0.384888 0.905093 0.018799 0.038889
0 0.494629 0.870602 0.019531 0.031019
0 0.515259 0.754861 0.019775 0.039352
0 0.391235 0.779861 0.015381 0.033796
0 0.401733 0.640741 0.021240 0.037963
0 0.538330 0.612500 0.016602 0.029630
0 0.422119 0.529167 0.020020 0.040741
0 0.543579 0.500463 0.018799 0.035185
0 0.428345 0.387269 0.014404 0.036574
0 0.561401 0.380093 0.016846 0.036111
0 0.440674 0.262037 0.018066 0.042593
0 0.556519 0.244676 0.018311 0.044907
0 0.468384 0.145370 0.019775 0.042593
0 0.576416 0.117593 0.019043 0.037963
0 0.461182 0.045602 0.015137 0.035648
0 0.582764 0.013194 0.018066 0.025463
0 0.744507 0.079398 0.013428 0.037500
0 0.737183 0.162731 0.012451 0.031944
0 0.869873 0.036111 0.023926 0.044444
0 0.850342 0.107639 0.022461 0.043981
0 0.882080 0.180093 0.016602 0.037963
0 0.846313 0.278241 0.014893 0.038889
0 0.722168 0.303241 0.023926 0.040741
0 0.821411 0.381713 0.016846 0.034722
0 0.718872 0.416667 0.006104 0.025000
0 0.822266 0.503009 0.016602 0.035648
0 0.700073 0.538194 0.008545 0.015278
0 0.689941 0.650694 0.023926 0.037500
0 0.821655 0.643287 0.022217 0.040278
0 0.797852 0.756250 0.026367 0.039352
0 0.687988 0.815741 0.022949 0.039815
0 0.787720 0.890278 0.024170 0.043519
0 0.661499 0.916435 0.023193 0.040278
0 0.952393 0.923611 0.030273 0.045370
0 0.969116 0.772454 0.029541 0.036574
0 0.971313 0.647222 0.026123 0.042593
0 0.985596 0.528704 0.020020 0.034259
0 0.989136 0.400694 0.021729 0.040278
0 0.993286 0.259491 0.013428 0.049537
0 0.207397 0.004861 0.008545 0.008796