0 0.191162 0.221759 0.021484 0.029630
0 0.317017 0.190509 0.018799 0.034722
0 0.336182 0.075231 0.013184 0.041204
0 0.199219 0.104861 0.007324 0.024537
0 0.210205 0.007639 0.009277 0.014352
0 0.294189 0.282176 0.020996 0.048611
0 0.175293 0.344676 0.019531 0.033796
0 0.022827 0.075694 0.017822 0.043056
0 0.013794 0.213889 0.023193 0.039815
0 0.271484 0.418056 0.020020 0.036111
0 0.155518 0.457639 0.020996 0.041204
0 0.268799 0.547685 0.018555 0.036111
0 0.138062 0.609722 0.025146 0.034259
0 0.247437 0.677315 0.016357 0.035185
0 0.123535 0.734722 0.025879 0.041667
0 0.239868 0.837037 0.022705 0.038889
0 0.100952 0.841204 0.014404 0.033333
0 0.085327 0.960648 0.028076 0.035185
0 0.461670 0.045139 0.012207 0.038426
0 0.585083 0.015509 0.017822 0.030093
0 0.577759 0.118519 0.015381 0.035185
0 0.468994 0.146991 0.019531 0.045833
0 0.557617 0.247222 0.018066 0.038889
0 0.441162 0.262500 0.017090 0.037963
0 0.562988 0.381250 0.017578 0.035648
0 0.429199 0.388426 0.013672 0.034259
0 0.544678 0.502083 0.014648 0.035648
0 0.424194 0.530093 0.018311 0.036111
0 0.539551 0.613194 0.017090 0.028241
0 0.403442 0.642130 0.020264 0.038889
0 0.516235 0.755093 0.021729 0.036111
0 0.390747 0.781713 0.018311 0.031019
0 0.494385 0.871296 0.016602 0.033333
0 0.385132 0.906019 0.018799 0.038889
0 0.484497 0.995139 0.018311 0.009722
0 0.661987 0.919676 0.021729 0.041204
0 0.787720 0.895139 0.025635 0.041204
0 0.689575 0.816204 0.025146 0.035185
0 0.798462 0.760880 0.026123 0.041204
0 0.822632 0.647454 0.024658 0.043056
0 0.690918 0.653704 0.023438 0.042593
0 0.701416 0.540509 0.007324 0.015278
0 0.822632 0.505556 0.021729 0.037037
0 0.718506 0.420139 0.009766 0.025463
0 0.822510 0.384491 0.018066 0.033796
0 0.849854 0.278704 0.020508 0.040741
0 0.724731 0.306944 0.022217 0.041667
0 0.881348 0.186574 0.016602 0.031481
0 0.744263 0.077315 0.015381 0.025000
0 0.738525 0.160880 0.013184 0.028241
0 0.852661 0.111343 0.019287 0.039352
0 0.871094 0.038657 0.026855 0.044907
0 0.993896 0.260880 0.012207 0.041204
0 0.988403 0.399306 0.023193 0.041204
0 0.985840 0.529630 0.019043 0.034259
0 0.973389 0.650926 0.026367 0.037963
0 0.969238 0.770833 0.027344 0.040741
0 0.953613 0.928472 0.028320 0.043981