0 0.335693 0.387731 0.012207 0.026389
0 0.331543 0.477083 0.013184 0.033796
0 0.322876 0.634259 0.013428 0.029630
0 0.197876 0.610417 0.018799 0.028241
0 0.201294 0.565046 0.015869 0.026389
0 0.209595 0.452546 0.014893 0.027315
0 0.130493 0.513657 0.017334 0.031019
0 0.108887 0.636111 0.019043 0.027778
0 0.101440 0.684722 0.019287 0.028704
0 0.089600 0.734028 0.020508 0.034722
0 0.084839 0.823843 0.020752 0.028241
0 0.243164 0.769907 0.013672 0.023148
0 0.189453 0.671296 0.019043 0.032407
0 0.007446 0.481250 0.013428 0.023611
0 0.340942 0.256713 0.011963 0.019907
0 0.269409 0.390046 0.013916 0.026389
0 0.256592 0.522685 0.016113 0.034259
0 0.222534 0.311574 0.013916 0.029630
0 0.313965 0.839120 0.015137 0.034722
0 0.324341 0.716667 0.015381 0.025926
0 0.383667 0.815046 0.013916 0.029167
0 0.377075 0.751852 0.010986 0.025926
0 0.384277 0.679167 0.013184 0.024074
0 0.387329 0.415046 0.010498 0.024537
0 0.391357 0.323611 0.011230 0.021296
0 0.377686 0.897685 0.014160 0.026852
0 0.463135 0.841204 0.014160 0.027778
0 0.457764 0.771759 0.014160 0.029630
0 0.460449 0.652315 0.012207 0.027778
0 0.458618 0.593056 0.010010 0.026852
0 0.457031 0.546065 0.011230 0.023611
0 0.454956 0.490509 0.011475 0.032870
0 0.461060 0.393981 0.013916 0.032407
0 0.460571 0.349306 0.013916 0.031019
0 0.458374 0.303704 0.011475 0.025000
0 0.451538 0.258565 0.012451 0.026389
0 0.455933 0.208333 0.013428 0.031481
0 0.502686 0.275694 0.012695 0.033796
0 0.504028 0.379167 0.013428 0.028704
0 0.506836 0.456481 0.012695 0.037963
0 0.514404 0.623611 0.015137 0.035185
0 0.519043 0.813657 0.014648 0.027315
0 0.465454 0.909722 0.013916 0.028704
0 0.306519 0.983102 0.015381 0.028241
0 0.223145 0.952083 0.014648 0.027315
0 0.169678 0.862037 0.018555 0.025926
0 0.074097 0.956250 0.022217 0.035648
0 0.597412 0.667130 0.013672 0.031481
0 0.596191 0.730787 0.013184 0.025463
0 0.610352 0.850231 0.013184 0.027315
0 0.616455 0.986574 0.015137 0.026852
0 0.665894 0.881019 0.013428 0.025926
0 0.654053 0.635417 0.013672 0.030093
0 0.636475 0.528704 0.013184 0.029630
0 0.621460 0.414120 0.012939 0.031019
0 0.570801 0.278472 0.011230 0.024537
0 0.578369 0.361806 0.010254 0.022685
0 0.754761 0.922685 0.015381 0.029630
0 0.739380 0.796296 0.015869 0.027778
0 0.793457 0.758102 0.015625 0.030093
0 0.782959 0.693287 0.014160 0.028241
0 0.770874 0.589583 0.015381 0.035648
0 0.728882 0.598843 0.016357 0.031944
0 0.714478 0.566898 0.011475 0.023611
0 0.643799 0.698380 0.012695 0.027315
0 0.658936 0.755324 0.012695 0.028241
0 0.813965 0.938194 0.016602 0.037500
0 0.861816 0.676157 0.016602 0.027315
0 0.857300 0.626157 0.017822 0.028241
0 0.845215 0.561343 0.014160 0.023611
0 0.906738 0.634954 0.020508 0.031944
0 0.871216 0.737731 0.017334 0.031944
0 0.880859 0.791898 0.018555 0.033796
0 0.891602 0.863194 0.016602 0.031944
0 0.973999 0.960417 0.021729 0.031019
0 0.993286 0.712731 0.013428 0.033796
0 0.984741 0.650000 0.017822 0.028704
0 0.867798 0.427546 0.016357 0.031944
0 0.828979 0.456250 0.015869 0.025463
0 0.756348 0.478935 0.014648 0.029167
0 0.760376 0.535648 0.014404 0.028704
0 0.676270 0.198380 0.011230 0.027315
0 0.725342 0.252546 0.013184 0.030093
0 0.787720 0.158333 0.013428 0.029630
0 0.955078 0.528472 0.016602 0.024537
0 0.684692 0.232639 0.011963 0.030093
0 0.620605 0.300231 0.011230 0.026389
0 0.817871 0.361574 0.015625 0.031481
0 0.593750 0.613889 0.012207 0.025926
0 0.590454 0.547685 0.012451 0.029630
0 0.584839 0.498380 0.013428 0.031944
0 0.049438 0.251852 0.014404 0.025926
0 0.062500 0.148611 0.011230 0.019444
0 0.136719 0.417593 0.016113 0.025926
0 0.142334 0.357870 0.017090 0.033333
0 0.076782 0.882176 0.018799 0.027315
0 0.275757 0.285880 0.011963 0.026389
0 0.272583 0.340972 0.013916 0.029167
0 0.315308 0.778935 0.013916 0.022685
0 0.327271 0.545370 0.012451 0.022222
0 0.393433 0.149769 0.012939 0.027315
0 0.520142 0.871528 0.012451 0.029167
0 0.690063 0.324074 0.011475 0.021296
0 0.731079 0.302083 0.012939 0.028241
0 0.628052 0.375694 0.009033 0.026389
0 0.677979 0.157176 0.012695 0.027315
0 0.708130 0.176852 0.010986 0.026852
0 0.916992 0.706944 0.017090 0.030556
0 0.890137 0.535880 0.013672 0.031019
0 0.864624 0.381944 0.010986 0.023148
0 0.824341 0.173148 0.012939 0.029630
0 0.456665 0.147917 0.011963 0.021759
0 0.970703 0.603009 0.012207 0.031019
0 0.230103 0.891204 0.014404 0.025926
0 0.333008 0.585648 0.013184 0.025926
0 0.385254 0.517361 0.012695 0.026389
0 0.503296 0.203704 0.011963 0.030556
0 0.510132 0.574074 0.013916 0.033333
0 0.058716 0.544907 0.016357 0.031481
0 0.075562 0.493750 0.015381 0.020833
0 0.458008 0.986806 0.011719 0.026389
0 0.605713 0.796528 0.013672 0.027315
0 0.612061 0.216898 0.011719 0.030093
0 0.712036 0.134491 0.011963 0.031944
0 0.565063 0.159954 0.011475 0.029167
0 0.623047 0.254167 0.011719 0.025000
0 0.772827 0.090509 0.014404 0.031944
0 0.181519 0.083796 0.014893 0.029630
0 0.802490 0.070602 0.015137 0.028241
0 0.103516 0.252083 0.013672 0.021759
0 0.595093 0.062269 0.011963 0.027315
0 0.702515 0.468750 0.013916 0.027315
0 0.569336 0.052315 0.011230 0.027778
0 0.288208 0.047917 0.013428 0.018056
0 0.352783 0.061343 0.011230 0.025463
0 0.497803 0.098843 0.012695 0.028241
0 0.070923 0.099537 0.010010 0.025926
0 0.394531 0.048611 0.010254 0.025926
0 0.387085 0.273611 0.009521 0.025926
0 0.841919 0.298148 0.012939 0.028704
0 0.601318 0.021296 0.010742 0.024074
0 0.029053 0.783565 0.014648 0.026389
0 0.279785 0.247685 0.010742 0.022222
0 0.338989 0.289583 0.012451 0.026389
0 0.036011 0.302083 0.013916 0.028241
0 0.166748 0.932407 0.020508 0.026852
0 0.222656 0.357639 0.014160 0.026389
0 0.224976 0.272222 0.012451 0.024074
0 0.242554 0.652778 0.017822 0.028704
0 0.283081 0.172222 0.012451 0.022222
0 0.347656 0.156944 0.012207 0.026852
0 0.901367 0.928009 0.017090 0.032870
0 0.917358 0.343750 0.010986 0.028241
0 0.794800 0.810185 0.016846 0.028704
0 0.951050 0.478472 0.011963 0.028241
0 0.239136 0.068056 0.011963 0.020370
0 0.457642 0.010417 0.013916 0.018056
0 0.858643 0.332639 0.013672 0.026389
0 0.977539 0.403935 0.015137 0.030093