0 0.008789 0.036574 0.017090 0.032407
0 0.335571 0.046296 0.023193 0.037963
0 0.267700 0.126157 0.021729 0.043056
0 0.392456 0.010417 0.020752 0.019907
0 0.491455 0.118750 0.023926 0.047685
0 0.424927 0.177083 0.020752 0.039352
0 0.375488 0.258565 0.018555 0.042130
0 0.214844 0.192130 0.024414 0.039815
0 0.159424 0.230324 0.018555 0.029167
0 0.107056 0.288194 0.023193 0.041204
0 0.038086 0.359722 0.028320 0.038889
0 0.312012 0.315509 0.016602 0.027315
0 0.248291 0.408565 0.021484 0.036574
0 0.483154 0.453704 0.015625 0.031481
0 0.426392 0.501852 0.018799 0.035185
0 0.135620 0.500926 0.025635 0.035185
0 0.075806 0.570139 0.029541 0.034722
0 0.366211 0.581019 0.015625 0.038889
0 0.315918 0.651620 0.020020 0.032870
0 0.260986 0.704630 0.020996 0.032407
0 0.203613 0.783333 0.020508 0.034259
0 0.128906 0.871991 0.028320 0.044907
0 0.069092 0.921528 0.021484 0.032870
0 0.019775 0.982407 0.030762 0.029630
0 0.225464 0.985880 0.020264 0.028241
0 0.338257 0.864120 0.019775 0.040278
0 0.282471 0.927546 0.015137 0.018056
0 0.401123 0.781481 0.015137 0.034259
0 0.459229 0.737731 0.016602 0.045833
0 0.528442 0.673611 0.020264 0.032407
0 0.615479 0.911806 0.021484 0.040278
0 0.666016 0.853935 0.009277 0.014352
0 0.726074 0.796991 0.012695 0.022685
0 0.776855 0.729630 0.022949 0.032407
0 0.812866 0.926157 0.020264 0.031019
0 0.767822 0.995602 0.010254 0.008796
0 0.875610 0.891667 0.017822 0.029630
0 0.937866 0.871528 0.024170 0.033796
0 0.947510 0.784722 0.029785 0.037037
0 0.987915 0.754167 0.024170 0.040741
0 0.845215 0.653009 0.015625 0.027315
0 0.881836 0.605787 0.017090 0.035648
0 0.953613 0.545833 0.011719 0.023148
0 0.989990 0.467593 0.020020 0.037963
0 0.634399 0.550463 0.021240 0.031481
0 0.577026 0.605556 0.020752 0.027778
0 0.681885 0.455093 0.023926 0.037037
0 0.746704 0.395833 0.021729 0.033333
0 0.795898 0.326389 0.023926 0.036111
0 0.851074 0.275463 0.024414 0.031481
0 0.542114 0.370370 0.022705 0.023148
0 0.597534 0.301157 0.024170 0.036574
0 0.660645 0.261343 0.024414 0.042130
0 0.908569 0.212037 0.026611 0.030556
0 0.951782 0.177778 0.013428 0.029630
0 0.694702 0.182407 0.014893 0.034259
0 0.771606 0.130787 0.016357 0.036574
0 0.819092 0.060185 0.022949 0.048148
0 0.542358 0.081713 0.017822 0.022685
0 0.598877 0.029167 0.019043 0.028704
0 0.062988 0.004630 0.012207 0.008333